Acquisition Time (ms)	Shunt Voltage (V)	Sample Voltage (V)	Integrated Sample Voltage (V)	
milliseconds	Volts	Volts	Volts	
10277250	0.0066270925	5.0818846E-6	3.8818846E-6
10277500	0.0182763895	3.2928076E-6	5.9746923E-6
10277750	0.0313297156	5.2612407E-6	1.0035933E-5
10278000	0.0430706696	2.9340955E-6	1.17700285E-5
10278250	0.0560951657	6.4360231E-6	1.70060516E-5
10278500	0.0677942961	2.9340955E-6	1.87401471E-5
10278750	0.0803921979	6.0324719E-6	2.3572619E-5
10279000	0.0923527917	3.9878125E-6	2.63604315E-5
10279250	0.1049393581	5.615469E-6	3.07759005E-5
10279500	0.1171354503	4.0730066E-6	3.36489071E-5
10279750	0.1320208698	4.0281676E-6	3.64770747E-5
10280000	0.1419201803	3.8353598E-6	3.91124345E-5
10280250	0.1545089024	5.2433051E-6	4.31557396E-5
10280500	0.1666653204	3.9743608E-6	4.59301004E-5
10280751	0.1793845245	5.709631E-6	5.04397314E-5
10281000	0.191246541	3.0327413E-6	5.22724727E-5
10281250	0.2035124595	3.9788447E-6	5.50513174E-5
10281500	0.2159308573	4.4855256E-6	5.8336843E-5
10281750	0.2282663014	3.6021969E-6	6.07390399E-5
10282000	0.240739074	5.0818846E-6	6.46209246E-5
10282250	0.2530838382	3.3600662E-6	6.67809907E-5
10282500	0.2655570525	4.0909422E-6	6.9671933E-5
10282750	0.2778146668	3.8219081E-6	7.22938411E-5
10283000	0.2903275911	4.7500759E-6	7.5843917E-5
10283250	0.3026932484	5.0460134E-6	7.96899304E-5
10283500	0.3151913311	3.6246164E-6	8.21145468E-5
10283750	0.3274686016	2.6247062E-6	8.3539253E-5
10284006	0.3401370087	3.7546496E-6	8.60939026E-5
10284250	0.3515343877	3.6380681E-6	8.85319707E-5
10284500	0.3643694972	4.8532056E-6	9.21851763E-5
10284750	0.3761770505	3.091032E-6	9.40762083E-5
10285000	0.3891214397	5.8979548E-6	9.87741632E-5
10285250	0.401009473	3.185194E-6	1.007593572E-4
10285500	0.4139082333	5.7455022E-6	1.053048594E-4
10285750	0.4258070003	3.7232623E-6	1.078281216E-4
10286000	0.4386799203	6.1042143E-6	1.12732336E-4
10286250	0.450791902	5.2522729E-6	1.167846089E-4
10286500	0.4634827923	8.5838123E-6	1.241684212E-4
10286750	0.475354924	6.7588641E-6	1.297272853E-4
10287000	0.4882967954	2.23718117E-5	1.508990969E-4
10287250	0.4994647047	5.48128444E-5	2.045119413E-4
10287500	0.5126158154	2.806670003E-4	4.839789416E-4
10287750	0.5242101982	3.341913413E-4	8.16970283E-4
10288000	0.5374091463	3.364019052E-4	0.0011521722
10288250	0.5490309153	3.017503086E-4	0.0014527225
10288500	0.5621538448	2.922534037E-4	0.0017437759
10288750	0.5737584311	2.478358681E-4	0.0019904118
10289000	0.5869752245	2.271650787E-4	0.0022163768
10289250	0.5985451364	1.431681381E-4	0.002358345
10289500	0.611752963	8.1478611E-5	0.0024386236
10289750	0.623401809	4.90017071E-5	0.0024864253
10290000	0.6366186465	6.28345455E-5	0.0025480598
10290250	0.6482486314	4.77058593E-5	0.0025945657
10290500	0.6613215589	6.44935893E-5	0.0026578593
10290750	0.672663768	5.08939138E-5	0.0027075532
10291000	0.6856711895	6.61705688E-5	0.0027725238
10291250	0.6974844409	5.09163333E-5	0.0028222401
10291500	0.7104819681	6.39375855E-5	0.0028849777
10291750	0.7222280351	5.02123607E-5	0.0029339901
10292000	0.7352455719	6.3960005E-5	0.0029967501
10292251	0.7470125318	5.04410397E-5	0.0030459911
10292500	0.760102642	6.33815816E-5	0.0031081727
10292750	0.7717608964	5.08445909E-5	0.0031578173
10293001	0.7844044351	6.56369844E-5	0.0032222543
10293250	0.7963165418	5.27592172E-5	0.0032738135
10293500	0.8090319472	5.90008091E-5	0.0033316143
10293750	0.8210742708	5.40909361E-5	0.0033845052
10294000	0.8338331848	5.78529301E-5	0.0034411582
10294250	0.8458153471	5.48487156E-5	0.0034948069
10294500	0.8586122043	5.83999662E-5	0.0035520068
10294750	0.8706226804	5.43823898E-5	0.0036051892
10295000	0.8834203326	5.65122433E-5	0.0036605015
10295250	0.8953948092	5.40326454E-5	0.0037133341
10295500	0.9081891485	5.76825418E-5	0.0037698167
10295750	0.9201940149	5.48442317E-5	0.0038234609
10296000	0.9330238238	6.15700851E-5	0.003883831
10296250	0.9450488323	5.37860308E-5	0.003936417
10296500	0.9577790792	5.88393886E-5	0.0039940564
10296750	0.9698313413	5.36425459E-5	0.0040464989
10297000	0.9826236488	5.8776614E-5	0.0041040756
10297250	0.9945787342	5.55616561E-5	0.0041584372
10297500	1.0067491	4.65714321E-5	0.0042038086
10297751	1.0191509	5.70861828E-5	0.0042596948
10298000	1.0316032	4.66790457E-5	0.0043051739
10298250	1.0439544	5.79112208E-5	0.0043618851
10298501	1.0564666	4.86474788E-5	0.0044093326
10298750	1.0687301	5.84403213E-5	0.0044665729
10299000	1.0805485	4.86878339E-5	0.0045140607
10299250	1.0932707	5.89918413E-5	0.0045718526
10299500	1.1052968	4.2769083E-5	0.0046134216
10299750	1.1180256	6.06688207E-5	0.0046728905
10300000	1.1300562	4.19305933E-5	0.0047136211
10300250	1.142773	6.02114627E-5	0.0047726325
10300500	1.1548061	4.22041113E-5	0.0048136366
10300750	1.1676064	6.11799856E-5	0.0048736166
10301000	1.1796376	4.30381171E-5	0.0049154547
10301250	1.1923898	6.09871778E-5	0.0049752419
10301500	1.2073427	6.22471543E-5	0.0050362891
10301750	1.217205	6.08885319E-5	0.0050959776
10302000	1.2292519	4.22220469E-5	0.0051369996
10302250	1.2420196	6.08347251E-5	0.0051966344
10302500	1.25403	4.28497932E-5	0.0052382842
10302750	1.2668971	6.00096871E-5	0.0052970939
10303000	1.2781314	4.68584018E-5	0.0053427523
10303250	1.2912555	6.2170928E-5	0.0054037232
10303501	1.30293	4.63651726E-5	0.0054488884
10303750	1.3160051	6.2628286E-5	0.0055103166
10304000	1.3277901	4.64010438E-5	0.0055555177
10304250	1.3408741	6.20947016E-5	0.0056164124
10304500	1.3525945	4.67418204E-5	0.0056619542
10304750	1.365699	6.26865767E-5	0.0057234408
10305000	1.3773664	4.24148547E-5	0.0057646556
10305250	1.3902072	6.14131485E-5	0.0058248688
10305500	1.4017182	5.01675217E-5	0.0058738363
10305750	1.4148726	6.40362313E-5	0.0059366725
10306000	1.4265315	5.02213285E-5	0.0059856939
10306250	1.4396859	6.42649103E-5	0.0060487588
10306500	1.4513595	4.94321617E-5	0.0060969909
10306750	1.4645273	6.28928362E-5	0.0061586838
10307000	1.4761483	4.81721852E-5	0.006205656
10307500	1.4788426	-4.33441782E-5	0.0061611118
10307750	1.4657118	-6.03695163E-5	0.0060995423
10308000	1.4541202	-4.88817849E-5	0.0060494605
10308250	1.4410014	-5.59125276E-5	0.005992348
10308500	1.4293087	-4.96261109E-5	0.0059415218
10308750	1.4167067	-5.64909497E-5	0.0058838309
10309000	1.4047448	-5.04601149E-5	0.0058321708
10309250	1.391876	-5.87732508E-5	0.0057721975
10309500	1.3799342	-4.98099505E-5	0.0057211876
10309750	1.367015	-5.87284118E-5	0.0056612592
10310000	1.3551213	-4.99265317E-5	0.0056101326
10310250	1.3421741	-5.84593783E-5	0.0055504733
10310500	1.3303334	-4.96844015E-5	0.0054995889
10310750	1.3174182	-5.86477018E-5	0.0054397412
10311000	1.3054871	-4.98906606E-5	0.0053886505
10311250	1.2925737	-5.89750259E-5	0.0053284755
10311500	1.2806917	-5.03973404E-5	0.0052768781
10311750	1.2677435	-5.95758675E-5	0.0052161023
10312000	1.2558436	-4.89804305E-5	0.0051659218
10312251	1.242838	-4.66981294E-5	0.0051180237
10312500	1.2313181	-5.30697401E-5	0.005063754
10312750	1.2187201	-4.7464875E-5	0.0050150891
10313000	1.2065533	-5.42534876E-5	0.0049596356
10313250	1.1939478	-4.80567487E-5	0.0049103788
10313500	1.1816964	-5.32894508E-5	0.0048558894
10313750	1.1692155	-4.70344213E-5	0.004807655
10314000	1.1569361	-5.42579715E-5	0.004752197
10314250	1.1443327	-4.7877393E-5	0.0047031196
10314500	1.132117	-5.41279386E-5	0.0046477917
10314750	1.1195564	-4.80253615E-5	0.0045985663
10315000	1.1072916	-5.3652646E-5	0.0045437137
10315250	1.0954848	-3.96225477E-5	0.0045028911
10315500	1.0828013	-5.58363015E-5	0.0044458548
10315750	1.0706323	-3.96090961E-5	0.0044050457
10316000	1.0580165	-5.72621791E-5	0.0043465835
10316250	1.045897	-4.07031657E-5	0.0043046804
10316500	1.03318	-5.69214033E-5	0.004246559
10316750	1.0208805	-4.05551973E-5	0.0042048038
10317000	1.0083943	-5.64461108E-5	0.0041471577
10317250	0.9945951659	-5.0038629E-5	0.004095919
10317500	0.9836064153	-5.54506867E-5	0.0040392683
10317750	0.9713796325	-4.11694905E-5	0.0039968989
10318000	0.9587337527	-5.61008511E-5	0.003939598
10318250	0.9465803826	-4.07435208E-5	0.0038976545
10318500	0.9339233716	-5.56793652E-5	0.0038407751
10318750	0.9219048563	-4.17837837E-5	0.0037977913
10319000	0.9094516516	-5.79616663E-5	0.0037386297
10319250	0.8975679912	-4.15730408E-5	0.0036958566
10319500	0.8847310707	-5.77778267E-5	0.0036368788
10319750	0.8729433061	-4.15057824E-5	0.003594173
10320000	0.8599202038	-5.92754467E-5	0.0035336976
10320250	0.8481915403	-4.1147071E-5	0.0034913505
10320500	0.8351039479	-5.90378004E-5	0.0034311127
10320750	0.8234195882	-4.14699113E-5	0.0033884428
10321000	0.8103395933	-5.8141022E-5	0.0033291018
10321250	0.7985246634	-4.19452038E-5	0.0032859566
10321500	0.7855494868	-5.91229944E-5	0.0032256336
10321750	0.7738152578	-4.07524885E-5	0.0031836811
10322000	0.7612195566	-5.9468254E-5	0.0031230128
10322250	0.7496512348	-4.4886637E-5	0.0030769262
10322500	0.7364953536	-6.04726459E-5	0.0030152535
10322750	0.724894301	-4.60300295E-5	0.0029680235
10323000	0.7116656697	-6.11093585E-5	0.0029057142
10323250	0.7000437682	-4.46579585E-5	0.0028598562
10323500	0.6869087359	-6.154878E-5	0.0027971074
10323751	0.675179189	-4.42768277E-5	0.0027516306
10324000	0.662214216	-6.08986156E-5	0.002689532
10324250	0.650480517	-4.54560913E-5	0.0026428759
10324500	0.6372610734	-5.61501739E-5	0.0025855257
10324750	0.6259580001	-4.71420347E-5	0.0025371837
10325000	0.6129972675	-5.80289247E-5	0.0024779548
10325251	0.6012065876	-4.88817849E-5	0.002427873
10325500	0.5882608291	-5.99794177E-5	0.0023666935
10325750	0.5763559665	-4.74290038E-5	0.0023180645
10326000	0.5634206325	-5.97552231E-5	0.0022571093
10326250	0.5516086178	-4.82181688E-5	0.0022076912
10326500	0.538672047	-5.94189312E-5	0.0021470722
10326750	0.5268399786	-1.282959973E-4	0.0020175762
10327000	0.5138646695	-6.25262684E-5	0.00195385
10327250	0.5023410049	-4.24294642E-5	0.0019102205
10327500	0.4893942305	-3.38697142E-5	0.0018751508
10327750	0.4775228055	-2.95382745E-5	0.0018444125
10328000	0.4648637627	-3.570811E-5	0.0018075044
10328250	0.452708449	-3.72774722E-5	0.0017690269
10328500	0.4400958744	-3.886477E-5	0.0017289622
10328750	0.4279542096	-4.27209172E-5	0.0016850412
10329000	0.4152675156	-4.74021005E-5	0.0016364391
10329251	0.4031744392	-5.05901477E-5	0.001584649
10329500	0.390521227	-5.56748813E-5	0.0015277741
10329750	0.3783955964	-5.63833363E-5	0.0014701908
10330000	0.3656796169	-5.63833363E-5	0.0014126074
10330250	0.3535698438	-5.91633494E-5	0.0013522441
10330500	0.3409341676	-6.37772743E-5	0.0012872668
10330750	0.3288006303	-6.27908181E-5	0.001223276
10331000	0.3160988739	-6.62478989E-5	0.0011558281
10331250	0.3040509847	-6.39386944E-5	0.0010906894
10331500	0.2913067355	-6.5494605E-5	0.0010239948
10331750	0.2792965244	-5.88853481E-5	9.639094E-4
10332000	0.2670846273	-5.98718043E-5	9.028376E-4
10332251	0.2547419833	-5.99345788E-5	8.417031E-4
10332500	0.2424342346	-5.63609168E-5	7.841421E-4
10332750	0.2299483431	-5.31997729E-5	7.297423716E-4
10333000	0.2176728394	-5.06484383E-5	6.778939333E-4
10333251	0.2051925136	-4.90611405E-5	6.276327927E-4
10333500	0.1927593626	-4.83975245E-5	5.780352682E-4
10333750	0.1803886698	-4.23173669E-5	5.345179013E-4
10334000	0.1680420946	-3.89096089E-5	4.944082924E-4
10334250	0.1555761685	-3.80621533E-5	4.551461391E-4
10334500	0.1432828638	-3.48516866E-5	4.190944525E-4
10334750	0.1308053207	-3.40266504E-5	3.838678021E-4
10335000	0.1184208465	-3.19595762E-5	3.507082259E-4
10335250	0.1059908759	-2.8520431E-5	3.209877949E-4
10335500	0.0922717235	-2.59242575E-5	2.938635375E-4
10335750	0.0812749764	-2.28752109E-5	2.697883266E-4
10336000	0.0695729853	-1.97454542E-5	2.488428724E-4
10336250	0.0568402397	-1.92208388E-5	2.284220336E-4
10336500	0.0450447188	-1.62390506E-5	2.10982983E-4
10336750	0.0320994895	-1.71582485E-5	1.926247345E-4
10337000	0.0203153263	-1.33917791E-5	1.780329554E-4
10337250	0.0073417095	-1.48042051E-5	1.620287503E-4
