Acquisition Time (ms)	Shunt Voltage (V)	Sample Voltage (V)	Integrated Sample Voltage (V)	
milliseconds	Volts	Volts	Volts	
5192500	0.0022998375	5.8172446E-6	5.0772446E-6
5192750	0.0134885565	3.2210652E-6	7.5583098E-6
5193000	0.0265999895	5.5616622E-6	1.2379972E-5
5193250	0.0381543711	3.1224194E-6	1.47623913E-5
5193501	0.0509684709	4.1851042E-6	1.82074955E-5
5193750	0.0630988934	3.8084564E-6	2.12759519E-5
5194000	0.0758924367	6.6916055E-6	2.72275575E-5
5194250	0.088090223	5.88707759E-5	8.53583334E-5
5194500	0.1008501403	1.523287503E-4	2.369470837E-4
5194750	0.1130260516	1.25192174E-4	3.613992577E-4
5195000	0.1280094122	7.32327148E-5	4.338919725E-4
5195250	0.1379787341	5.56333985E-5	4.88785371E-4
5195500	0.1508313354	4.5244197E-5	5.33289568E-4
5195750	0.1626447635	5.73462492E-5	5.898958172E-4
5196000	0.1750231421	4.57060389E-5	6.348618562E-4
5196250	0.1876328014	5.83102881E-5	6.924321443E-4
5196500	0.2000780995	4.65669482E-5	7.382590925E-4
5196750	0.2126341349	5.72117321E-5	7.947308246E-4
5197000	0.2250062412	4.61499453E-5	8.401407698E-4
5197250	0.2375474792	5.77767038E-5	8.971774736E-4
5197501	0.2500300578	4.59033306E-5	9.423408043E-4
5197750	0.2625386091	5.8364095E-5	9.999649E-4
5198000	0.274963235	4.77551823E-5	0.0010469801
5198251	0.2875056215	5.72520872E-5	0.0011034922
5198500	0.2999265812	4.1298363E-5	0.0011440505
5198750	0.3121282305	6.06239817E-5	0.0012039345
5199000	0.3240579616	4.39662849E-5	0.0012471608
5199250	0.3371163568	6.05298198E-5	0.0013069506
5199500	0.3490400364	4.3549282E-5	0.0013497599
5199750	0.3620388887	6.12831153E-5	0.001410303
5200000	0.3740295319	4.32040215E-5	0.001452767
5200250	0.3869308983	6.12651797E-5	0.0015132922
5200500	0.3989748562	4.35447981E-5	0.001556097
5200750	0.4119972077	6.16507953E-5	0.0016170078
5201000	0.4239113904	4.44998692E-5	0.0016607677
5201250	0.4369334327	6.06150139E-5	0.0017206427
5201500	0.4487793267	4.437432E-5	0.001764277
5201750	0.4619277429	6.05253359E-5	0.0018240623
5202000	0.473929959	4.41501249E-5	0.0018674725
5202250	0.4868717863	6.10768558E-5	0.0019278093
5202500	0.4988379586	4.37286381E-5	0.001970798
5202750	0.5118316871	6.05387876E-5	0.0020305968
5203000	0.5232810998	4.5611877E-5	0.0020754686
5203250	0.5364026599	6.20543465E-5	0.002136783
5203500	0.5480765952	4.79748935E-5	0.0021840179
5203750	0.561335042	6.36147445E-5	0.0022468926
5204000	0.5730697128	4.68359823E-5	0.0022929886
5204250	0.5863470649	6.29869982E-5	0.0023552356
5204500	0.5981237425	4.73157598E-5	0.0024018114
5204750	0.6112608951	6.28704167E-5	0.0024639418
5205000	0.6228386695	4.86609305E-5	0.0025118627
5205250	0.6358649522	6.33950333E-5	0.0025745177
5205500	0.6475526689	5.05934924E-5	0.0026243712
5205750	0.6607591704	6.42649103E-5	0.0026878961
5206000	0.6725284714	5.04589753E-5	0.0027376151
5206250	0.6857237975	6.4740204E-5	0.0028016153
5206500	0.6975404943	5.08042358E-5	0.0028516796
5206750	0.7107264561	6.34353884E-5	0.0029143749
5207000	0.7224893523	5.0656267E-5	0.0029642912
5207251	0.7357232841	6.34667757E-5	0.003027018
5207500	0.7474754908	4.97011958E-5	0.0030759792
5207750	0.7606639262	6.33905494E-5	0.0031386297
5208000	0.7724010264	4.96653246E-5	0.0031875551
5208250	0.7855807601	6.33412265E-5	0.0032501563
5208500	0.7973755479	4.93469676E-5	0.0032987633
5208750	0.8105126121	5.68709555E-5	0.0033548942
5209000	0.8220557563	5.37680952E-5	0.0034079223
5209250	0.8349377756	6.00679778E-5	0.0034672503
5209500	0.8470037308	5.33600601E-5	0.0035198703
5209750	0.8599007242	5.95657808E-5	0.0035786961
5210000	0.8719414577	5.34407703E-5	0.0036313969
5210250	0.8848346524	5.92205203E-5	0.0036898774
5210500	0.8968963671	5.35439001E-5	0.0037426813
5210751	0.9098833374	4.5979557E-5	0.0037879209
5211000	0.9218698727	5.49204581E-5	0.0038421013
5211250	0.9346528159	4.60019765E-5	0.0038873633
5211500	0.9466269391	5.67767936E-5	0.0039434001
5211750	0.9591611539	4.79210867E-5	0.0039905812
5212000	0.9715795516	5.73910882E-5	0.0040472323
5212250	0.9841056831	4.81318301E-5	0.0040946241
5212500	0.9965234183	5.72296677E-5	0.0041511138
5212750	1.0090949	4.69301443E-5	0.0041973039
5213000	1.0215377	5.63866941E-5	0.0042529506
5213250	1.034193	5.0382749E-5	0.0043025934
5213501	1.0465468	5.7171377E-5	0.0043590247
5213750	1.0590883	4.905103E-5	0.0044073358
5214000	1.0715127	5.78349945E-5	0.0044644308
5214250	1.0840965	4.88851256E-5	0.0045125759
5214500	1.0964683	5.68306004E-5	0.0045686665
5214750	1.1090351	4.88358027E-5	0.0046167623
5215000	1.1214921	5.69471819E-5	0.0046729695
5215250	1.1333834	4.12759435E-5	0.0047135054
5215500	1.1463802	5.93819408E-5	0.0047721474
5215750	1.1583235	4.34730556E-5	0.0048148804
5216000	1.1710834	5.98482666E-5	0.0048739887
5216250	1.1832644	4.308744E-5	0.0049163361
5216500	1.1960513	6.09019836E-5	0.0049764981
5216750	1.2111846	6.34174528E-5	0.0050391756
5217000	1.2211529	5.93326179E-5	0.0050977682
5217250	1.2325846	4.4742E-5	0.0051417702
5217500	1.2456798	6.20364109E-5	0.0052030666
5217750	1.2573792	4.66521423E-5	0.0052489787
5218000	1.2706347	6.22650899E-5	0.0053105038
5218250	1.2824135	4.65221092E-5	0.0053562859
5218500	1.2956579	6.31663543E-5	0.0054187123
5218750	1.3073756	4.65176253E-5	0.0054644899
5219000	1.3206044	6.20722821E-5	0.0055258222
5219250	1.3325025	4.40335434E-5	0.0055691157
5219500	1.3451704	6.34398723E-5	0.0056318156
5219750	1.3570432	4.94366456E-5	0.0056805122
5220000	1.3701994	6.33726138E-5	0.0057431449
5220250	1.3818396	4.95039041E-5	0.0057919088
5220500	1.3951984	6.46146547E-5	0.0058557834
5220750	1.4068489	4.92976446E-5	0.0059043411
5221000	1.4201423	6.45698157E-5	0.0059681709
5221250	1.4318947	5.01854573E-5	0.0060176163
5221501	1.4451743	6.38613591E-5	0.0060807377
5221750	1.4568457	4.93469676E-5	0.0061293447
5222000	1.4702206	6.42738781E-5	0.0061928785
5222251	1.4818501	4.99791978E-5	0.0062421177
5222500	1.4951578	3.33573722E-5	0.0062747351
5222750	1.4942312	-3.60668213E-5	0.0062379283
5223000	1.4817347	-5.77150522E-5	0.0061794732
5223250	1.469862	-5.07739873E-5	0.0061279592
5223500	1.456851	-5.91498977E-5	0.0060680694
5223750	1.444866	-5.02000491E-5	0.0060171293
5224000	1.4318832	-5.8930187E-5	0.0059574591
5224250	1.4199031	-5.066189E-5	0.0059060572
5224500	1.4068502	-6.01408379E-5	0.0058451764
5224750	1.3949022	-5.01596941E-5	0.0057942767
5225000	1.3818355	-5.95893191E-5	0.0057339474
5225250	1.3699129	-5.11954732E-5	0.0056820119
5225500	1.3574668	-4.85813641E-5	0.0056326905
5225750	1.3452194	-5.2657222E-5	0.0055792933
5226000	1.3325551	-4.90656244E-5	0.0055294877
5226250	1.3201941	-5.26751576E-5	0.0054760725
5226500	1.3075556	-4.89355916E-5	0.0054263969
5226750	1.2952066	-5.50112653E-5	0.0053706457
5227000	1.2824709	-4.95140136E-5	0.0053203917
5227250	1.2702053	-5.40382607E-5	0.0052656134
5227500	1.2581499	-4.02278732E-5	0.0052246455
5227750	1.2452704	-5.5522429E-5	0.0051683831
5228000	1.2331833	-4.13712656E-5	0.0051262718
5228250	1.22058	-5.70873074E-5	0.0050684445
5228500	1.2082863	-4.10708449E-5	0.0050266337
5228751	1.1955524	-5.66658215E-5	0.0049692279
5229000	1.1832306	-4.55412853E-5	0.0049229466
5229250	1.1705689	-5.65537242E-5	0.0048656528
5229500	1.158216	-4.2559497E-5	0.0048223534
5229750	1.1458719	-5.78585368E-5	0.0047637548
5230000	1.1334828	-4.17075576E-5	0.0047213073
5230251	1.1209873	-5.86970246E-5	0.0046618702
5230500	1.1091306	-4.15864925E-5	0.0046195437
5230750	1.0959798	-5.93158017E-5	0.0045594879
5231000	1.0841226	-4.16941059E-5	0.0045170538
5231250	1.0709825	-6.01094506E-5	0.0044562044
5231500	1.0590358	-4.29675312E-5	0.0044124969
5231750	1.0460226	-5.9347189E-5	0.0043524097
5232001	1.034112	-4.23308185E-5	0.0043093388
5232250	1.0209857	-5.82306998E-5	0.0042503681
5232500	1.0092118	-4.285095E-5	0.0042067772
5232750	0.9952265499	-5.63564329E-5	0.0041496808
5233000	0.9839737877	-4.16223636E-5	0.0041073184
5233250	0.9710290451	-5.90647038E-5	0.0040475137
5233500	0.9595922654	-4.47252169E-5	0.0040020485
5233750	0.9465327659	-6.11900686E-5	0.0039401184
5234001	0.9347798966	-4.54516074E-5	0.0038939268
5234251	0.9214698577	-6.10600357E-5	0.0038321268
5234500	0.9098290951	-4.6299063E-5	0.0037850877
5234750	0.8965327493	-6.07730666E-5	0.0037235746
5235000	0.8848220635	-4.51870578E-5	0.0036776476
5235250	0.8715568143	-6.09703579E-5	0.0036159372
5235500	0.8598713503	-4.57161571E-5	0.0035694811
5235750	0.8466002263	-6.08044539E-5	0.0035079366
5236000	0.8348834891	-4.47386686E-5	0.0034624579
5236250	0.8216045026	-6.20375242E-5	0.0033996804
5236500	0.8100401563	-4.68460979E-5	0.0033520943
5236750	0.7972070787	-6.13649404E-5	0.0032899894
5237000	0.7853255827	-4.93122385E-5	0.0032399371
5237250	0.772229421	-6.00735795E-5	0.0031791236
5237500	0.7603980152	-4.87383003E-5	0.0031296453
5237750	0.7472843176	-6.04771298E-5	0.0030684281
5238000	0.7354020265	-4.88100426E-5	0.0030188781
5238250	0.722332986	-6.07775505E-5	0.0029573605
5238500	0.7104150045	-4.9043205E-5	0.0029075773
5238750	0.6972926493	-5.94996413E-5	0.0028473377
5239000	0.6854716679	-4.85992997E-5	0.0027979984
5239250	0.6723440563	-6.06923566E-5	0.002736566
5239500	0.6604752375	-4.83661373E-5	0.0026874599
5239750	0.6473995713	-5.95399963E-5	0.0026271799
5240000	0.6355336236	-4.81553943E-5	0.0025782845
5240250	0.6223773448	-4.83885567E-5	0.0025291559
5240500	0.6105911262	-4.91508184E-5	0.0024792651
5240750	0.5974504841	-4.87965909E-5	0.0024297285
5241000	0.585619255	-5.04421793E-5	0.0023785464
5241250	0.5730567706	-5.25675441E-5	0.0023252388
5241500	0.5608980557	-5.35181293E-5	0.0022709807
5241750	0.5480348533	-5.31056112E-5	0.0022171351
5242001	0.5358337782	-5.36078071E-5	0.0021627873
5242250	0.5226362435	-5.01058874E-5	0.0021119414
5242500	0.5109770173	-5.18321858E-5	0.0020593692
5242750	0.4981275963	-5.48677808E-5	0.0020037614
5243000	0.485971355	-5.29307394E-5	0.0019500907
5243250	0.473172201	-5.29666105E-5	0.0018963841
5243500	0.4609783699	-5.34822581E-5	0.0018421618
5243750	0.4481924231	-5.27065448E-5	0.0017887153
5244000	0.4360375069	-5.27513837E-5	0.0017352239
5244250	0.4232537687	-5.21864133E-5	0.0016822975
5244500	0.411089444	-5.21370905E-5	0.0016294204
5244750	0.3982251815	-5.53430733E-5	0.0015733373
5245000	0.3861117864	-5.37826789E-5	0.0015188146
5245250	0.3739877459	-5.67599832E-5	0.0014613146
5245500	0.3614018949	-5.45449405E-5	0.0014060297
5245750	0.3490841635	-4.22142374E-5	0.0013630755
5246000	0.3364970315	-5.54327512E-5	0.0013069027
5246250	0.3240098149	-4.43530539E-5	0.0012618097
5246500	0.3115635451	-5.52847827E-5	0.0012057849
5246750	0.2990810107	-4.41243754E-5	0.0011609205
5247000	0.28662626	-5.59214954E-5	0.001104259
5247250	0.2741602014	-4.29809829E-5	0.001060538
5247500	0.2616035918	-5.54058478E-5	0.0010043922
5247750	0.2491493711	-4.50570249E-5	9.585951E-4
5248000	0.2366867579	-5.5522429E-5	9.023327E-4
5248250	0.2241172061	-4.43934089E-5	8.571993E-4
5248501	0.2116531353	-5.46166828E-5	8.018426264E-4
5248750	0.1991752388	-4.39270841E-5	7.571755423E-4
5249000	0.1867405419	-5.57421397E-5	7.006934025E-4
5249250	0.1742269551	-3.81069922E-5	6.618464103E-4
5249500	0.1620582575	-5.76926328E-5	6.034137775E-4
5249750	0.1500145204	-4.02996154E-5	5.623741621E-4
5250000	0.1371494186	-5.89257031E-5	5.02708459E-4
5250250	0.12511456	-4.13533301E-5	4.606151289E-4
5250500	0.1121654003	-5.81096347E-5	4.017654942E-4
5250750	0.1001062475	-4.20393656E-5	3.589861286E-4
5251000	0.0865082929	-2.76550398E-5	3.305910888E-4
5251250	0.0751442697	-1.8050543E-5	3.118005458E-4
5251500	0.0622261719	-1.81178014E-5	2.929427444E-4
5251751	0.0501912906	-1.97813253E-5	2.724214191E-4
5252000	0.0376047376	-2.19246257E-5	2.497567934E-4
5252250	0.026039633	-2.51978669E-5	2.238189264E-4
5252500	0.0127670963	-3.04798918E-5	1.925990346E-4
5252750	0.0013136107	-2.48257039E-5	--
