Acquisition Time (ms)	Shunt Voltage (V)	Sample Voltage (V)	Integrated Sample Voltage (V)	
milliseconds	Volts	Volts	Volts	
11855250	0.012840767	4.0774905E-6	3.8274905E-6
11855500	0.0251656868	4.0595549E-6	7.6370455E-6
11855750	0.0375435957	3.8488115E-6	1.1235857E-5
11856000	0.0498817862	4.8442378E-6	1.58300948E-5
11856250	0.0622381821	3.871231E-6	1.94513258E-5
11856500	0.0745770431	4.5079452E-6	2.3709271E-5
11856750	0.08698814	4.6245266E-6	2.80837976E-5
11857001	0.0994844842	4.6917851E-6	3.25255827E-5
11857250	0.11174415	4.8442378E-6	3.71198206E-5
11857500	0.1266248197	4.9159803E-6	4.17858008E-5
11857750	0.1365115414	4.9966905E-6	4.65324913E-5
11858000	0.148848399	4.606591E-6	5.08890823E-5
11858250	0.1611861842	4.0730066E-6	5.47120889E-5
11858500	0.1735825847	3.9295218E-6	5.83916107E-5
11858750	0.1859942242	4.0191998E-6	6.21608105E-5
11859000	0.1977907789	2.8533852E-6	6.47641957E-5
11859250	0.2103429272	4.9070125E-6	6.94212082E-5
11859500	0.2222353777	3.1717423E-6	7.23429505E-5
11859750	0.2351284399	4.8576895E-6	7.695064E-5
11860000	0.2469424422	3.7860369E-6	8.04866769E-5
11860250	0.2598415117	4.83527E-6	8.50719469E-5
11860500	0.2717871885	3.3197111E-6	8.8141658E-5
11860750	0.284612757	4.0685227E-6	9.19601807E-5
11861000	0.2964548523	2.588835E-6	9.42990157E-5
11861250	0.3093351048	4.9070125E-6	9.89560281E-5
11861500	0.3211365183	2.9296116E-6	1.016356397E-4
11861750	0.3341338688	4.3061696E-6	1.056918092E-4
11862000	0.3459944718	2.4677696E-6	1.079095789E-4
11862250	0.3588289187	5.0056583E-6	1.126652372E-4
11862500	0.3701604383	3.3466145E-6	1.157618516E-4
11862750	0.3831256763	4.7186886E-6	1.202305402E-4
11863000	0.3946688205	3.3914535E-6	1.233719937E-4
11863250	0.4078669736	5.1984661E-6	1.283204598E-4
11863500	0.4194428044	3.687391E-6	1.317578508E-4
11863750	0.432615294	5.57063E-6	1.370784808E-4
11864000	0.4441835716	3.3017754E-6	1.401302563E-4
11864250	0.4572989036	6.3373773E-6	1.462176335E-4
11864500	0.4685696435	3.7681013E-6	1.497357348E-4
11864750	0.481606969	6.718509E-6	1.562042438E-4
11865000	0.4930039063	4.4362027E-6	1.603904465E-4
11865250	0.5057768226	6.6108953E-6	1.667513418E-4
11865500	0.5177590733	5.1625949E-6	1.716639367E-4
11865750	0.5305677683	6.7050572E-6	1.781189939E-4
11866000	0.5424957767	5.2208856E-6	1.830898795E-4
11866250	0.5553936094	7.081705E-6	1.899215846E-4
11866500	0.5672579669	5.0998202E-6	1.947714048E-4
11866751	0.5800279679	7.727387E-6	2.022487918E-4
11867000	0.5919722313	4.8666573E-6	2.068654491E-4
11867250	0.604759415	8.0322923E-6	2.146477414E-4
11867500	0.6167049152	5.6199529E-6	2.200176943E-4
11867750	0.6294485018	8.6690064E-6	2.284367007E-4
11868000	0.64147086	6.6108953E-6	2.34797596E-4
11868250	0.6536556801	7.5973538E-6	2.421449498E-4
11868500	0.6658988946	1.04087605E-5	2.523037103E-4
11868750	0.6783517017	1.08033439E-5	2.628570542E-4
11869000	0.6906964218	1.84304616E-5	2.810375158E-4
11869250	0.7030212207	3.50074482E-5	3.15794964E-4
11869500	0.7153997759	1.212194366E-4	4.367644006E-4
11869750	0.7278506396	2.911234603E-4	7.27637861E-4
11870000	0.7398290915	4.018354906E-4	0.0011292234
11870250	0.7518155385	3.837563967E-4	0.0015127297
11870500	0.7645092999	3.699639134E-4	0.0018824437
11870750	0.7765428334	3.283263972E-4	0.0022105201
11871000	0.7892547934	3.17511225E-4	0.0025277813
11871250	0.8012103204	2.701926047E-4	0.0027977239
11871500	0.8139663633	2.555033409E-4	0.0030529772
11871750	0.8259555047	1.870386376E-4	0.0032397659
11872000	0.8387132261	1.070458216E-4	0.0033465617
11872250	0.8506820046	4.80062808E-5	0.003394318
11872500	0.8634334978	6.10499524E-5	0.0034551179
11872750	0.8754910605	4.34461522E-5	0.0034983141
11873000	0.8878119281	6.29869982E-5	0.0035610511
11873250	0.8994324161	4.74771803E-5	0.0036082783
11873500	0.9125441261	6.26148343E-5	0.0036706431
11873750	0.9241714165	4.71139842E-5	0.0037175071
11874000	0.9373354693	6.22337026E-5	0.0037794908
11874250	0.9489415133	4.72305657E-5	0.0038264713
11874500	0.9620721727	6.33457104E-5	0.003889567
11874750	0.9737692537	4.64279472E-5	0.003935745
11875000	0.9867896175	6.31573865E-5	0.0039986524
11875250	0.9984751698	4.69929189E-5	0.0040453953
11875500	1.011579	6.3269484E-5	0.0041084148
11875750	1.0231564	4.6531077E-5	0.0041546959
11876000	1.0359434	6.43411367E-5	0.004218787
11876250	1.0473073	5.28488952E-5	0.0042713859
11876500	1.0601557	6.12248246E-5	0.0043323607
11876750	1.0720387	5.33241889E-5	0.0043854349
11877000	1.0849441	6.22919933E-5	0.0044474769
11877250	1.0967897	5.44272288E-5	0.0045016541
11877500	1.1091029	4.8364993E-5	0.0045497691
11877750	1.1212578	5.85748384E-5	0.004608094
11878000	1.1337876	4.97056797E-5	0.0046575496
11878250	1.146002	5.65032755E-5	0.0047138029
11878500	1.158532	5.17503392E-5	0.0047653033
11878750	1.1707239	5.57858512E-5	0.0048208391
11879000	1.1832138	4.92752251E-5	0.0048698643
11879250	1.1955068	5.73686687E-5	0.004926983
11879500	1.2104197	6.0014171E-5	0.0049867472
11879750	1.2202428	5.67633419E-5	0.0050432605
11880000	1.2327779	5.12481421E-5	0.0050942587
11880250	1.244742	5.71937965E-5	0.0051512025
11880500	1.2575962	4.07871982E-5	0.0051917397
11880750	1.2694729	5.96106198E-5	0.0052511003
11881001	1.2817991	4.26166303E-5	0.0052934669
11881250	1.294235	5.76915096E-5	0.0053509084
11881500	1.3062966	4.35717015E-5	0.0053942301
11881750	1.3189766	6.02204305E-5	0.0054542005
11882000	1.3310752	4.26255981E-5	0.0054965761
11882250	1.3437649	5.84044501E-5	0.0055547306
11882500	1.355945	4.44953853E-5	0.005598976
11882750	1.3685341	5.90321964E-5	0.0056577582
11883000	1.3807481	4.327128E-5	0.0057007795
11883250	1.3932869	5.93998764E-5	0.0057599293
11883500	1.4054451	4.37107024E-5	0.00580339
11883750	1.4181158	5.95478452E-5	0.0058626879
11884000	1.4302598	4.32847317E-5	0.0059057226
11884250	1.4428787	5.97002978E-5	0.0059651729
11884500	1.4550023	4.32667961E-5	0.0060081897
11884750	1.4676225	6.01486881E-5	0.0060680884
11885000	1.4798472	4.22220469E-5	0.0061100604
11885250	1.4813311	-4.25281098E-5	0.0060672823
11885500	1.4697337	-3.64793394E-5	0.006030553
11885750	1.4574017	-5.54058478E-5	0.0059748971
11886000	1.445786	-4.16133958E-5	0.0059330337
11886250	1.4326904	-5.83562488E-5	0.0058744275
11886500	1.4210137	-4.17882676E-5	0.0058323892
11886750	1.4079359	-5.6934855E-5	0.0057752044
11887000	1.3961759	-4.2644691E-5	0.0057323097
11887250	1.383156	-5.89570903E-5	0.0056731026
11887500	1.3715006	-4.01830342E-5	0.0056326696
11887750	1.358463	-5.88136058E-5	0.005573606
11888000	1.3467622	-4.27164333E-5	0.0055306395
11888250	1.3336136	-5.91992205E-5	0.0054711903
11888500	1.3219119	-4.22770118E-5	0.0054286633
11888750	1.3088461	-5.85669917E-5	0.0053698463
11889000	1.2970964	-4.15685569E-5	0.0053280277
11889250	1.2840622	-5.87867024E-5	0.005268991
11889501	1.2728791	-4.32231131E-5	0.0052255179
11889750	1.2597951	-6.00959989E-5	0.0051651719
11890000	1.2481865	-4.51467028E-5	0.0051197752
11890250	1.2349849	-6.11900686E-5	0.0050583352
11890500	1.2234169	-4.40795365E-5	0.0050140056
11890750	1.2102852	-5.99480305E-5	0.0049538076
11891000	1.1987163	-4.51556706E-5	0.0049084019
11891250	1.1855173	-6.03381291E-5	0.0048478138
11891500	1.1739301	-4.44203123E-5	0.0048031435
11891750	1.1607134	-6.06609693E-5	0.0047422325
11892000	1.1491944	-4.59717389E-5	0.0046960108
11892250	1.1360622	-5.95444802E-5	0.0046362163
11892500	1.124447	-4.61914496E-5	0.0045897748
11892750	1.1116966	-5.63250457E-5	0.0045331998
11893001	1.0998684	-4.66219033E-5	0.0044863279
11893250	1.0869702	-6.38490166E-5	0.0044222289
11893500	1.0751652	-4.78146186E-5	0.0043741643
11893750	1.0618036	-6.14546182E-5	0.0043124596
11894000	1.0503639	-4.80612326E-5	0.0042641484
11894250	1.0374349	-5.89032836E-5	0.0042049951
11894500	1.0256878	-4.84916863E-5	0.0041562534
11894750	1.0126425	-5.96251903E-5	0.0040963782
11895000	1.0009074	-5.06080833E-5	0.0040455202
11895250	0.9872473643	-5.71500818E-5	0.0039881201
11895501	0.9764199713	-5.09354074E-5	0.0039369347
11895750	0.9636974544	-4.95050459E-5	0.0038871796
11896000	0.9516608731	-5.1536249E-5	0.0038353934
11896251	0.9389486481	-5.11102792E-5	0.0037840331
11896500	0.926884283	-5.12806671E-5	0.0037325024
11896750	0.9142262562	-5.0289727E-5	0.0036819627
11897000	0.9020924539	-5.10430208E-5	0.0036306697
11897250	0.8894720609	-5.00475968E-5	0.0035803721
11897500	0.8773621995	-5.15497006E-5	0.0035285724
11897750	0.8646711325	-5.03390498E-5	0.0034779833
11898000	0.8525996117	-5.17514758E-5	0.0034259819
11898250	0.8398578803	-5.24285435E-5	0.0033733033
11898500	0.8278549133	-5.25675441E-5	0.0033204858
11898750	0.8157529585	-5.25944475E-5	0.0032676413
11899000	0.8034134506	-5.3944099E-5	0.0032134472
11899250	0.7906263553	-3.85239942E-5	0.0031746732
11899500	0.7787005113	-5.40741319E-5	0.0031203491
11899750	0.766501954	-4.01381953E-5	0.0030799609
11900000	0.7540180944	-1.714713941E-4	0.0029082395
11900250	0.7416759804	-1.051322109E-4	0.0028028573
11900500	0.729292478	-5.23209301E-5	0.0027502864
11900750	0.7169497014	-3.63762099E-5	0.0027136602
11901000	0.7044793583	-3.64748555E-5	0.0026769353
11901250	0.6922894585	-3.36589713E-5	0.0026430263
11901500	0.6797505615	-3.80845728E-5	0.0026046918
11901750	0.6674956858	-4.00933564E-5	0.0025643484
11902000	0.655024415	-4.60614168E-5	0.002518037
11902250	0.6427915808	-4.7047873E-5	0.0024707391
11902500	0.6302963692	-5.05856638E-5	0.0024199034
11902750	0.6179980289	-5.58587209E-5	0.0023637947
11903001	0.6054576743	-5.8679089E-5	0.0023048656
11903250	0.593162912	-5.82396676E-5	0.002246376
11903500	0.5807748599	-6.19882014E-5	0.0021841378
11903750	0.5682452389	-6.44319226E-5	0.0021194558
11904000	0.5560223873	-6.91758804E-5	0.00205003
11904250	0.5444833511	-6.54990889E-5	0.0019842809
11904500	0.531668207	-6.76692926E-5	0.0019163616
11904750	0.5197871086	-6.65797069E-5	0.0018495319
11905000	0.5068788957	-7.29109625E-5	0.0017763709
11905250	0.495039539	-6.93328166E-5	0.0017067881
11905500	0.4821415297	-7.184828E-5	0.0016346898
11905750	0.4703639245	-6.78800356E-5	0.0015665598
11906000	0.4574276186	-6.67994176E-5	0.0014995104
11906250	0.4455078261	-6.68487404E-5	0.0014324116
11906500	0.4327181247	-6.58712519E-5	0.0013662904
11906750	0.4208149406	-6.01004828E-5	0.0013059399
11907000	0.4082828902	-5.80872153E-5	0.0012476027
11907250	0.3967200457	-5.40472285E-5	0.0011933054
11907500	0.3836033886	-5.34239675E-5	0.0011396315
11907750	0.3720226105	-5.07739873E-5	0.0010886075
11908000	0.3589055117	-5.78136979E-5	0.0010305438
11908250	0.3471585172	-5.11685698E-5	9.791252E-4
11908500	0.334165893	-5.49933298E-5	9.238818915E-4
11908750	0.3225620134	-5.12537638E-5	8.723781278E-4
11909000	0.3097792027	-4.89042043E-5	8.232239234E-4
11909250	0.2980012441	-4.17479126E-5	7.812260109E-4
11909500	0.2850955489	-4.56085437E-5	7.353674672E-4
11909750	0.2734118077	-4.04655194E-5	6.946519478E-4
11910000	0.2603747914	-3.98288068E-5	6.54573141E-4
11910250	0.248722235	-3.49951711E-5	6.193279699E-4
11910500	0.235648159	-3.1842995E-5	5.872349749E-4
11910750	0.2239631368	-2.59466769E-5	5.610382979E-4
11911000	0.2108729824	-2.82648491E-5	5.325234488E-4
11911250	0.1991975895	-2.36643759E-5	5.086090729E-4
11911500	0.1861889311	-2.55520944E-5	4.828069785E-4
11911750	0.1744808073	-2.20950136E-5	4.604619649E-4
11912001	0.1613397235	-2.33774068E-5	4.368345581E-4
11912250	0.1497424254	-1.69923445E-5	4.195922137E-4
11912501	0.1366300971	-1.85751584E-5	4.007670553E-4
11912750	0.1250500258	-1.59475976E-5	3.845694577E-4
11913000	0.111954085	-1.73914109E-5	3.669280468E-4
11913250	0.1002577107	-1.10018647E-5	3.556761822E-4
11913500	0.086499264	-1.33424563E-5	3.420837259E-4
11913750	0.0755704349	-1.22259672E-5	3.296077587E-4
11914000	0.0625816701	-1.25622591E-5	3.167954996E-4
11914250	0.0510922968	-1.11991559E-5	3.053463437E-4
11914500	0.0382782998	-1.37863616E-5	2.91309982E-4
11914750	0.0263870008	-9.907795E-6	2.81152187E-4
11915000	0.013597297	-1.26340014E-5	2.682681857E-4
11915250	0.0019624909	-8.36982E-6	2.596483657E-4
