Acquisition Time (ms)	Shunt Voltage (V)	Sample Voltage (V)	Integrated Sample Voltage (V)	
milliseconds	Volts	Volts	Volts	
5341501	0.0085844337	3.8174242E-6	3.4774242E-6
5341750	0.0216852242	4.6290105E-6	7.7664347E-6
5342000	0.0334338081	3.3735179E-6	1.07999526E-5
5342250	0.0465812808	5.2746924E-6	1.5734645E-5
5342500	0.0583917039	2.7995784E-6	1.81942234E-5
5342750	0.0715012685	6.6736699E-6	2.45278934E-5
5343000	0.0833368832	4.7680115E-6	2.89559048E-5
5343250	0.0959400548	9.89972171E-5	1.276131219E-4
5343500	0.1080132062	1.591039266E-4	2.863770486E-4
5343750	0.1230787064	1.22896416E-4	4.089334646E-4
5344000	0.1329972314	7.28426153E-5	4.814360799E-4
5344250	0.1458179852	5.80905769E-5	5.391866568E-4
5344500	0.1579381827	5.47141985E-5	5.935608554E-4
5344750	0.1707468336	5.78439623E-5	6.510648177E-4
5345000	0.182908773	5.47724893E-5	7.05497307E-4
5345250	0.1957555437	5.81533516E-5	7.633106585E-4
5345500	0.2076271012	5.58441419E-5	8.188148004E-4
5345750	0.220236893	4.5060357E-5	8.635351575E-4
5346001	0.2325409755	5.62387253E-5	9.194338828E-4
5346250	0.2449705044	4.52621326E-5	9.643560154E-4
5346500	0.2574664228	5.81219643E-5	0.001022138
5346750	0.2699642846	4.6710433E-5	0.0010685084
5347000	0.2824546815	5.7400056E-5	0.0011255685
5347250	0.2949646463	4.86654144E-5	0.0011738939
5347500	0.3074091051	5.77632521E-5	0.0012313171
5347750	0.319930201	4.83560252E-5	0.0012793332
5348000	0.3323257181	5.77049613E-5	0.0013366981
5348250	0.3448916479	4.8042152E-5	0.0013844003
5348500	0.3572985169	5.80816091E-5	0.0014421419
5348750	0.3697924475	4.65893677E-5	0.0014883913
5349000	0.3822566509	5.85838062E-5	0.0015466351
5349250	0.3947578697	4.74502769E-5	0.0015937453
5349501	0.4072572776	5.76063155E-5	0.0016510116
5349750	0.419730271	5.01764895E-5	0.0017008481
5350000	0.4321848892	5.79426082E-5	0.0017584507
5350250	0.44493678	4.82080564E-5	0.0018063188
5350500	0.4571490305	5.73462492E-5	0.0018633251
5350750	0.4696585535	4.79390223E-5	0.0019109241
5351000	0.4820891426	5.71444736E-5	0.0019677285
5351250	0.493966619	4.21054654E-5	0.002009494
5351501	0.5067559229	5.98706861E-5	0.0020690247
5351750	0.518793741	4.2674921E-5	0.0021113596
5352000	0.5316882166	6.01666237E-5	0.0021711862
5352250	0.5436271795	4.42039317E-5	0.0022150502
5352500	0.5566192736	6.15566334E-5	0.0022762668
5352750	0.5687850559	4.38541873E-5	0.002319781
5353000	0.5815685733	5.98706861E-5	0.0023793117
5353250	0.5937151411	4.31726342E-5	0.0024221443
5353500	0.6065787852	6.10409846E-5	0.0024828453
5353750	0.6187263248	4.3777961E-5	0.0025262833
5354000	0.6315106814	6.03908188E-5	0.0025863341
5354250	0.6436605179	4.34909912E-5	0.0026294851
5354500	0.6566232381	5.99334608E-5	0.0026890785
5354750	0.6685662647	4.31905698E-5	0.0027319291
5355000	0.681442851	5.97047817E-5	0.0027912939
5355250	0.6928244167	4.54952955E-5	0.0028364492
5355500	0.705943459	6.33053552E-5	0.0028994145
5355750	0.7177502614	4.64772701E-5	0.0029455518
5356001	0.7310177192	6.24848011E-5	0.0030076966
5356250	0.7427690867	4.5611877E-5	0.0030529685
5356500	0.7559480253	6.14041807E-5	0.0031140327
5356750	0.767391254	4.7078113E-5	0.0031607708
5357000	0.7803714661	6.31663543E-5	0.0032235971
5357251	0.7921579939	4.99433266E-5	0.0032732005
5357500	0.8053449717	6.22292187E-5	0.0033350897
5357750	0.8170247817	5.02302963E-5	0.00338498
5358000	0.8302906935	6.27358997E-5	0.0034473759
5358250	0.8419610067	5.02661675E-5	0.003497302
5358500	0.8552311148	6.28928362E-5	0.0035598549
5358750	0.8669367209	5.03603295E-5	0.0036098752
5359000	0.8802591277	6.4233523E-5	0.0036737687
5359250	0.8917301843	5.1709984E-5	0.0037251387
5359500	0.9046599087	5.87003876E-5	0.0037834991
5359750	0.9166184394	5.3960903E-5	0.00383712
5360000	0.9296037311	6.12875992E-5	0.0038980676
5360250	0.941615444	5.30999937E-5	0.0039508276
5360500	0.9546021935	6.03863349E-5	0.0040108739
5360750	0.9665739755	5.24632796E-5	0.0040629972
5361000	0.979601495	6.29107718E-5	0.004125568
5361250	0.9915254396	5.28802825E-5	0.0041781083
5361500	1.0044736	5.79291565E-5	0.0042356974
5361750	1.0165335	5.34138669E-5	0.0042887713
5362000	1.0294135	6.28479972E-5	0.0043512793
5362250	1.0414583	5.39967742E-5	0.0044049361
5362500	1.0544909	6.23906392E-5	0.0044669867
5362750	1.0664274	5.29475411E-5	0.0045195942
5363000	1.079445	5.99603642E-5	0.0045792146
5363250	1.0914411	5.35842552E-5	0.0046324589
5363500	1.1038489	4.76879237E-5	0.0046798068
5363750	1.1161563	5.6436017E-5	0.0047359028
5364000	1.1287662	5.05262339E-5	0.004786089
5364250	1.1411472	5.65436307E-5	0.0048422927
5364500	1.1537266	5.0840107E-5	0.0048927928
5364750	1.1660766	5.57544639E-5	0.0049482072
5365000	1.178717	4.95935822E-5	0.0049974608
5365250	1.1910598	5.70368599E-5	0.0050541577
5365500	1.2061212	6.0153172E-5	0.0051139709
5365750	1.2160494	5.76332189E-5	0.0051712641
5366001	1.228736	5.25036347E-5	0.0052234277
5366250	1.2409963	5.68171487E-5	0.0052799049
5366500	1.2536946	5.10508504E-5	0.0053306157
5366750	1.2659883	5.52298473E-5	0.0053855056
5367000	1.278654	4.98671002E-5	0.0054350327
5367250	1.2909611	5.58665614E-5	0.0054905592
5367500	1.30369	5.15395958E-5	0.0055417588
5367750	1.3159178	5.69830531E-5	0.0055984019
5368000	1.3278565	4.27376957E-5	0.0056407996
5368251	1.3406175	5.85748384E-5	0.0056990344
5368500	1.3528783	4.3594121E-5	0.0057422885
5368750	1.3656269	5.81578355E-5	0.0058001064
5369000	1.3778261	4.22310147E-5	0.0058419974
5369250	1.3905711	5.98706861E-5	0.0059015281
5369500	1.4029041	4.15943006E-5	0.0059427824
5369750	1.4155805	6.07898861E-5	0.0060032322
5370000	1.4279437	4.40021561E-5	0.0060468944
5370250	1.4405934	6.03773671E-5	0.0061069318
5370500	1.4528091	4.32309249E-5	0.0061498227
5370750	1.4656	6.01890432E-5	0.0062096717
5371000	1.4771627	4.29887942E-5	0.0062523205
5371250	1.4904895	5.98662022E-5	0.0063118467
5371751	1.4852234	-5.67196282E-5	0.0062547871
5372000	1.4733609	-4.22187212E-5	0.0062122284
5372250	1.4603415	-5.90826393E-5	0.0061528057
5372500	1.4484946	-4.39136324E-5	0.0061085521
5372750	1.4353526	-5.96655453E-5	0.0060485466
5373000	1.4240849	-4.60659006E-5	0.0060021407
5373250	1.4108133	-6.17909101E-5	0.0059400097
5373500	1.3991165	-4.68460979E-5	0.0058928237
5373750	1.3857777	-6.14949733E-5	0.0058309887
5374000	1.3741206	-4.56668342E-5	0.0057849818
5374250	1.3607666	-6.19299108E-5	0.0057227119
5374500	1.3491509	-4.42319888E-5	0.0056781399
5374750	1.3358798	-6.13963276E-5	0.0056164036
5375000	1.3241425	-4.76845857E-5	0.005568379
5375250	1.3108246	-6.18222974E-5	0.0055062167
5375500	1.2992249	-4.61197073E-5	0.005459757
5375750	1.2863667	-5.94906735E-5	0.0053999264
5376000	1.2744802	-5.01955652E-5	0.0053493908
5376250	1.2613597	-5.99031916E-5	0.0052891476
5376500	1.2494914	-4.97830472E-5	0.0052390245
5376751	1.2363869	-6.088068E-5	0.0051778039
5377000	1.2245034	-4.95723042E-5	0.0051278916
5377250	1.2114506	-6.08492928E-5	0.0050667023
5377500	1.1995164	-4.94691747E-5	0.0050168931
5377750	1.1864275	-6.10376163E-5	0.0049555155
5378000	1.1745521	-4.9168754E-5	0.0049060067
5378250	1.1614435	-5.99569983E-5	0.0048457097
5378500	1.1495886	-4.98906606E-5	0.0047954791
5378750	1.136518	-4.66129355E-5	0.0047485261
5379000	1.1246523	-5.01731458E-5	0.004698013
5379250	1.1121461	-5.27110287E-5	0.004644962
5379500	1.0998831	-5.30249011E-5	0.0045915971
5379750	1.0872041	-5.13075705E-5	0.0045399495
5380000	1.0749242	-5.28948683E-5	0.0044867146
5380250	1.0621778	-5.10340531E-5	0.0044353406
5380500	1.0499634	-5.34419031E-5	0.0043815587
5380750	1.0371369	-5.19846382E-5	0.004329234
5381000	1.0248984	-5.24195757E-5	0.0042764744
5381250	1.0121182	-5.18994442E-5	0.004224235
5381500	0.9991606636	-4.97875311E-5	0.0041741075
5381750	0.9872092445	-5.12716993E-5	0.0041224958
5382000	0.974980739	-5.29262555E-5	0.0040692295
5382250	0.9622578246	-5.09623108E-5	0.0040179272
5382500	0.9500063059	-5.33746447E-5	0.0039642126
5382750	0.9373062721	-4.14519757E-5	0.0039224206
5383000	0.9253325023	-5.43835204E-5	0.0038676971
5383250	0.9129244848	-4.12232972E-5	0.0038261338
5383500	0.9003224671	-5.48408774E-5	0.0037709529
5383750	0.8878743421	-4.3182758E-5	0.0037274301
5384001	0.8753852703	-5.61725934E-5	0.0036709175
5384250	0.8630164328	-4.14340401E-5	0.0036291435
5384500	0.8504558035	-5.60291088E-5	0.0035727744
5384750	0.8380217692	-4.35683728E-5	0.003528866
5385000	0.82553389	-5.69483067E-5	0.0034715777
5385250	0.8130127057	-4.50704766E-5	0.0034261672
5385500	0.8005598102	-5.62398518E-5	0.0033695874
5385750	0.78878247	-4.45099901E-5	0.0033247374
5386000	0.7756351139	-5.65313047E-5	0.0032678661
5386250	0.7640436022	-4.66488066E-5	0.0032208773
5386500	0.7506498146	-5.59259793E-5	0.0031646113
5386750	0.7390626759	-4.08242308E-5	0.0031234471
5387000	0.7260726578	-5.89929615E-5	0.0030641141
5387250	0.7141720798	-4.15909764E-5	0.0030221831
5387501	0.7011057779	-5.87597991E-5	0.0029630833
5387751	0.6890918564	-4.14654274E-5	0.0029212779
5388001	0.6760955219	-5.80065052E-5	0.0028629314
5388250	0.6641941488	-4.0981167E-5	0.0028216102
5388500	0.6511424234	-5.86073468E-5	0.0027626629
5388750	0.6392771824	-4.21649145E-5	0.002720158
5389000	0.6262131333	-5.77285039E-5	0.0026620895
5389250	0.6148962344	-4.49225082E-5	0.002616827
5389500	0.601641277	-6.14277149E-5	0.0025550592
5389750	0.5900067867	-4.65411932E-5	0.0025081781
5390000	0.5767121636	-6.12080042E-5	0.00244663
5390250	0.5649986509	-4.56533826E-5	0.0024006367
5390500	0.5517029235	-6.05443881E-5	0.0023397523
5390750	0.5399836243	-4.48821531E-5	0.0022945301
5391000	0.5267788456	-6.02977741E-5	0.0022338924
5391250	0.5153925094	-4.76531984E-5	0.0021858992
5391500	0.5023344234	-6.39028233E-5	0.0021216563
5391750	0.490423156	-4.85141057E-5	0.0020728022
5392000	0.4768746806	-5.94413507E-5	0.0020130209
5392250	0.4653652391	-4.72900032E-5	0.0019653909
5392500	0.4522659855	-5.96924486E-5	0.0019053584
5392750	0.4404204007	-4.68057428E-5	0.0018582127
5393000	0.4273936763	-6.06968405E-5	0.0017971758
5393250	0.4156160269	-4.73124226E-5	0.0017495234
5393500	0.402415356	-6.10241646E-5	0.0016881593
5393750	0.3906373091	-4.81195232E-5	0.0016396997
5394000	0.3774784243	-6.079997E-5	0.0015785598
5394250	0.3657137613	-4.85275574E-5	0.0015296922
5394500	0.3525520936	-6.1463586E-5	0.0014678886
5394750	0.340770248	-4.7711489E-5	0.0014198371
5395000	0.3275835794	-6.03067419E-5	0.0013591904
5395250	0.3158042957	-4.9289819E-5	0.0013095606
5395500	0.3030426872	-5.60156571E-5	0.0012532049
5395750	0.2910974521	-5.17873469E-5	0.0012010776
5396000	0.2781989127	-5.7185953E-5	0.0011435516
5396250	0.2661561032	-5.16124751E-5	0.0010915991
5396500	0.2532779267	-5.531617E-5	0.001035943
5396750	0.2411937288	-5.20877677E-5	9.835152E-4
5397000	0.2283083524	-5.70559201E-5	9.261193E-4
5397250	0.2162313544	-5.28276099E-5	8.729516651E-4
5397500	0.2033145281	-5.60111733E-5	8.166004919E-4
5397750	0.1912482195	-5.10878598E-5	7.651726321E-4
5398001	0.1783312607	-5.67375638E-5	7.080950684E-4
5398250	0.1662909689	-5.11909893E-5	6.565640791E-4
5398500	0.1534217593	-5.73384053E-5	5.988856738E-4
5398750	0.1413994452	-5.19308315E-5	5.466148423E-4
5399000	0.1285159682	-5.63250457E-5	4.899497966E-4
5399250	0.1166694559	-5.23343818E-5	4.372754148E-4
5399500	0.1036845616	-4.41378271E-5	3.927975878E-4
5399750	0.0911603479	-2.65878735E-5	3.658697143E-4
5400000	0.0793293638	-1.99248099E-5	3.456049044E-4
5400250	0.0667747875	-1.94495173E-5	3.258153871E-4
5400500	0.0542375673	-2.11220091E-5	3.04353378E-4
5400750	0.0418493824	-2.32653095E-5	2.807480686E-4
5401000	0.0293414794	-2.87222061E-5	2.516858625E-4
5401250	0.0169147115	-2.93185638E-5	2.220272987E-4
5401500	0.0052242077	-2.73411674E-5	1.943461313E-4
