Acquisition Time (ms)	Shunt Voltage (V)	Sample Voltage (V)	Integrated Sample Voltage (V)	
milliseconds	Volts	Volts	Volts	
3504250	0.0099225203	3.82896646E-5	3.80896646E-5
3504500	0.0227206585	5.63059838E-5	9.41956485E-5
3504750	0.034908227	3.95272217E-5	1.335228701E-4
3505000	0.0477338766	5.6893375E-5	1.902162452E-4
3505250	0.0599639749	4.01235807E-5	2.301398258E-4
3505500	0.0727839569	5.67050511E-5	2.86644877E-4
3505750	0.0842107222	4.33116351E-5	3.297565121E-4
3506000	0.0974305559	5.96375232E-5	3.891940353E-4
3506250	0.1092385028	4.47823551E-5	4.337763904E-4
3506500	0.1244080406	4.94276778E-5	4.830040682E-4
3506750	0.1343461335	4.51410673E-5	5.279451355E-4
3507000	0.147513455	6.19736363E-5	5.897187717E-4
3507250	0.1588317233	4.83111861E-5	6.378299579E-4
3507500	0.1721011246	6.3865843E-5	7.014958009E-4
3507750	0.1838138422	5.1391627E-5	7.526874279E-4
3508000	0.1966734226	6.53275952E-5	8.178150231E-4
3508250	0.2086668928	5.22794396E-5	8.698944627E-4
3508500	0.2216282437	6.14893748E-5	9.311838375E-4
3508750	0.2336453897	5.26829908E-5	9.836668284E-4
3509000	0.2466982193	6.17315056E-5	0.0010451983
3509250	0.2587077236	5.26605713E-5	0.0010976589
3509500	0.271727734	6.14624714E-5	0.0011589214
3509750	0.2837361783	5.39564191E-5	0.0012126778
3510000	0.296824875	6.30587406E-5	0.0012755365
3510250	0.3085706327	5.49159741E-5	0.0013302525
3510500	0.321231089	5.0795268E-5	0.0013808478
3510750	0.3335552694	5.63777263E-5	0.0014370255
3511000	0.3462358678	5.14230143E-5	0.0014882485
3511250	0.358572107	5.59114004E-5	0.0015439599
3511501	0.3713394136	5.17368875E-5	0.0015954968
3511750	0.383579006	5.64987916E-5	0.0016517956
3512000	0.3963270981	5.16113382E-5	0.0017032069
3512251	0.4086995577	5.57993029E-5	0.0017588062
3512500	0.4213337763	5.02616836E-5	0.0018088679
3512750	0.4336865355	5.57903351E-5	0.0018644583
3513000	0.4458798365	5.47321342E-5	0.0019189904
3513251	0.4587342046	5.6297016E-5	0.0019750874
3513500	0.4708824068	4.2307241E-5	0.0020171946
3513750	0.4834679928	5.84223857E-5	0.002075417
3514000	0.4957125324	4.38048644E-5	0.0021190219
3514250	0.5084656158	5.82564813E-5	0.0021770784
3514500	0.5208405049	4.29843103E-5	0.0022198627
3514750	0.5335319252	5.93595213E-5	0.0022790222
3515000	0.5457882586	4.27735669E-5	0.0023215958
3515250	0.5585734104	5.91667135E-5	0.0023805625
3515500	0.5710053687	4.43160292E-5	0.0024246785
3515750	0.5835657771	5.91129066E-5	0.0024835914
3516000	0.5959425213	4.18588508E-5	0.0025252503
3516250	0.608270898	6.0884048E-5	0.0025859343
3516500	0.6200682036	4.48989365E-5	0.0026306333
3516750	0.6333024005	6.19287973E-5	0.0026923621
3517001	0.6452157881	4.53024877E-5	0.0027374645
3517250	0.6583656179	6.15790529E-5	0.0027988436
3517500	0.6702254258	4.48720331E-5	0.0028435156
3517750	0.6833802469	6.21798958E-5	0.0029054955
3518000	0.6952528203	4.53204234E-5	0.002950616
3518250	0.7084009273	6.13952129E-5	0.0030118112
3518500	0.7203278756	4.33519903E-5	0.0030549632
3518750	0.7334525277	6.20722821E-5	0.0031168354
3519000	0.7453682565	4.46254185E-5	0.0031612609
3519250	0.7585204273	6.18077319E-5	0.0032228686
3519501	0.7704506884	4.43160292E-5	0.0032669846
3519750	0.7835679639	6.01307525E-5	0.0033269154
3520000	0.7948307972	4.75130515E-5	0.0033742284
3520250	0.8081011703	6.36461318E-5	0.0034376746
3520500	0.8198360177	4.78448603E-5	0.0034853194
3520750	0.8331246335	6.25924148E-5	0.0035477118
3521000	0.8448480848	4.76251491E-5	0.003595137
3521250	0.8581454465	6.29466431E-5	0.0036578836
3521500	0.8698377128	4.78762476E-5	0.0037055599
3521750	0.883207383	6.32022255E-5	0.0037685621
3522000	0.8949079535	4.86160915E-5	0.0038169782
3522250	0.9082550079	5.83954823E-5	0.0038751737
3522500	0.9196468655	5.20104055E-5	0.0039269841
3522750	0.9327999639	6.19826041E-5	0.0039887667
3523000	0.9446709471	5.11898514E-5	0.0040397565
3523250	0.9578661849	6.21126372E-5	0.0041016692
3523500	0.9697498895	5.09566885E-5	0.0041524259
3523750	0.982880328	6.27358997E-5	0.0042149618
3524000	0.9947892102	5.20597284E-5	0.0042668215
3524250	1.0078017	6.40631347E-5	0.0043306846
3524500	1.019648	5.50191039E-5	0.0043855037
3524750	1.0323777	5.25574416E-5	0.0044378612
3525000	1.044618	5.53150414E-5	0.0044929762
3525251	1.0574367	5.20866318E-5	0.0045448628
3525500	1.0697057	5.55975273E-5	0.0046002604
3525750	1.0825448	5.42120015E-5	0.0046542724
3526001	1.0947739	5.41985498E-5	0.0047082709
3526250	1.1076398	5.40326454E-5	0.0047621036
3526501	1.1199051	5.24049889E-5	0.0048143086
3526750	1.1326645	5.49966844E-5	0.0048691052
3527000	1.1449104	5.49922005E-5	0.0049238974
3527250	1.1577436	5.51760405E-5	0.0049788735
3527500	1.1699154	5.6023498E-5	0.005034697
3527750	1.1827318	5.3409383E-5	0.0050879064
3528000	1.1949491	5.6848536E-5	0.0051445549
3528250	1.2100727	5.81937067E-5	0.0052025486
3528500	1.2198218	5.57141087E-5	0.0052580627
3528750	1.2321618	4.44057073E-5	0.0053022684
3529000	1.2448169	5.78439623E-5	0.0053599124
3529250	1.2572273	4.47644195E-5	0.0054044768
3529500	1.2698333	5.71982804E-5	0.0054614751
3529750	1.2822442	4.46523219E-5	0.0055059274
3530000	1.2948765	5.84717086E-5	0.0055641991
3530251	1.3074575	4.55491024E-5	0.0056095482
3530500	1.3199446	5.72117321E-5	0.0056665599
3530750	1.3324094	4.4508837E-5	0.0057108688
3531000	1.3450408	5.69920209E-5	0.0057676608
3531250	1.3575212	4.45671278E-5	0.0058120279
3531500	1.3698318	5.96106198E-5	0.0058714385
3531750	1.3818449	4.20830459E-5	0.0059133216
3532000	1.3948122	6.05612071E-5	0.0059736828
3532250	1.4069197	4.28453093E-5	0.0060163281
3532500	1.4198665	6.08974997E-5	0.0060770256
3532750	1.4318872	4.41949639E-5	0.0061210206
3533000	1.4449779	6.04177222E-5	0.0061812383
3533250	1.4570448	4.2540404E-5	0.0062235787
3533500	1.4700384	6.05522393E-5	0.0062839309
3533750	1.4820243	4.27332118E-5	0.0063264642
3534000	1.4951021	6.0516368E-5	0.0063867805
3534500	1.4898676	-5.8764283E-5	0.0063278162
3534750	1.4777975	-4.15685569E-5	0.0062860477
3535000	1.464828	-6.04367747E-5	0.0062254109
3535250	1.4527356	-4.28195628E-5	0.0061823913
3535500	1.4397786	-5.93113178E-5	0.00612288
3535750	1.4278056	-4.18106871E-5	0.0060808693
3536000	1.4150998	-6.07237438E-5	0.0060199456
3536250	1.4033977	-4.53664135E-5	0.0059743792
3536500	1.3900535	-6.15532639E-5	0.0059126259
3536750	1.3783393	-4.56085437E-5	0.0058668174
3537000	1.3649831	-6.13918437E-5	0.0058052255
3537250	1.3532819	-4.59448356E-5	0.0057590807
3537501	1.3399181	-6.24814295E-5	0.0056963993
3537750	1.3281167	-4.52005095E-5	0.0056509988
3538000	1.3152946	-6.4082179E-5	0.0055867166
3538250	1.3034731	-4.87383003E-5	0.0055377783
3538500	1.2901966	-6.14321988E-5	0.0054761461
3538750	1.2784767	-4.82719755E-5	0.0054276741
3539000	1.265214	-6.21451376E-5	0.005365329
3539250	1.2533792	-4.88503976E-5	0.0053162786
3539501	1.2401116	-6.33871757E-5	0.0052526914
3539750	1.2283533	-4.89624949E-5	0.0052035289
3540000	1.2151424	-6.16832967E-5	0.0051416456
3540250	1.2032785	-5.08322779E-5	0.0050906133
3540500	1.190583	-5.80065052E-5	0.0050324068
3540750	1.1784862	-5.37602594E-5	0.0049784466
3541000	1.1656133	-5.57645592E-5	0.004922482
3541250	1.1534474	-5.16887013E-5	0.0048705933
3541500	1.140489	-5.9759707E-5	0.0048106336
3541750	1.1284002	-5.26392864E-5	0.0047577943
3542000	1.1154174	-5.9055736E-5	0.0046985386
3542250	1.1033508	-5.30518045E-5	0.0046452868
3542500	1.0903662	-5.77060845E-5	0.0045873807
3542750	1.0782493	-5.27424159E-5	0.0045344383
3543000	1.0652468	-5.78047301E-5	0.0044764335
3543250	1.0531838	-5.30787078E-5	0.0044231548
3543500	1.0402433	-5.71186946E-5	0.0043658361
3543750	1.0280217	-5.28859005E-5	0.0043127502
3544000	1.015164	-5.62398518E-5	0.0042563104
3544251	1.0030066	-5.30473206E-5	0.0042030631
3544500	0.98936785	-5.83338293E-5	0.0041445292
3544750	0.9782811718	-5.61187867E-5	0.0040882104
3545000	0.9656212897	-4.72003253E-5	0.0040408101
3545250	0.9532428669	-5.606498E-5	0.0039845451
3545500	0.9405737531	-4.69537113E-5	0.0039373914
3545750	0.9281866286	-5.60784316E-5	0.003881113
3546000	0.9155074437	-4.63797731E-5	0.0038345332
3546250	0.9030891785	-5.47781029E-5	0.0037795551
3546500	0.8905159604	-5.4607715E-5	0.0037247474
3546750	0.8780804242	-5.48632969E-5	0.0036696841
3547000	0.865518249	-3.84836392E-5	0.0036310005
3547250	0.8533877154	-5.79526985E-5	0.0035728478
3547500	0.8411365059	-4.31513708E-5	0.0035294964
3547751	0.8283198158	-5.85894112E-5	0.003470707
3548000	0.8161588924	-4.13398784E-5	0.0034291671
3548250	0.8033081463	-5.772402E-5	0.0033712431
3548500	0.7911276992	-4.03085832E-5	0.0033307345
3548750	0.7783079171	-5.86746051E-5	0.0032718599
3549000	0.7661370552	-3.96359994E-5	0.0032320239
3549250	0.7532648418	-5.87597991E-5	0.0031730641
3549500	0.7411330272	-4.21021401E-5	0.003130762
3549750	0.7282357688	-5.84638622E-5	0.0030720981
3550000	0.7167913475	-4.43037311E-5	0.0030275944
3550250	0.703626102	-6.10241646E-5	0.0029663702
3550500	0.6917944753	-4.44561834E-5	0.002921714
3550750	0.6785055061	-6.06026787E-5	0.0028609113
3551000	0.6667252506	-4.37073734E-5	0.002817004
3551250	0.6535199859	-6.11003908E-5	0.0027557036
3551500	0.6415145895	-4.47521203E-5	0.0027107515
3551750	0.6284607881	-6.18895558E-5	0.0026486619
3552000	0.6166048231	-4.37073734E-5	0.0026047545
3552250	0.6033802114	-6.08941317E-5	0.0025436604
3552500	0.592061899	-4.69178401E-5	0.0024965426
3552750	0.5788777482	-6.19523302E-5	0.0024343902
3553000	0.5669574256	-4.64201281E-5	0.0023877701
3553250	0.5537667817	-6.14904894E-5	0.0023260796
3553500	0.5420395317	-4.69850985E-5	0.0022788945
3553750	0.5287402706	-6.12528431E-5	0.0022174417
3554000	0.5169736198	-4.64918704E-5	0.0021707498
3554250	0.5036650828	-6.11811008E-5	0.0021093687
3554500	0.4919673834	-4.77473602E-5	0.0020614213
3554750	0.4786617616	-6.24410745E-5	0.0019987803
3555000	0.4668982912	-4.77877152E-5	0.0019507925
3555250	0.4535918302	-5.56973008E-5	0.0018948952
3555500	0.4421361451	-5.04063082E-5	0.0018442889
3555750	0.4291523994	-5.92844145E-5	0.0017848045
3556000	0.4171320289	-5.11282148E-5	0.0017334763
3556250	0.4040587038	-5.90916071E-5	0.0016741847
3556500	0.3920484485	-5.11551181E-5	0.0016228296
3556750	0.3790999514	-5.93516728E-5	0.0015632779
3557000	0.367043228	-5.0787439E-5	0.0015122905
3557250	0.3539619079	-6.02036123E-5	0.0014518869
3557500	0.3420464883	-5.02493719E-5	0.0014014375
3557750	0.3289247957	-5.99435466E-5	0.0013412939
3558000	0.3170222742	-5.13748289E-5	0.0012897191
3558250	0.3039181175	-5.99031916E-5	0.0012296159
3558500	0.2919365294	-5.08457296E-5	0.0011785702
3558750	0.2789014566	-4.51063477E-5	0.0011332638
3559000	0.2671705405	-5.37423239E-5	0.0010793215
3559250	0.2545717031	-4.70792603E-5	0.0010320423
3559500	0.2421523777	-5.49036519E-5	9.769386E-4
3559750	0.2299785563	-4.0192002E-5	9.365466E-4
3560000	0.2174425305	-5.65851114E-5	8.797614886E-4
3560250	0.2050538158	-4.14654274E-5	8.380960612E-4
3560500	0.1924090403	-5.77419556E-5	7.801541056E-4
3560750	0.1800532774	-4.32186292E-5	7.367354764E-4
3561000	0.1673570424	-5.74639543E-5	6.790715221E-4
3561251	0.1550687732	-4.19990105E-5	6.368725116E-4
3561500	0.1422866693	-5.65716598E-5	5.801008518E-4
3561750	0.130010238	-4.23666897E-5	5.375341622E-4
3562000	0.1172914314	-5.75401805E-5	4.797939817E-4
3562250	0.1057026584	-4.32186292E-5	4.363753525E-4
3562500	0.0918650152	-5.71321463E-5	3.790432063E-4
3562750	0.0807242701	-4.24653353E-5	3.363778709E-4
3563000	0.0675229099	-5.88315414E-5	2.773463296E-4
3563250	0.0557823135	-4.31334352E-5	2.340128943E-4
3563500	0.0425704985	-6.12483592E-5	1.725645352E-4
3563750	0.030773221	-4.33665976E-5	1.289979375E-4
3564000	0.0175190416	-5.96162225E-5	6.91817151E-5
3564250	0.0061014437	-4.49538954E-5	2.40278197E-5
