Acquisition Time (ms)	Shunt Voltage (V)	Sample Voltage (V)	Integrated Sample Voltage (V)	
milliseconds	Volts	Volts	Volts	
9933750	0.0113017242	5.7455022E-6	4.5455022E-6
9934000	0.0232247586	2.1404448E-6	5.4859469E-6
9934250	0.036030491	4.1537169E-6	8.4396638E-6
9934500	0.0477310741	3.7277462E-6	1.096741E-5
9934750	0.060276027	4.0416193E-6	1.38090293E-5
9935001	0.0725258101	3.2524525E-6	1.58614818E-5
9935250	0.0851630636	4.8532056E-6	1.95146874E-5
9935500	0.0973171893	3.046193E-6	2.13608805E-5
9935750	0.1098340721	4.6917851E-6	2.48526656E-5
9936000	0.1249530698	2.5574477E-6	2.62101133E-5
9936250	0.1347345314	5.0908524E-6	3.01009657E-5
9936500	0.1468995628	3.4811315E-6	3.23820973E-5
9936750	0.1594935855	5.0325617E-6	3.6214659E-5
9937000	0.1717099881	3.871231E-6	3.888589E-5
9937250	0.1843748615	5.3823061E-6	4.30681961E-5
9937500	0.1964811451	4.0416193E-6	4.59098154E-5
9937750	0.2091440308	4.1671686E-6	4.8876984E-5
9938000	0.2213335772	3.7053266E-6	5.13823106E-5
9938250	0.2339043216	4.8397539E-6	5.50220646E-5
9938500	0.246155752	4.2568466E-6	5.80789112E-5
9938750	0.258227582	5.6513402E-6	6.25302514E-5
9939000	0.2706559625	4.1626847E-6	6.54929361E-5
9939250	0.2828569051	3.2434847E-6	6.75364208E-5
9939500	0.2954173134	4.5572681E-6	7.08936889E-5
9939750	0.3075921067	2.6381579E-6	7.23318468E-5
9940000	0.3201998666	4.1582008E-6	7.52900476E-5
9940250	0.3324506786	3.7770691E-6	7.78671167E-5
9940500	0.3450422277	4.7635276E-6	8.14306442E-5
9940751	0.3572935256	3.7591335E-6	8.39897777E-5
9941001	0.3698140473	6.0504075E-6	8.88401852E-5
9941251	0.3820600887	3.7860369E-6	9.14262221E-5
9941500	0.3945752216	6.2611509E-6	9.64873731E-5
9941750	0.4068610172	4.6155588E-6	9.99029319E-5
9942000	0.4190919079	8.0188406E-6	1.067217725E-4
9942250	0.4307805522	6.0683431E-6	1.115901156E-4
9942500	0.4437712328	1.50854705E-5	1.254755861E-4
9942750	0.4555082888	2.62907422E-5	1.505663284E-4
9943000	0.4686162	1.666368824E-4	3.160032108E-4
9943250	0.4804277729	3.072610245E-4	6.220642353E-4
9943500	0.4933755633	3.291469513E-4	9.500111866E-4
9943750	0.5051882405	2.970466952E-4	0.0012458579
9944000	0.5181974731	2.880744068E-4	0.0015327323
9944250	0.5299999909	2.438227756E-4	0.0017753551
9944500	0.5430031278	2.266449461E-4	0.0020008
9944750	0.5548256994	1.415584172E-4	0.0021411584
9945000	0.5678830345	7.86089136E-5	0.0022185673
9945250	0.5795554679	4.59033306E-5	0.0022632707
9945500	0.5926455339	6.11665339E-5	0.0023232372
9945751	0.6044143049	4.38721229E-5	0.0023659093
9946000	0.6174942115	6.097821E-5	0.0024256875
9946250	0.6287880972	4.81138944E-5	0.0024726014
9946500	0.6418454323	6.36192284E-5	0.0025350207
9946750	0.6533968364	4.87595764E-5	0.0025825802
9947000	0.6666482601	6.30094177E-5	0.0026443897
9947250	0.6782176419	4.84636388E-5	0.0026916533
9947500	0.6914415469	6.30990957E-5	0.0027535524
9947751	0.7030307175	4.84412193E-5	0.0028007936
9948000	0.7162123505	6.27897065E-5	0.0028623833
9948250	0.7278846956	4.82977344E-5	0.0029094811
9948500	0.7410847922	6.30183855E-5	0.0029712994
9948750	0.7525690119	5.00733597E-5	0.0030201728
9949000	0.7652943999	6.2995966E-5	0.0030819688
9949250	0.7771137028	5.17189519E-5	0.0031324877
9949500	0.7901554896	6.20095075E-5	0.0031932972
9949750	0.801913792	5.13826592E-5	0.0032434799
9950000	0.8149286785	6.26103504E-5	0.0033048902
9950250	0.826704031	5.1207787E-5	0.003354898
9950500	0.8397119826	6.20498626E-5	0.0034157479
9950750	0.8515099949	5.05441695E-5	0.003465092
9951000	0.8644762047	6.31170313E-5	0.0035270091
9951250	0.8762734661	5.15351119E-5	0.0035773442
9951500	0.8893417999	6.23771875E-5	0.0036385214
9951750	0.9010628659	5.10149792E-5	0.0036883364
9952000	0.9141575257	6.27448675E-5	0.0037498812
9952251	0.9258923731	4.98088095E-5	0.00379849
9952500	0.9389102191	6.33457104E-5	0.0038606357
9952750	0.9505039393	5.22570201E-5	0.0039116928
9953000	0.9632063141	5.72027643E-5	0.0039676955
9953250	0.9754635309	5.43823898E-5	0.0040208779
9953500	0.9879473022	5.64763721E-5	0.0040761543
9953750	1.0001013	5.46110688E-5	0.0041295654
9954000	1.01278	5.36694493E-5	0.0041820348
9954250	1.0249042	5.44406805E-5	0.0042352755
9954500	1.0377135	5.65212112E-5	0.0042905967
9954750	1.0496853	5.46738434E-5	0.0043440705
9955000	1.0624276	5.45796815E-5	0.0043974502
9955250	1.0745759	5.40640327E-5	0.0044503143
9955500	1.0873347	5.60459175E-5	0.0045051602
9955750	1.0991323	5.67229868E-5	0.0045606832
9956000	1.1115389	4.29394713E-5	0.0046024226
9956250	1.123838	5.89470023E-5	0.0046601696
9956500	1.13623	4.50065502E-5	0.0047039762
9956750	1.1486979	5.80905769E-5	0.0047608668
9957000	1.1610369	4.53428429E-5	0.0048050096
9957250	1.1735255	5.74942179E-5	0.0048613038
9957500	1.1858739	4.61275258E-5	0.0049062314
9957750	1.1983056	5.85389672E-5	0.0049635703
9958000	1.2132637	6.24399621E-5	0.0050248103
9958250	1.2230948	5.84582569E-5	0.0050820685
9958500	1.2355917	4.78314086E-5	0.0051286999
9958750	1.247933	5.77811877E-5	0.0051852811
9959000	1.2602882	4.58584916E-5	0.0052299396
9959250	1.2727597	5.73731526E-5	0.0052861128
9959501	1.2852873	4.73247277E-5	0.0053322375
9959750	1.2976029	5.7171377E-5	0.0053882089
9960000	1.3100908	4.68001111E-5	0.005433809
9960250	1.322438	5.77632521E-5	0.0054903722
9960500	1.3348431	4.61320097E-5	0.0055353043
9960750	1.3472941	5.85120637E-5	0.0055926163
9961000	1.3597531	4.80062808E-5	0.0056394226
9961256	1.3722883	5.56692697E-5	0.0056938919
9961500	1.38459	4.80376681E-5	0.0057407295
9961750	1.3969163	5.8453773E-5	0.0057979833
9962000	1.4093441	4.7629633E-5	0.0058444129
9962250	1.4217826	5.80233184E-5	0.0059012363
9962500	1.4334865	4.24417581E-5	0.005942478
9962750	1.4462881	6.00859134E-5	0.0060013639
9963000	1.4583131	4.29574069E-5	0.0060431213
9963250	1.4710688	6.14535036E-5	0.0061033748
9963500	1.4830516	4.28946322E-5	0.0061450695
9963750	1.4851098	-4.30885963E-5	0.0061007809
9964000	1.4736625	-3.71429554E-5	0.0060624379
9964250	1.4608462	-5.76612455E-5	0.0060035767
9964500	1.4488536	-4.14250724E-5	0.0059609516
9964751	1.435991	-5.73608248E-5	0.0059023908
9965000	1.4241307	-3.96180638E-5	0.0058615727
9965250	1.4111937	-5.76164066E-5	0.0058027563
9965500	1.3991459	-3.87885438E-5	0.0057627678
9965750	1.3863929	-5.7226308E-5	0.0057043415
9966000	1.3742912	-4.05910684E-5	0.0056625504
9966250	1.3619859	-6.00780634E-5	0.0056012723
9966500	1.3503092	-4.27971433E-5	0.0055572752
9966750	1.337128	-6.05623237E-5	0.0054955129
9967000	1.3254665	-4.23846253E-5	0.0054519282
9967250	1.312239	-6.00242567E-5	0.005390704
9967500	1.300577	-4.30661768E-5	0.0053464378
9967750	1.2874252	-5.95848352E-5	0.005285653
9968000	1.2762109	-4.56937376E-5	0.0052387592
9968250	1.2631314	-5.99345788E-5	0.0051776247
9968500	1.2514114	-4.77339085E-5	0.0051286907
9968750	1.2382686	-6.04098714E-5	0.0050670809
9969000	1.2265825	-4.80836521E-5	0.0050177972
9969250	1.213445	-6.02484513E-5	0.0049563488
9969500	1.2018026	-4.74424555E-5	0.0049077063
9969750	1.1886148	-6.00780634E-5	0.0048464282
9970000	1.1769728	-4.84244279E-5	0.0047968038
9970251	1.1637685	-6.005116E-5	0.0047355527
9970500	1.1521635	-4.88190104E-5	0.0046855337
9970750	1.1395678	-5.58497531E-5	0.0046284839
9971000	1.1275752	-5.07739873E-5	0.0045765099
9971250	1.1146903	-5.79123435E-5	0.0045173976
9971500	1.1027485	-5.02179847E-5	0.0044659796
9971750	1.0898864	-5.73428892E-5	0.0044074367
9972000	1.07797	-5.03883726E-5	0.0043558483
9972250	1.0650802	-5.79706341E-5	0.0042966777
9972501	1.0531085	-4.95364331E-5	0.0042459413
9972750	1.0402205	-4.34966305E-5	0.0042012446
9973000	1.0283362	-5.22716073E-5	0.004147773
9973250	1.0160924	-4.54157363E-5	0.0041011573
9973501	1.0037171	-5.38320017E-5	0.0040461253
9973750	0.9898242717	-5.89974454E-5	0.0039859278
9974000	0.9789217434	-5.2114671E-5	0.0039326132
9974251	0.9662894243	-4.77652957E-5	0.0038836479
9974500	0.9541207708	-5.31190629E-5	0.0038293288
9974750	0.9415483921	-4.70433891E-5	0.0037810854
9975000	0.9293005837	-5.37333561E-5	0.0037261521
9975250	0.9167621727	-4.69088724E-5	0.0036780432
9975500	0.9044400241	-5.33342897E-5	0.0036235089
9975750	0.8919327538	-4.69402596E-5	0.0035753686
9976000	0.8796491225	-5.27020609E-5	0.0035214666
9976250	0.8670147273	-5.33387736E-5	0.0034669278
9976500	0.8548478407	-5.32849669E-5	0.0034124428
9976750	0.8424010409	-3.75196024E-5	0.0033737232
9977000	0.8303668006	-5.62846907E-5	0.0033162385
9977250	0.8183451933	-4.02413248E-5	0.0032747972
9977500	0.8055505889	-5.69079517E-5	0.0032166893
9977750	0.7934056555	-3.96629028E-5	0.0031758264
9978000	0.7807958195	-5.58049142E-5	0.0031188214
9978250	0.7685905481	-4.13622979E-5	0.0030762591
9978500	0.7560190969	-5.71321463E-5	0.003017927
9978750	0.743860117	-4.04386161E-5	0.0029762884
9979000	0.7311663114	-5.56973008E-5	0.0029193911
9979250	0.719079419	-4.04879389E-5	0.0028777031
9979501	0.7063618934	-5.5899076E-5	0.0028206041
9979750	0.6942690379	-3.93445464E-5	0.0027800595
9980000	0.681636807	-5.57869787E-5	0.0027230725
9980250	0.6701703442	-4.19227844E-5	0.0026799498
9980500	0.6571995848	-5.89570903E-5	0.0026197927
9980750	0.6454248066	-4.35952761E-5	0.0025749974
9981000	0.6323892037	-5.89615742E-5	0.0025148358
9981250	0.6206798431	-4.15999441E-5	0.0024720359
9981500	0.6075071768	-5.92395755E-5	0.0024115963
9981750	0.5963469534	-4.46624424E-5	0.0023657339
9982000	0.5831518923	-6.06833888E-5	0.0023038505
9982250	0.57160199	-4.55726725E-5	0.0022570778
9982500	0.5583663796	-6.05892271E-5	0.0021952886
9982750	0.546751148	-4.52946712E-5	0.0021487939
9983000	0.5335464134	-6.15263605E-5	0.0020860675
9983250	0.5219735862	-4.54112524E-5	0.0020394563
9983500	0.5087359881	-6.00556439E-5	0.0019782006
9983750	0.4971842306	-4.5303639E-5	0.001931697
9984000	0.4839576754	-1.63786003E-4	0.001766711
9984250	0.4723650594	-4.96305948E-5	0.0017158804
9984500	0.4591274172	-3.6994987E-5	0.0016776854
9984750	0.4475533974	-2.70093593E-5	0.0016494761
9985000	0.4343622675	-3.11479917E-5	0.0016171281
9985250	0.4227774699	-3.22106741E-5	0.0015837174
9985500	0.4100591493	-3.71564071E-5	0.001545361
9985750	0.3982563223	-3.88961572E-5	0.0015052648
9986000	0.3852323806	-4.59179322E-5	0.0014581469
9986250	0.3734364885	-4.5469543E-5	0.0014114774
9986500	0.3604998293	-5.61232706E-5	0.0013541541
9986750	0.3486555255	-5.7100759E-5	0.0012958533
9987000	0.3357179387	-5.89077675E-5	0.0012357456
9987250	0.3238270784	-5.70917912E-5	0.0011774538
9987500	0.3114161456	-6.21585893E-5	0.0011140952
9987750	0.2993174153	-6.13111337E-5	0.001051584
9988000	0.2867031621	-6.04502264E-5	9.899338E-4
9988250	0.2745353921	-5.62846907E-5	9.324491E-4
9988500	0.2618732132	-6.36741448E-5	8.67575E-4
9988750	0.2497148075	-5.7477406E-5	8.088976E-4
9989000	0.2371146892	-6.29387865E-5	7.447588E-4
9989250	0.2248874646	-5.80065052E-5	6.855522835E-4
9989500	0.2122283777	-5.48319096E-5	6.295203738E-4
9989750	0.200072048	-5.20877677E-5	5.762326061E-4
9990000	0.1874842535	-5.25675441E-5	5.22465062E-4
9990250	0.1752691761	-5.05049538E-5	4.707601082E-4
9990500	0.1625880476	-4.78863608E-5	4.216737474E-4
9990750	0.1505175428	-4.14743952E-5	3.789993522E-4
9991000	0.1385018103	-4.12771039E-5	3.365222483E-4
9991250	0.1260335873	-3.83715419E-5	2.969507064E-4
9991500	0.1137606014	-3.31657432E-5	2.625849633E-4
9991750	0.1011849098	-3.03005361E-5	2.310844272E-4
9992000	0.0875145889	-2.72694251E-5	2.026150021E-4
9992250	0.0764380385	-2.54086099E-5	1.760063922E-4
9992500	0.0641358475	-2.24268217E-5	1.523795706E-4
9992750	0.0516333573	-2.11892674E-5	1.299903031E-4
9993000	0.0393370663	-2.11533963E-5	1.076369068E-4
9993250	0.0268615244	-1.68712794E-5	8.95656274E-5
9993500	0.0145754424	-1.47638501E-5	7.36017773E-5
9993750	0.0024378459	-1.18358686E-5	6.05659088E-5
