Acquisition Time (ms)	Shunt Voltage (V)	Sample Voltage (V)	Integrated Sample Voltage (V)	
milliseconds	Volts	Volts	Volts	
4062750	0.0042151003	1.8355394E-6	5.355394E-7
4063000	0.0172304914	9.44415724E-5	9.36771118E-5
4063250	0.0289430222	7.34658777E-5	1.658429895E-4
4063500	0.0421416425	6.1435568E-5	2.259785575E-4
4063750	0.0539286038	4.28766966E-5	2.675552542E-4
4064000	0.0672081759	5.8821453E-5	3.250767072E-4
4064250	0.0789776738	4.3499959E-5	3.672766662E-4
4064500	0.0922788349	5.91667135E-5	4.251433797E-4
4064750	0.1039397444	4.48361619E-5	4.686795416E-4
4065000	0.1172726676	6.00276227E-5	5.274071643E-4
4065250	0.132317789	6.16776987E-5	5.87784863E-4
4065501	0.1422966961	6.17046021E-5	6.481894652E-4
4065750	0.1540126824	4.54773599E-5	6.923668251E-4
4066000	0.1672918015	6.16283758E-5	7.526952009E-4
4066250	0.1786542851	4.9145192E-5	8.005403929E-4
4066500	0.1918078694	6.30721923E-5	8.623125852E-4
4066750	0.2036062793	4.83694769E-5	9.093820621E-4
4067000	0.2168903896	6.33053552E-5	9.713874173E-4
4067250	0.2286448491	4.95263237E-5	0.0010196137
4067500	0.2414164845	6.51168517E-5	0.0010834306
4067750	0.253683949	4.98491646E-5	0.0011319798
4068000	0.2664147259	5.99065573E-5	0.0011905863
4068250	0.2784239211	5.38622571E-5	0.0012431486
4068500	0.2913666759	5.84672247E-5	0.0013003158
4068750	0.3034296717	5.3041703E-5	0.0013520575
4069000	0.3164693383	5.99872676E-5	0.0014107448
4069250	0.3284382492	5.2996864E-5	0.0014624416
4069501	0.3414598056	5.8408934E-5	0.0015195506
4069750	0.3534637002	5.17055001E-5	0.0015699561
4070000	0.3664523932	5.81129964E-5	0.0016267691
4070250	0.3785306722	5.26202162E-5	0.0016780893
4070500	0.3916780725	5.94761027E-5	0.0017362654
4070750	0.4035257775	5.31134454E-5	0.0017880788
4071000	0.4158708068	4.66297228E-5	0.0018334085
4071250	0.4282615533	5.66108892E-5	0.0018887194
4071500	0.4408500104	4.82035725E-5	0.001935623
4071750	0.4532527274	5.61176599E-5	0.0019904407
4072000	0.4659365502	4.8042152E-5	0.0020371828
4072250	0.4782936383	5.60593692E-5	0.0020919422
4072500	0.4908995872	4.91407081E-5	0.0021397829
4072750	0.5032773916	5.72431194E-5	0.002195726
4073001	0.5159999085	5.03289422E-5	0.002244755
4073250	0.5283333207	5.69965048E-5	0.0023004515
4073500	0.5409951463	3.88860236E-5	0.0023380375
4073750	0.5530212149	5.95702647E-5	0.0023963078
4074000	0.5652473793	4.27107922E-5	0.0024377185
4074250	0.5780378316	5.9144294E-5	0.0024955628
4074500	0.5902041439	4.32174732E-5	0.0025374803
4074750	0.6030852357	5.9417812E-5	0.0025955981
4075000	0.6152939966	4.21144332E-5	0.0026364126
4075250	0.6280658528	6.00993651E-5	0.0026952119
4075500	0.6403016024	4.11952333E-5	0.0027351072
4075750	0.653114317	5.82609652E-5	0.0027920681
4076000	0.6654105371	4.21772079E-5	0.0028329453
4076250	0.678168656	5.93146822E-5	0.00289096
4076500	0.690357584	4.24283064E-5	0.0029320883
4076750	0.7031611552	5.90635837E-5	0.0029898519
4077000	0.7153632463	4.27735669E-5	0.0030313255
4077250	0.7281754309	6.06912402E-5	0.0030907167
4077500	0.7404043781	4.35447981E-5	0.0031329615
4077750	0.7531806514	5.91846491E-5	0.0031908462
4078000	0.7654946724	4.28722127E-5	0.0032324184
4078250	0.7781963847	5.8960454E-5	0.0032900788
4078500	0.7904883643	4.19081737E-5	0.003330687
4078750	0.8028064933	6.14310841E-5	0.0033908181
4079000	0.8146340562	4.58495238E-5	0.0034353676
4079250	0.8278024378	6.10006295E-5	0.0034950682
4079500	0.8394926723	4.58809111E-5	0.0035396491
4079750	0.852823295	6.28166099E-5	0.0036011658
4080000	0.8646448064	4.55042633E-5	0.00364537
4080250	0.8778005551	6.20364109E-5	0.0037061064
4080500	0.8896946841	4.53562946E-5	0.0037501627
4080751	0.9028663786	6.13414061E-5	0.0038102041
4081000	0.9146585603	4.47733873E-5	0.0038536775
4081250	0.9279194366	6.08526607E-5	0.0039132302
4081500	0.9397554362	4.46254185E-5	0.0039565556
4081750	0.9529416189	6.10499524E-5	0.0040163055
4082000	0.9648232475	4.46433541E-5	0.0040596489
4082250	0.9779881838	6.03639154E-5	0.0041187128
4082500	0.9898989212	4.34147649E-5	0.0041608276
4082750	1.002975	6.14579875E-5	0.0042209856
4083000	1.0148307	4.53742302E-5	0.0042650598
4083250	1.0280329	6.16956343E-5	0.0043254554
4083500	1.0397006	4.66566262E-5	0.0043708121
4083750	1.0526358	6.27717709E-5	0.0044322838
4084001	1.0644268	4.85443491E-5	0.0044795282
4084250	1.0776993	6.36057767E-5	0.004541834
4084500	1.0893661	4.88627061E-5	0.0045893967
4084750	1.1026842	6.34488401E-5	0.0046515455
4085000	1.1144106	4.92528056E-5	0.0046994983
4085250	1.1272265	6.06239817E-5	0.0047588223
4085500	1.1393675	5.14454338E-5	0.0048089677
4085750	1.1523585	6.15790529E-5	0.0048692468
4086000	1.1641946	5.23377304E-5	0.0049202845
4086250	1.1772632	6.18301514E-5	0.0049808147
4086501	1.1892415	5.25888289E-5	0.0050321035
4086750	1.2043428	5.58800131E-5	0.0050866835
4087000	1.2142924	5.15171762E-5	0.0051369007
4087250	1.227351	6.05970783E-5	0.0051961978
4087500	1.2393298	5.11181089E-5	0.0052460159
4087750	1.2523131	6.0655369E-5	0.0053053712
4088000	1.2643395	5.10060114E-5	0.0053550772
4088250	1.2774391	6.10095973E-5	0.0054147868
4088500	1.2893849	5.14947567E-5	0.0054649816
4088750	1.3025144	6.14669553E-5	0.0055251486
4089000	1.3144428	5.07324934E-5	0.005574581
4089250	1.3275447	6.29152557E-5	0.0056361963
4089500	1.3394824	5.25664094E-5	0.0056874627
4089750	1.3525807	6.23861553E-5	0.0057485489
4090000	1.3645434	5.2584345E-5	0.0057998332
4090250	1.3776872	6.22381865E-5	0.0058607714
4090500	1.3896089	5.06652348E-5	0.0059101366
4090751	1.4023436	5.16785967E-5	0.0059605152
4091000	1.4143701	5.55795917E-5	0.0060147948
4091251	1.4271806	5.27009264E-5	0.0060661958
4091500	1.4394498	5.57230766E-5	0.0061206188
4091750	1.452234	5.22704718E-5	0.0061715893
4092000	1.4645179	5.52119117E-5	0.0062255012
4092250	1.4773364	5.36515137E-5	0.0062778527
4092500	1.489529	5.50504912E-5	0.0063316032
4092750	1.5005629	-3.5361755E-6	0.006326767
4093000	1.4930791	-4.96933693E-5	0.0062757737
4093250	1.4803421	-5.39127118E-5	0.006220561
4093500	1.4681914	-5.48050063E-5	0.006164456
4093750	1.455376	-4.01381953E-5	0.0061230178
4094000	1.4434882	-5.90512521E-5	0.0060626665
4094250	1.4310211	-4.30078863E-5	0.0060183586
4094500	1.4182699	-5.85221528E-5	0.0059585365
4094750	1.4059396	-4.38553419E-5	0.0059133811
4095000	1.3933122	-5.67106604E-5	0.0058553705
4095250	1.3809388	-4.15775247E-5	0.0058124929
4095500	1.3683172	-5.78002462E-5	0.0057533927
4095750	1.3558791	-4.24070447E-5	0.0057096856
4096000	1.3432486	-5.62757229E-5	0.0056521099
4096250	1.3307923	-4.28464661E-5	0.0056079635
4096500	1.3181858	-5.68900161E-5	0.0055497734
4096750	1.3057531	-4.27433366E-5	0.0055057301
4097001	1.2931351	-5.67016926E-5	0.0054477284
4097250	1.280791	-4.19586555E-5	0.0054044698
4097500	1.2684269	-5.84414428E-5	0.0053447283
4097750	1.2558115	-4.04475839E-5	0.0053029807
4098000	1.2434363	-5.8804638E-5	0.0052428761
4098250	1.2314624	-4.15730408E-5	0.0052000031
4098500	1.2184118	-6.02260318E-5	0.005138477
4098750	1.2065257	-4.31513708E-5	0.0050940257
4099000	1.1933196	-5.96162225E-5	0.0050331094
4099250	1.1814286	-4.4554829E-5	0.0049872546
4099501	1.1682978	-6.03112257E-5	0.0049256434
4099750	1.1563182	-4.26267554E-5	0.0048817166
4100000	1.1432756	-6.01049667E-5	0.0048203117
4100250	1.131377	-4.3061693E-5	0.00477595
4100500	1.118207	-5.93830601E-5	0.0047152669
4100750	1.1063151	-4.16089119E-5	0.004672358
4101000	1.0932017	-5.9513093E-5	0.0046115449
4101250	1.0812163	-4.18913971E-5	0.0045683535
4101500	1.0681443	-6.06923566E-5	0.0045063611
4101750	1.0566725	-4.4097472E-5	0.0044609637
4102000	1.0435194	-6.05757754E-5	0.0043990879
4102250	1.0318511	-4.59448356E-5	0.0043518431
4102500	1.0185194	-6.12304236E-5	0.0042893126
4102750	1.0067888	-4.56578665E-5	0.0042423548
4103000	0.9925634644	-5.94368668E-5	0.0041816179
4103250	0.9817178287	-4.46534746E-5	0.0041356644
4103500	0.9684202461	-6.05578398E-5	0.0040738066
4103750	0.9566770945	-4.51511867E-5	0.0040273554
4104000	0.943416704	-6.23872678E-5	0.0039636681
4104250	0.9319565577	-4.89221399E-5	0.003913446
4104500	0.918804917	-6.22168799E-5	0.0038499291
4104750	0.9069638818	-5.06394706E-5	0.0037979896
4105000	0.8937916573	-6.13021659E-5	0.0037353875
4105250	0.8819408161	-4.93794969E-5	0.003684708
4105500	0.8686751693	-6.1091423E-5	0.0036223166
4105750	0.8569453574	-5.03614692E-5	0.0035706551
4106000	0.8437275923	-6.12752625E-5	0.0035080798
4106250	0.8319251628	-4.87965909E-5	0.0034579832
4106500	0.818674711	-6.13514887E-5	0.0033953317
4106750	0.8068820434	-4.92360123E-5	0.0033447957
4107000	0.7936992177	-6.12887142E-5	0.003282207
4107250	0.7818728916	-4.84737507E-5	0.0032324333
4107500	0.7687187331	-6.12707787E-5	0.0031698625
4107750	0.7568814083	-4.88638493E-5	0.0031196986
4108000	0.7441127766	-5.51861371E-5	0.0030632125
4108250	0.732131586	-5.19308315E-5	0.0030099817
4108500	0.7193094187	-5.50785237E-5	0.0029536031
4108750	0.7071306501	-5.30876756E-5	0.0028992155
4109000	0.6942147072	-5.59439149E-5	0.0028419716
4109250	0.6820626622	-5.25182213E-5	0.0027881533
4109500	0.6692493292	-5.57555914E-5	0.0027310977
4109750	0.657081515	-5.27693193E-5	0.0026770284
4110000	0.6441200757	-5.58273337E-5	0.0026199011
4110250	0.6320220522	-5.36302266E-5	0.0025649709
4110500	0.619279879	-5.78944079E-5	0.0025057765
4110751	0.6071968295	-5.48767486E-5	0.0024495997
4111000	0.5946470223	-4.56668342E-5	0.0024026329
4111250	0.5822292429	-5.52444277E-5	0.0023460884
4111501	0.5696707339	-4.76083595E-5	0.0022971801
4111750	0.5572541472	-5.50561042E-5	0.002240824
4112000	0.5446916186	-4.52453484E-5	0.0021942786
4112250	0.5322729558	-5.56569458E-5	0.0021373217
4112500	0.5196862214	-4.53978007E-5	0.0020906239
4112750	0.5072270977	-5.5024717E-5	0.0020342992
4113000	0.4947224777	-4.5675802E-5	0.0019873234
4113250	0.4822235115	-5.39979057E-5	0.0019320255
4113500	0.4696527671	-4.61376429E-5	0.0018845878
4113750	0.4571632978	-5.54103317E-5	0.0018278775
4114001	0.4445649463	-4.60210617E-5	0.0017805564
4114250	0.432166779	-5.54237834E-5	0.0017238326
4114500	0.419556943	-4.59807067E-5	0.0016765519
4114750	0.407171497	-5.57914625E-5	0.0016194605
4115000	0.3945472612	-4.63169986E-5	0.0015718435
4115250	0.382147592	-5.50157492E-5	0.0015155277
4115500	0.3695700452	-4.65456771E-5	0.001467682
4115750	0.3570823427	-5.65671759E-5	0.0014098149
4116000	0.3447289209	-4.70792603E-5	0.0013614356
4116250	0.3323488197	-5.73563409E-5	0.0013027793
4116500	0.3202587469	-4.15775247E-5	0.0012599017
4116750	0.3074381256	-5.9261995E-5	0.0011993398
4117000	0.2953079012	-4.13264267E-5	0.0011567133
4117250	0.2823968613	-5.8055828E-5	0.0010973575
4117500	0.2701483021	-4.01202598E-5	0.0010559372
4117751	0.2573670816	-5.7934763E-5	9.967025E-4
4118001	0.245110439	-4.1312975E-5	9.540895E-4
4118250	0.2323218861	-5.77643751E-5	8.950251E-4
4118500	0.2201230195	-4.12143294E-5	8.525108E-4
4118751	0.2073622061	-5.75850194E-5	7.936258E-4
4119000	0.195182024	-4.09632315E-5	7.513625E-4
4119251	0.1823889656	-5.80827314E-5	6.919798122E-4
4119500	0.1709235187	-4.41871499E-5	6.464926623E-4
4119750	0.157712821	-6.02305157E-5	5.849621466E-4
4120000	0.1460040346	-4.47566042E-5	5.389055424E-4
4120250	0.1326865749	-6.20151047E-5	4.755904377E-4
4120500	0.1213722379	-4.78549736E-5	4.264354641E-4
4120750	0.1076538357	-5.96879648E-5	3.654474994E-4
4121000	0.0942107119	-4.32814037E-5	3.208660957E-4
4121250	0.0830484761	-6.16429417E-5	2.57923154E-4
4121500	0.0712228916	-4.72003253E-5	2.094228287E-4
4121750	0.0577503955	-6.18088457E-5	1.46313983E-4
4122000	0.0463268976	-4.72361965E-5	9.77777865000001E-5
4122250	0.0330476562	-6.51583131E-5	3.13194733999999E-5
4122500	0.0213928032	-1.30420355E-5	1.69774379E-5
4122750	0.0080795246	-1.25443235E-5	3.13311429999996E-6
