Acquisition Time (ms)	Shunt Voltage (V)	Sample Voltage (V)	Integrated Sample Voltage (V)	
milliseconds	Volts	Volts	Volts	
7927250	0.0083437637	2.7861267E-6	1.6361267E-6
7927500	0.0211712594	5.6378885E-6	6.1240152E-6
7927750	0.0331469341	3.3331628E-6	8.307178E-6
7928000	0.0460345124	6.4270553E-6	1.35842333E-5
7928250	0.0580339842	3.7142945E-6	1.61485277E-5
7928500	0.0709536464	6.4360231E-6	2.14345508E-5
7928750	0.0829013672	2.6112545E-6	2.28958054E-5
7929000	0.0957978448	6.1714729E-6	2.79172782E-5
7929250	0.107764218	3.6918749E-6	3.04591532E-5
7929500	0.1227345239	4.0416193E-6	3.33507725E-5
7929750	0.1326450539	3.1807101E-6	3.53814826E-5
7930000	0.1455045017	6.0145363E-6	4.02460189E-5
7930250	0.1572735377	3.1044837E-6	4.22005026E-5
7930500	0.1699032066	5.7724056E-6	4.68229082E-5
7930750	0.1821355108	4.0191998E-6	4.9692108E-5
7931000	0.1947189766	4.8128505E-6	5.33549585E-5
7931250	0.2070295965	4.7097208E-6	5.69146793E-5
7931500	0.2195856761	5.2074339E-6	6.09721132E-5
7931750	0.2319008456	5.4092095E-6	6.52313227E-5
7932000	0.2444779507	6.8888972E-6	7.09702199E-5
7932250	0.2565086572	9.9379508E-6	7.97581707E-5
7932501	0.2686353921	2.32820438E-5	1.018902145E-4
7932750	0.2813134286	2.455759814E-4	3.463161959E-4
7933001	0.2934875592	2.46051275E-4	5.912174709E-4
7933250	0.3061504449	2.484860339E-4	8.385535048E-4
7933500	0.3183713088	2.095702464E-4	0.0010469738
7933750	0.3310330018	1.936658451E-4	0.0012394896
7934000	0.3432251102	1.070906606E-4	0.0013454303
7934250	0.3559342874	6.80538077E-5	0.0014123341
7934500	0.3672812228	4.71946945E-5	0.0014583788
7934751	0.380444083	6.29869982E-5	0.0015202158
7935000	0.3921132919	4.58719433E-5	0.0015649377
7935250	0.4053010648	6.35968089E-5	0.0016273845
7935500	0.4170646677	4.64593345E-5	0.0016726938
7935750	0.4301681176	6.20050236E-5	0.0017335489
7936000	0.4419997001	4.55177151E-5	0.0017779166
7936250	0.4550046481	6.28659328E-5	0.0018396325
7936500	0.466840736	4.5934718E-5	0.0018844172
7936751	0.4799654323	6.10903075E-5	0.0019443575
7937000	0.4916825671	4.68180467E-5	0.0019900256
7937251	0.5048366814	6.1067888E-5	0.0020499435
7937500	0.5160275155	4.84905422E-5	0.002097284
7937750	0.5292509346	6.34398723E-5	0.0021595739
7938000	0.5408728802	4.90689656E-5	0.0022074929
7938250	0.5541570348	6.27000284E-5	0.0022690429
7938500	0.5657466029	4.93962905E-5	0.0023172892
7938750	0.5789847752	6.35699055E-5	0.0023797091
7939000	0.5906653803	4.90599978E-5	0.0024276191
7939250	0.6038700266	6.32291289E-5	0.0024896982
7939500	0.615512556	4.97998417E-5	0.002538348
7939750	0.6288174269	6.34398723E-5	0.0026006379
7940000	0.6403650765	5.04948465E-5	0.0026499828
7940250	0.6531160839	6.25610275E-5	0.0027113938
7940500	0.6650593755	5.24812152E-5	0.002762725
7940750	0.6780037205	6.15162782E-5	0.0028230913
7941000	0.6899523569	5.20014377E-5	0.0028739427
7941250	0.7029740899	6.34040011E-5	0.0029361967
7941500	0.7147981191	5.26605713E-5	0.0029877073
7941750	0.7278511696	6.25117045E-5	0.003049069
7942000	0.7396570444	5.1709984E-5	0.003099629
7942250	0.7526859332	4.75803101E-5	0.0031460593
7942500	0.7642671088	5.47276503E-5	0.0031996369
7942750	0.7768461133	5.12615938E-5	0.0032497485
7943000	0.7891537737	5.65929536E-5	0.0033051915
7943250	0.8018190446	5.28802825E-5	0.0033569218
7943500	0.8139633155	5.69247624E-5	0.0034126965
7943750	0.8266853465	5.34676737E-5	0.0034650142
7944000	0.8388525423	5.58575936E-5	0.0035197218
7944250	0.8515145446	5.34497381E-5	0.0035720215
7944500	0.8636809011	5.66377926E-5	0.0036275093
7944750	0.8763921985	5.15037245E-5	0.0036778631
7945000	0.8885950846	5.57723995E-5	0.0037324855
7945250	0.9012509913	5.24632796E-5	0.0037837987
7945500	0.9135063529	5.54809458E-5	0.0038381297
7945750	0.9261385396	5.35035449E-5	0.0038904832
7946000	0.938363423	5.556614E-5	0.0039448994
7946250	0.9511158439	5.39564191E-5	0.0039977058
7946500	0.9632275163	5.59472717E-5	0.0040525031
7946750	0.9759789213	5.23825694E-5	0.0041037356
7947000	0.9881392705	5.6619857E-5	0.0041592055
7947250	1.000177	4.40738985E-5	0.0042021294
7947500	1.0127105	5.88349047E-5	0.0042598143
7947750	1.0249699	4.31053756E-5	0.0043017697
7948000	1.0376706	5.8453773E-5	0.0043590734
7948250	1.0499578	4.22937893E-5	0.0044002172
7948500	1.0625244	5.9601652E-5	0.0044586689
7948750	1.0748638	4.38541873E-5	0.0045013731
7949000	1.0874517	5.84223857E-5	0.0045586455
7949250	1.0997118	4.38048644E-5	0.0046013003
7949500	1.1123174	5.95747486E-5	0.0046597251
7949750	1.1246349	4.39079941E-5	0.0047024831
7950000	1.1372563	5.75525087E-5	0.0047588856
7950250	1.1487879	4.73740506E-5	0.0048051096
7950500	1.1618495	6.01800754E-5	0.0048641397
7950750	1.1736164	4.46747414E-5	0.0049076644
7951000	1.1866212	6.11934373E-5	0.0049677079
7951250	1.1985354	4.4647838E-5	0.0050112057
7951500	1.213629	4.81407979E-5	0.0050581965
7951750	1.2234917	4.40783824E-5	0.0051011249
7952000	1.2364336	6.0933371E-5	0.0051609083
7952250	1.2482779	4.46119668E-5	0.0052043702
7952501	1.2614002	6.08257573E-5	0.005264046
7952750	1.2732498	4.42128995E-5	0.0053071089
7953000	1.2862545	6.08795641E-5	0.0053668385
7953250	1.297655	4.64996896E-5	0.0054121881
7953500	1.3107194	6.24309943E-5	0.0054734691
7953750	1.3223026	4.81004427E-5	0.0055204196
7954000	1.3356053	6.35160986E-5	0.0055827857
7954250	1.3472611	4.72933403E-5	0.005628929
7954500	1.3605679	6.36416479E-5	0.0056914207
7954750	1.3722005	4.84143159E-5	0.005738685
7955000	1.3854195	6.35026469E-5	0.0058010376
7955250	1.3971639	4.79076349E-5	0.0058477953
7955500	1.4103375	6.39689728E-5	0.0059106142
7955750	1.4217688	5.10508504E-5	0.0059605151
7956000	1.4347387	6.30273533E-5	0.0060223924
7956250	1.4463656	5.38532893E-5	0.0060750957
7956500	1.4593101	5.66736638E-5	0.0061306194
7956750	1.4712163	5.40371293E-5	0.0061835065
7957000	1.4840361	5.51894922E-5	0.006237546
7957500	1.4818172	-4.9792015E-5	0.006186604
7957750	1.4697261	-5.18142503E-5	0.0061336398
7958000	1.4569156	-5.51054271E-5	0.0060773843
7958250	1.4448469	-5.06708578E-5	0.0060255635
7958500	1.4320284	-5.54775901E-5	0.0059689359
7958750	1.4199712	-5.16348946E-5	0.005916151
7959000	1.4071068	-5.43745526E-5	0.0058606264
7959250	1.3953125	-5.57331719E-5	0.0058037433
7959500	1.3828873	-4.31648225E-5	0.0057594284
7959750	1.370452	-5.46211667E-5	0.0057036573
7960000	1.3579604	-4.36042439E-5	0.005658903
7960251	1.3455108	-5.49215875E-5	0.0056028314
7960500	1.3330745	-4.35549211E-5	0.0055581265
7960750	1.3206044	-5.51412982E-5	0.0055018352
7961000	1.3082091	-4.25864004E-5	0.0054580988
7961250	1.2957345	-5.54551706E-5	0.0054014936
7961500	1.2832608	-4.28823373E-5	0.0053574613
7961750	1.2708218	-5.63833363E-5	0.005299928
7962000	1.2591478	-4.14564596E-5	0.0052573215
7962250	1.2459867	-5.68272416E-5	0.0051993443
7962500	1.2343144	-4.04206805E-5	0.0051577736
7962750	1.2213601	-5.8598379E-5	0.0050980252
7963000	1.209363	-4.09094248E-5	0.0050559658
7963250	1.1964666	-5.79975374E-5	0.0049968182
7963500	1.1845212	-4.12546845E-5	0.0049544136
7963750	1.1716123	-5.79661502E-5	0.0048952974
7964000	1.1595796	-4.09452959E-5	0.0048532021
7964250	1.1467014	-5.71994047E-5	0.0047948527
7964500	1.1345409	-3.98422585E-5	0.0047538605
7964750	1.1216943	-5.78675046E-5	0.004694843
7965000	1.1098853	-4.01785504E-5	0.0046535144
7965250	1.09684	-5.80334086E-5	0.004594331
7965500	1.0849058	-4.11694905E-5	0.0045520115
7965750	1.0720035	-5.81544737E-5	0.004492707
7966000	1.0599401	-4.15551052E-5	0.0044500019
7966251	1.0471172	-5.847283E-5	0.0043903791
7966501	1.0350177	-4.1312975E-5	0.0043479161
7966750	1.022164	-5.8513185E-5	0.0042882529
7967000	1.0100814	-4.00395497E-5	0.0042470634
7967250	0.9965253176	-5.50426526E-5	0.0041908707
7967500	0.986066578	-4.32186292E-5	0.0041465021
7967750	0.9727920087	-6.03605486E-5	0.0040849916
7968000	0.9611585343	-4.25505293E-5	0.004041291
7968250	0.9479117486	-6.0010805E-5	0.0039801302
7968500	0.9361692596	-4.37566962E-5	0.0039352235
7968750	0.923014306	-6.07640988E-5	0.0038733094
7969000	0.9112804303	-4.34876627E-5	0.0038286718
7969250	0.8980679658	-5.95489641E-5	0.0037679728
7969500	0.8864590064	-4.29451118E-5	0.0037238777
7969750	0.8731652226	-5.9678997E-5	0.0036630487
7970000	0.8614382818	-4.29002728E-5	0.0036189984
7970250	0.8483234357	-6.00377083E-5	0.0035578107
7970500	0.8365736142	-4.31917258E-5	0.003513469
7970750	0.8238171296	-5.91095427E-5	0.0034532094
7971000	0.8121976134	-4.74559072E-5	0.0034046035
7971251	0.7989802016	-6.00152889E-5	0.0033434382
7971500	0.7873490683	-4.77518441E-5	0.0032945364
7971750	0.7741551115	-6.17191679E-5	0.0032316672
7972000	0.7625187218	-4.78908447E-5	0.0031826264
7972250	0.7492962745	-6.03784841E-5	0.0031210979
7972500	0.7375850146	-4.61869657E-5	0.0030737609
7972750	0.724443489	-6.06564854E-5	0.0030119544
7973001	0.7127191544	-4.61376429E-5	0.0029646668
7973250	0.699486636	-6.07506472E-5	0.0029027662
7973500	0.6878557236	-4.8168846E-5	0.0028534473
7973750	0.6751625364	-5.74505026E-5	0.0027948468
7974000	0.6632273281	-4.95184975E-5	0.0027441783
7974250	0.6502822322	-5.73428892E-5	0.0026856854
7974500	0.6383621747	-5.07919229E-5	0.0026337435
7974750	0.6254605433	-5.67016926E-5	0.0025758918
7975000	0.6134229902	-5.08636652E-5	0.0025238781
7975250	0.6005851421	-5.81186025E-5	0.0024646095
7975500	0.588556865	-5.03435337E-5	0.002413116
7975750	0.5756383602	-5.7598471E-5	0.0023543675
7976000	0.5636725412	-4.97247566E-5	0.0023034928
7976250	0.5513932387	-4.63797731E-5	0.002255963
7976500	0.5390946776	-5.30338689E-5	0.0022017791
7976750	0.5265561782	-4.58999966E-5	0.0021547291
7977000	0.5141983834	-5.35540004E-5	0.0021000251
7977250	0.5016476486	-4.63573536E-5	0.0020525178
7977500	0.4893413133	-5.456736E-5	0.0019968004
7977750	0.4768215425	-4.65636127E-5	0.0019490868
7978000	0.4644472277	-5.4150358E-5	0.0018937865
7978250	0.4518414555	-4.75366172E-5	0.0018450998
7978500	0.4395552623	-5.40741319E-5	0.0017898757
7978750	0.4269921595	-4.67384845E-5	0.0017419872
7979000	0.4147132104	-5.21819294E-5	0.0016886553
7979250	0.4021690571	-4.51736061E-5	0.0016423317
7979500	0.3898200082	-5.3863389E-5	0.0015873183
7979750	0.3773533313	-4.85096218E-5	0.0015376587
7980000	0.3649743343	-5.43341976E-5	0.0014821745
7980250	0.3524695375	-3.70443098E-5	0.0014439802
7980500	0.3404133883	-5.66837571E-5	0.0013861464
7980750	0.3281888583	-3.98512262E-5	0.0013451452
7981000	0.3155737659	-5.68720805E-5	0.0012871231
7981250	0.3033441119	-3.96987739E-5	0.0012462743
7981500	0.2906351998	-5.62891746E-5	0.0011888352
7981751	0.278464382	-8.57707649E-5	0.0011019144
7982000	0.2657922645	-3.3295776E-5	0.0010674686
7982250	0.253667694	-2.34850202E-5	0.0010428336
7982500	0.2409230473	-2.60587742E-5	0.0010156248
7982750	0.22869357	-2.50498985E-5	9.894249E-4
7983000	0.2160806862	-3.04754079E-5	9.577995E-4
7983250	0.2038960869	-3.38293592E-5	9.228202E-4
7983500	0.1911719799	-3.75509896E-5	8.841192E-4
7983750	0.1789313273	-4.1232265E-5	8.417369E-4
7984000	0.1662829739	-4.67205489E-5	7.938664E-4
7984250	0.1549579475	-4.79939742E-5	7.447224E-4
7984500	0.1417778605	-5.02135008E-5	6.933588772E-4
7984750	0.1300514939	-4.91732378E-5	6.430356393E-4
7985000	0.1169504734	-5.27289643E-5	5.891566751E-4
7985250	0.105133865	-5.43162621E-5	5.33690413E-4
7985500	0.0913015611	-5.16348946E-5	4.809055184E-4
7985750	0.080290256	-4.69402596E-5	4.328152588E-4
7986000	0.0671872306	-4.53529618E-5	3.86312297E-4
7986250	0.0554903171	-4.14205885E-5	3.437417086E-4
7986500	0.0423407928	-3.79769593E-5	3.046147492E-4
7986750	0.0305628694	-3.13677024E-5	2.720970468E-4
7987000	0.0174457866	-3.05516341E-5	2.403954127E-4
7987250	0.0060846821	-2.54534488E-5	2.137919639E-4
