Acquisition Time (ms)	Shunt Voltage (V)	Sample Voltage (V)	Integrated Sample Voltage (V)	
milliseconds	Volts	Volts	Volts	
5482750	0.0038167504	3.2569364E-6	3.0569364E-6
5483000	0.0166722804	4.9653032E-6	7.8222396E-6
5483250	0.028479387	2.221155E-6	9.8433946E-6
5483500	0.0415456351	4.4989773E-6	1.4142372E-5
5483750	0.0533809101	3.3331628E-6	1.72755347E-5
5484000	0.0660028726	6.0369558E-6	2.31124905E-5
5484250	0.0780575102	3.6604876E-6	2.65729782E-5
5484500	0.0908838125	8.8887176E-6	3.52616958E-5
5484750	0.1029780075	1.513153884E-4	1.863770842E-4
5485000	0.1158011318	1.611665217E-4	3.473436059E-4
5485250	0.1308751997	1.145563579E-4	4.616999638E-4
5485500	0.140718766	7.86582365E-5	5.401582003E-4
5485750	0.152895282	5.6758858E-5	5.967170582E-4
5486000	0.1656769442	5.68081809E-5	6.533252391E-4
5486250	0.1778567288	5.44048093E-5	7.075300484E-4
5486500	0.1906443983	5.52343312E-5	7.625643796E-4
5486750	0.2025816384	5.6530179E-5	8.188945586E-4
5487000	0.2150132876	4.56477482E-5	8.643423068E-4
5487250	0.2274443183	5.82161262E-5	9.22358433E-4
5487500	0.2399007475	4.54011336E-5	9.675595666E-4
5487750	0.2524145552	5.80367701E-5	0.0010253963
5488000	0.2649135213	4.82528954E-5	0.0010734492
5488250	0.2773518403	5.85613867E-5	0.0011318106
5488500	0.2898021739	4.65624643E-5	0.0011781731
5488750	0.302313773	5.71579253E-5	0.001235131
5489000	0.3147860155	4.71050164E-5	0.001282036
5489250	0.3272469502	5.84492891E-5	0.0013402853
5489500	0.3397846987	4.68359823E-5	0.0013869213
5489750	0.3522040241	5.7261055E-5	0.0014439824
5490000	0.364662441	4.69974028E-5	0.0014907798
5490250	0.3771661334	5.70816989E-5	0.0015476615
5490500	0.3888126825	4.36793151E-5	0.0015911408
5490750	0.4017563208	6.01217847E-5	0.0016510626
5491000	0.4138488671	4.20382069E-5	0.0016929008
5491250	0.4266814588	6.0337012E-5	0.0017530378
5491500	0.4387781131	4.38228E-5	0.0017966606
5491750	0.4515647225	6.14848909E-5	0.0018579455
5492000	0.4636512615	4.35537659E-5	0.0019012992
5492250	0.4765851379	6.04804968E-5	0.0019615797
5492500	0.4887080741	4.35268625E-5	0.0020049066
5492750	0.5015358069	6.05791427E-5	0.0020652857
5493000	0.5136354207	4.29260196E-5	0.0021080117
5493250	0.5265133321	5.97810081E-5	0.0021675928
5493500	0.5386327787	4.33071512E-5	0.0022106999
5493750	0.5510310785	6.12248246E-5	0.0022717247
5494000	0.5627468882	4.68270145E-5	0.0023183517
5494250	0.5759584693	6.29287075E-5	0.0023810805
5494500	0.5876898714	4.78224408E-5	0.0024287029
5494750	0.6009829485	6.2031927E-5	0.0024905348
5495000	0.6126919557	4.71633072E-5	0.0025374981
5495250	0.6258898438	6.31125474E-5	0.0026004107
5495500	0.6372468061	4.90599978E-5	0.0026492707
5495750	0.6504103731	6.3592325E-5	0.002712663
5496000	0.6621849746	5.03648134E-5	0.0027628278
5496250	0.6753218622	6.46863971E-5	0.0028273142
5496500	0.6870953594	4.98984875E-5	0.0028770127
5496750	0.7002821605	6.35788733E-5	0.0029403916
5497000	0.7120463818	5.00868114E-5	0.0029902784
5497250	0.7253069047	6.40631347E-5	0.0030541415
5497500	0.7370110973	4.85757364E-5	0.0031025173
5497750	0.7502026247	6.2767287E-5	0.0031650845
5498000	0.7619411825	5.05396856E-5	0.0032154242
5498250	0.7751296179	6.34353884E-5	0.0032786596
5498500	0.7868450742	5.09656563E-5	0.0033294253
5498750	0.7994762891	5.95209417E-5	0.0033887462
5499000	0.8115160066	5.35349323E-5	0.0034420811
5499250	0.8244470119	6.08795641E-5	0.0035027607
5499500	0.8364445458	5.37501596E-5	0.0035563109
5499750	0.8493718849	5.83282238E-5	0.0036144391
5500000	0.8613995878	5.34048991E-5	0.003667644
5500250	0.8743331108	5.89514862E-5	0.0037263955
5500500	0.8863640824	5.34273186E-5	0.0037796228
5500750	0.8992493704	5.95971681E-5	0.00383902
5501000	0.9113243366	5.32031235E-5	0.0038920231
5501250	0.9242052516	6.22471543E-5	0.0039540702
5501500	0.9360890446	5.54002356E-5	0.0040092705
5501750	0.9486014829	4.93828388E-5	0.0040584533
5502000	0.9609875032	5.60369497E-5	0.0041142903
5502250	0.9738148385	4.99074553E-5	0.0041639977
5502500	0.9859439144	5.64270492E-5	0.0042202248
5502750	0.99874912	5.03154904E-5	0.0042703403
5503000	1.0109347	5.6803697E-5	0.004326944
5503250	1.023479	4.92528056E-5	0.0043759968
5503500	1.0358547	5.6530179E-5	0.0044323269
5503751	1.0485323	5.02661675E-5	0.0044823931
5504000	1.0608449	5.61221439E-5	0.0045383153
5504250	1.0733944	4.7584794E-5	0.0045857
5504500	1.0858212	5.57858512E-5	0.0046412859
5504750	1.0984012	4.85757364E-5	0.0046896616
5505001	1.1107775	5.67409224E-5	0.0047462026
5505250	1.123406	4.96832602E-5	0.0047956858
5505500	1.1357409	5.71534414E-5	0.0048526393
5505751	1.1484076	5.06831704E-5	0.0049031224
5506000	1.1606983	5.71803448E-5	0.0049601028
5506250	1.1733652	5.10060114E-5	0.0050109088
5506500	1.1856262	5.77722199E-5	0.005068481
5506750	1.197509	4.21458206E-5	0.0051104268
5507000	1.2128142	4.54504565E-5	0.0051556773
5507250	1.2226128	4.17915923E-5	0.0051972689
5507500	1.2352714	6.0337012E-5	0.0052574059
5507750	1.2474724	4.25314362E-5	0.0052997373
5508000	1.2602299	5.97989437E-5	0.0053593363
5508250	1.2725428	4.32309249E-5	0.0054023672
5508500	1.2852125	5.87183232E-5	0.0054608855
5508750	1.2974933	4.36613795E-5	0.0055043469
5509000	1.3101773	5.98079115E-5	0.0055639548
5509250	1.3224549	4.29708586E-5	0.0056067257
5509500	1.3351982	6.02742373E-5	0.0056667999
5509750	1.3474741	4.37465737E-5	0.0057103465
5510000	1.3601661	5.90860032E-5	0.0057692325
5510250	1.3724731	4.27018244E-5	0.0058117343
5510500	1.385121	6.01576559E-5	0.005871692
5510750	1.3974491	4.2172724E-5	0.0059136647
5511000	1.4101286	5.99513964E-5	0.0059734161
5511250	1.4223617	4.21996274E-5	0.0060154157
5511500	1.4351187	5.92519076E-5	0.0060744676
5511750	1.4465901	4.45760956E-5	0.0061188437
5512000	1.4596839	6.24848011E-5	0.0061811285
5512250	1.4715754	4.59526536E-5	0.0062268812
5512500	1.4846874	6.21081533E-5	0.0062887893
5512750	1.4961125	1.70494197E-5	0.0063056387
5513000	1.4896947	-5.38858084E-5	0.0062515529
5513250	1.4780198	-4.2559497E-5	0.0062087934
5513500	1.4648516	-5.88763803E-5	0.0061497171
5513750	1.4530042	-4.18779454E-5	0.0061076391
5514000	1.4399354	-6.07371955E-5	0.0060467019
5514250	1.4284921	-4.6590516E-5	0.0059999114
5514500	1.4153528	-6.09344867E-5	0.0059387769
5514750	1.4036694	-4.61286751E-5	0.0058924482
5515000	1.3903609	-6.26518174E-5	0.0058295964
5515250	1.3786819	-4.58148027E-5	0.0057835816
5515500	1.3653774	-6.16832967E-5	0.0057216983
5515750	1.3536708	-4.63887409E-5	0.0056751096
5516000	1.3403823	-6.11990364E-5	0.0056137105
5516250	1.3287417	-4.68595495E-5	0.005566651
5516501	1.3153788	-6.08448089E-5	0.0055056062
5516750	1.3037707	-4.65770643E-5	0.0054588291
5517000	1.2904336	-6.08492928E-5	0.0053977798
5517250	1.2787761	-4.64156442E-5	0.0053511642
5517500	1.2654715	-6.17684907E-5	0.0052891957
5517750	1.2539543	-4.75007461E-5	0.0052414949
5518000	1.2409714	-5.98000621E-5	0.0051814949
5518250	1.2290817	-4.95184975E-5	0.0051317764
5518500	1.2160026	-5.92978661E-5	0.0050722785
5518750	1.2041619	-5.05453088E-5	0.0050215332
5519000	1.191073	-5.93561567E-5	0.0049619771
5519251	1.1791771	-4.88728171E-5	0.0049129042
5519500	1.1661252	-5.97776426E-5	0.0048529266
5519750	1.1541976	-5.04242437E-5	0.0048023023
5520000	1.1411372	-5.94458346E-5	0.0047426565
5520250	1.1292413	-5.00475968E-5	0.0046924089
5520500	1.1161502	-5.96655453E-5	0.0046325434
5520750	1.1042717	-5.01058874E-5	0.0045822375
5521000	1.0918643	-4.90701083E-5	0.0045329674
5521250	1.0795951	-5.34329353E-5	0.0044793344
5521500	1.0668056	-5.23388656E-5	0.0044267956
5521750	1.0546593	-5.31728696E-5	0.0043734227
5522000	1.0418827	-5.48050063E-5	0.0043184177
5522250	1.029629	-5.41458742E-5	0.0042640718
5522500	1.0168542	-5.04825343E-5	0.0042133893
5522750	1.0046709	-5.25944475E-5	0.0041605948
5523000	0.9906113153	-6.04009036E-5	0.0040999939
5523250	0.9797104214	-5.42310681E-5	0.0040455629
5523500	0.9669366658	-5.0912988E-5	0.0039944499
5523750	0.9547279049	-5.27110287E-5	0.0039415389
5524000	0.9418925746	-5.26886092E-5	0.0038886502
5524250	0.9297196365	-5.28186421E-5	0.0038356316
5524500	0.9169284775	-5.27603515E-5	0.0037826713
5524751	0.9047387985	-5.16976691E-5	0.0037307736
5525000	0.8919853617	-5.29935139E-5	0.0036775801
5525251	0.8798080066	-5.33342897E-5	0.0036240458
5525500	0.8677194798	-4.12815878E-5	0.0035825642
5525750	0.8551852209	-5.66703054E-5	0.0035256939
5526000	0.8427248162	-4.21200756E-5	0.0034833738
5526250	0.8302248342	-5.64147235E-5	0.0034267591
5526500	0.8178582493	-4.28150789E-5	0.003383744
5526751	0.8052633432	-5.55583002E-5	0.0033279857
5527000	0.7928990552	-4.26671105E-5	0.0032851186
5527250	0.7803867494	-5.72397597E-5	0.0032276788
5527500	0.7679505948	-4.30034024E-5	0.0031844754
5527750	0.7554229615	-5.59708182E-5	0.0031283046
5528000	0.7430648133	-4.29092406E-5	0.0030851954
5528250	0.7307939034	-5.67106604E-5	0.0030282847
5528500	0.7181260264	-4.21514629E-5	0.0029859333
5528750	0.7055219326	-5.50381687E-5	0.0029306951
5529000	0.6937861134	-4.05103584E-5	0.0028899847
5529250	0.6806047896	-5.74998254E-5	0.0028322849
5529500	0.6688968425	-3.97211934E-5	0.0027923637
5529750	0.655975069	-5.73563409E-5	0.0027348074
5530000	0.6439525341	-4.21111078E-5	0.0026924963
5530250	0.6309814213	-5.82262159E-5	0.00263407
5530500	0.6190827427	-4.1936236E-5	0.0025919338
5530750	0.6060364946	-5.89974454E-5	0.0025327364
5531000	0.5941513765	-4.13533301E-5	0.002491183
5531250	0.5810863998	-5.8723928E-5	0.0024322591
5531500	0.5691296801	-4.18869132E-5	0.0023901722
5531750	0.5560957558	-5.81275703E-5	0.0023318446
5532000	0.5440820552	-4.01830342E-5	0.0022914616
5532250	0.5311731797	-5.83786683E-5	0.0022328829
5532500	0.5191648238	-4.15999441E-5	0.002191083
5532750	0.506190354	-5.89257031E-5	0.0021319573
5533000	0.4942330159	-4.17927515E-5	0.0020899645
5533250	0.4812406126	-5.88584447E-5	0.0020309061
5533500	0.4692702881	-4.1398169E-5	0.0019893079
5533750	0.4562776639	-5.91005749E-5	0.0019300073
5534000	0.4442496518	-4.12546845E-5	0.0018885526
5534250	0.4317557654	-5.91678333E-5	0.0018291848
5534500	0.4200523679	-4.49673471E-5	0.0017840175
5534750	0.4067870303	-6.03919358E-5	0.0017234255
5535000	0.3951317353	-4.48373142E-5	0.0016783882
5535250	0.3819001004	-6.08851639E-5	0.0016173031
5535500	0.3702125162	-4.39136324E-5	0.0015731894
5535750	0.3568961167	-6.04591942E-5	0.0015125302
5536000	0.3454180368	-4.58058349E-5	0.0014665244
5536250	0.3324405192	-6.07013244E-5	0.0014056231
5536500	0.3206730734	-4.75904239E-5	0.0013578326
5536750	0.3075575206	-6.05174848E-5	0.0012971152
5537000	0.2955202325	-4.74245199E-5	0.0012494906
5537250	0.2825380327	-6.06699371E-5	0.0011886207
5537500	0.2708140072	-4.87607198E-5	0.00113966
5537750	0.257633876	-5.97641909E-5	0.0010796958
5538000	0.24584832	-4.72496481E-5	0.0010322461
5538250	0.2326822794	-6.19568141E-5	9.700893E-4
5538500	0.2209215918	-4.78101347E-5	9.22079193E-4
5538750	0.207753431	-6.02036123E-5	8.616755806E-4
5539000	0.1959199933	-4.77921991E-5	8.136833815E-4
5539250	0.1827835916	-6.08358411E-5	7.526475404E-4
5539500	0.1710023644	-4.84333957E-5	7.040141448E-4
5539750	0.1577808005	-6.12842303E-5	6.425299144E-4
5540000	0.1462714032	-4.90970117E-5	5.932329028E-4
5540250	0.1328421903	-6.08537767E-5	5.321791261E-4
5540500	0.1211248347	-4.81195232E-5	4.838596029E-4
5540750	0.1083766542	-7.18976029E-5	4.11762E-4
5541000	0.0955173939	-2.3493988E-5	3.88068012E-4
5541250	0.0835611045	-2.07857172E-5	3.670822949E-4
5541500	0.0714552925	-1.85079E-5	3.483743949E-4
5541750	0.0586135338	-2.29065981E-5	3.252677968E-4
5542000	0.0465277151	-2.26241129E-5	3.024436839E-4
5542250	0.0336455676	-3.05606019E-5	2.71683082E-4
5542500	0.0216158802	-3.10672817E-5	2.404158004E-4
5542750	0.008688311	-3.09058616E-5	2.093099388E-4
