Acquisition Time (ms)	Shunt Voltage (V)	Sample Voltage (V)	Integrated Sample Voltage (V)	
milliseconds	Volts	Volts	Volts	
8362000	0.0032165906	5.1715627E-6	4.3215627E-6
8362250	0.0150119909	2.6650613E-6	6.136624E-6
8362500	0.0276666363	4.010232E-6	9.296856E-6
8362750	0.0398258843	3.7322301E-6	1.21790861E-5
8363000	0.0525103922	3.9295218E-6	1.52586078E-5
8363250	0.0646925879	2.7906106E-6	1.71992184E-5
8363500	0.0773285631	3.7501657E-6	2.00993841E-5
8363750	0.0889277273	3.8039725E-6	2.30533566E-5
8364000	0.1022044924	4.0954261E-6	2.62987827E-5
8364251	0.1144444912	2.9027081E-6	2.83514909E-5
8364500	0.128860725	3.8622632E-6	3.13637541E-5
8364750	0.1383812227	2.6426418E-6	3.31563959E-5
8365000	0.1515261494	5.2657246E-6	3.75721206E-5
8365250	0.1632798138	3.3645501E-6	4.00866707E-5
8365500	0.1763699682	5.158111E-6	4.43947816E-5
8365750	0.1881360888	3.2345169E-6	4.67792985E-5
8366000	0.2012819431	5.0953363E-6	5.10246349E-5
8366250	0.2130618453	2.9251277E-6	5.30997625E-5
8366500	0.2260974039	5.1670788E-6	5.74168413E-5
8366750	0.2379221399	3.871231E-6	6.04380724E-5
8367000	0.2509863657	7.3821265E-6	6.69701989E-5
8367251	0.2628434792	4.1178457E-6	7.02380445E-5
8367500	0.2758660957	1.24220326E-5	8.18100771E-5
8367750	0.2872545079	3.56845174E-5	1.166445945E-4
8368000	0.3007173352	2.712956446E-4	3.870902392E-4
8368250	0.311940856	2.596195632E-4	6.458598023E-4
8368500	0.3250366643	2.56323895E-4	9.013336974E-4
8368750	0.3367241601	2.214212E-4	0.0011219049
8369000	0.3494976948	2.016920301E-4	0.0013227469
8369250	0.3613257878	1.30007885E-4	0.0014519048
8369500	0.374332591	7.38873645E-5	0.0015249422
8369751	0.3862349358	5.21000835E-5	0.0015761923
8370000	0.3994004022	6.34847113E-5	0.001638827
8370250	0.4110780478	5.31134454E-5	0.0016910904
8370500	0.4240674475	6.27493514E-5	0.0017529898
8370750	0.4359183329	5.27637011E-5	0.0018049035
8371000	0.4489083509	6.32067094E-5	0.0018672602
8371250	0.4607590596	5.2996864E-5	0.001919407
8371500	0.4738586666	6.40317474E-5	0.0019825888
8371750	0.4856313246	5.28982181E-5	0.002034637
8372000	0.498688218	6.33726138E-5	0.0020971596
8372250	0.5105073884	5.15934026E-5	0.002147903
8372500	0.5235152517	6.30766762E-5	0.0022101297
8372750	0.5353925072	5.30237674E-5	0.0022623035
8373000	0.5483046514	4.97146475E-5	0.0023111681
8373250	0.5599645402	5.51760405E-5	0.0023654942
8373500	0.57267544	5.39519352E-5	0.0024185961
8373750	0.5848027933	5.54630102E-5	0.0024732091
8374000	0.5979996655	5.17637909E-5	0.0025241229
8374250	0.6096908717	5.51222337E-5	0.0025783951
8374500	0.6224243431	5.53733322E-5	0.0026329185
8374750	0.6345650802	5.58531097E-5	0.0026879216
8375000	0.6472894965	5.32076074E-5	0.0027402792
8375250	0.6594521868	5.59024326E-5	0.0027953316
8375500	0.6721753221	5.37367079E-5	0.0028482183
8375750	0.6842785579	5.53240093E-5	0.0029026923
8376000	0.6970351308	5.40460971E-5	0.0029558884
8376250	0.7091398684	5.53015897E-5	0.00301034
8376500	0.7219113271	5.56782375E-5	0.0030651682
8376750	0.7337984329	5.6252177E-5	0.0031205704
8377000	0.746605096	4.29843103E-5	0.0031627047
8377250	0.758890715	5.74224755E-5	0.0032192772
8377500	0.7708602885	4.53518107E-5	0.003263779
8377750	0.7834206085	5.86151935E-5	0.0033215442
8378000	0.7957886069	4.40290595E-5	0.0033647233
8378250	0.8082432251	5.92519076E-5	0.0034231252
8378500	0.8205903745	4.58943628E-5	0.0034681695
8378750	0.833092521	5.83999662E-5	0.0035257195
8379000	0.8454880822	4.41590927E-5	0.0035690286
8379250	0.8580108125	5.74135077E-5	0.0036255921
8379500	0.8703071209	4.42398029E-5	0.0036689819
8379750	0.8828517159	5.92429398E-5	0.0037273749
8380000	0.8951418403	4.43025775E-5	0.0037708274
8380250	0.9077049431	5.81309321E-5	0.0038281084
8380500	0.9200929069	4.59840409E-5	0.0038732424
8380750	0.932605787	5.8408934E-5	0.0039308013
8381000	0.9440757835	4.36748312E-5	0.0039736262
8381250	0.9571123581	6.10723719E-5	0.0040338485
8381500	0.9690412499	4.29305035E-5	0.004075929
8381750	0.9819713717	6.18166997E-5	0.0041368957
8382000	0.9938706688	4.44460624E-5	0.0041804918
8382250	1.0068682	6.07450471E-5	0.0042403869
8382500	1.0187386	4.33744098E-5	0.0042829113
8382750	1.0317051	6.04177222E-5	0.004342479
8383000	1.0437016	4.38990263E-5	0.004385528
8383250	1.0562937	6.16149241E-5	0.0044462929
8383500	1.0678092	4.83784447E-5	0.0044938214
8383750	1.0810365	6.26058665E-5	0.0045555773
8384000	1.0926842	4.82304759E-5	0.0046029577
8384250	1.1059851	6.36012928E-5	0.004665709
8384500	1.1176188	4.67418204E-5	0.0047116008
8384750	1.130848	6.33905494E-5	0.0047741414
8385000	1.1425467	4.65534965E-5	0.0048198449
8385250	1.1553023	6.10320168E-5	0.0048800269
8385500	1.1670118	5.17144679E-5	0.0049308914
8385750	1.1801568	6.2812126E-5	0.0049928535
8386000	1.1918819	5.03199744E-5	0.0050423235
8386250	1.2068866	5.53553966E-5	0.0050968289
8386500	1.2167893	4.93335159E-5	0.0051453124
8386750	1.2299277	6.33008713E-5	0.0052077633
8387000	1.2416873	5.01764895E-5	0.0052570897
8387250	1.2543009	6.46415581E-5	0.0053208813
8387501	1.2665995	5.23242787E-5	0.0053723556
8387751	1.2791895	5.81398999E-5	0.0054296455
8388000	1.291174	5.47097146E-5	0.0054835052
8388250	1.3039934	5.59921107E-5	0.0055386473
8388500	1.3160564	5.41492269E-5	0.0055919465
8388750	1.3288909	5.76825418E-5	0.0056487791
8389000	1.34092	5.31313811E-5	0.0057010605
8389250	1.3537679	5.61266278E-5	0.0057563371
8389501	1.3658674	5.50953302E-5	0.0058105824
8389750	1.3786815	5.6942698E-5	0.0058666751
8390000	1.3907591	5.36066747E-5	0.0059194318
8390250	1.4035999	5.97361691E-5	0.005978318
8390500	1.4154348	5.65212112E-5	0.0060339892
8390750	1.4278769	5.12660777E-5	0.0060844052
8391000	1.4402027	5.80188345E-5	0.0061415741
8391250	1.4527321	4.53249073E-5	0.006186049
8391500	1.4651336	5.76511545E-5	0.0062428501
8391750	1.4776064	4.57777814E-5	0.0062877779
8392000	1.4900066	2.48872808E-5	0.0063118152
8392250	1.4863402	-3.66183401E-5	0.0062743469
8392500	1.4740968	-5.41324225E-5	0.0062193644
8392750	1.4616347	-4.46579585E-5	0.0061738565
8393000	1.4492465	-5.52264921E-5	0.00611778
8393250	1.4367951	-4.30796285E-5	0.0060738504
8393500	1.4242871	-5.59483988E-5	0.006017052
8393750	1.4118967	-4.49628632E-5	0.0059712391
8394000	1.3994881	-5.57511075E-5	0.005914638
8394250	1.3873846	-3.88109633E-5	0.005874977
8394500	1.3748979	-5.8055828E-5	0.0058160712
8394750	1.3628795	-4.03803255E-5	0.0057748409
8395000	1.3499973	-5.85087011E-5	0.0057154822
8395251	1.3379179	-4.02189054E-5	0.0056744133
8395500	1.3251292	-5.79078596E-5	0.0056156554
8395750	1.3130948	-4.02323571E-5	0.0055745731
8396000	1.300287	-5.80020213E-5	0.005515721
8396250	1.2889956	-4.47566042E-5	0.0054701144
8396500	1.2756928	-5.98538688E-5	0.0054094106
8396750	1.2640669	-4.44023767E-5	0.0053641582
8397000	1.2508292	-5.90019293E-5	0.0053043063
8397250	1.2391516	-4.4595184E-5	0.0052588611
8397500	1.2259776	-6.0176709E-5	0.0051978344
8397750	1.2142817	-4.43440861E-5	0.0051526403
8398000	1.2010854	-6.02305157E-5	0.0050915598
8398250	1.189467	-4.49314759E-5	0.0050457783
8398500	1.1762552	-6.02663868E-5	0.0049846619
8398750	1.1645415	-4.41288593E-5	0.004939683
8399000	1.1513051	-5.91768011E-5	0.0048796562
8399250	1.1399246	-4.56578665E-5	0.0048331484
8399500	1.1268865	-6.06699371E-5	0.0047716284
8399750	1.115245	-4.59179322E-5	0.0047248605
8400000	1.1020099	-6.0965874E-5	0.0046630446
8400250	1.0903434	-4.825404E-5	0.0046139406
8400500	1.0771668	-6.0674421E-5	0.0045524162
8400750	1.0654375	-4.67878073E-5	0.0045047784
8401000	1.0522363	-6.05354204E-5	0.0044433929
8401250	1.0405912	-4.85499769E-5	0.004393993
8401500	1.02737	-6.14949733E-5	0.004331648
8401750	1.015691	-4.75097139E-5	0.0042832883
8402000	1.0024796	-6.08179056E-5	0.0042216204
8402250	0.9891658548	-4.30034024E-5	0.004177767
8402500	0.9775811897	-6.0965874E-5	0.0041159511
8402750	0.9658765113	-4.64963543E-5	0.0040686047
8403000	0.9527285367	-6.08134217E-5	0.0040069413
8403250	0.9412002341	-4.82002333E-5	0.0039578911
8403500	0.9277677525	-6.20195886E-5	0.0038950215
8403750	0.9161610017	-4.76218112E-5	0.0038465497
8404000	0.903499132	-5.77060845E-5	0.0037879936
8404250	0.8915361841	-5.17111208E-5	0.0037354325
8404500	0.8786131739	-5.85849273E-5	0.0036759975
8404750	0.8666479291	-5.13075705E-5	0.00362384
8405000	0.8537564571	-5.79616663E-5	0.0035650283
8405250	0.8417692151	-5.09757625E-5	0.0035132025
8405500	0.8288349853	-5.85311206E-5	0.0034538214
8405750	0.8169687284	-5.10161175E-5	0.0034019553
8406000	0.8040011935	-5.89212192E-5	0.0033421841
8406250	0.7920753053	-5.05453088E-5	0.0032907888
8406500	0.7791787094	-4.36266634E-5	0.0032463121
8406750	0.7674927596	-5.35091615E-5	0.003191953
8407000	0.7543958471	-4.44920545E-5	0.0031466109
8407250	0.7426447446	-5.36660977E-5	0.0030920948
8407500	0.7300793449	-4.90566567E-5	0.0030421881
8407750	0.7178223048	-5.50516204E-5	0.0029862865
8408000	0.7051979806	-4.84558151E-5	0.0029369807
8408250	0.6929101089	-5.22267683E-5	0.0028839039
8408500	0.6803992165	-4.71599703E-5	0.002835894
8408750	0.6680587811	-5.19980899E-5	0.0027830459
8409000	0.6554305256	-4.81195232E-5	0.0027340764
8409250	0.6431923025	-5.33432575E-5	0.0026798831
8409500	0.6305642237	-4.77652957E-5	0.0026312678
8409750	0.6183350557	-5.38544212E-5	0.0025765634
8410000	0.6056871441	-4.89849144E-5	0.0025267285
8410250	0.5934509969	-5.35315809E-5	0.0024723469
8410500	0.5807692501	-4.90880439E-5	0.0024224088
8410750	0.5685980789	-5.37512917E-5	0.0023678076
8411000	0.556610086	-3.94252565E-5	0.0023275323
8411250	0.5440116462	-5.45135533E-5	0.0022721687
8411500	0.5319244887	-4.02099376E-5	0.0022311088
8411750	0.5192101435	-5.73428892E-5	0.0021729159
8412000	0.5069588456	-4.0111292E-5	0.0021319546
8412250	0.4943366859	-5.63429813E-5	0.0020747616
8412500	0.4821189582	-4.0649359E-5	0.0020332623
8412750	0.4694334568	-5.64595625E-5	0.0019759527
8413000	0.4573134801	-3.96584189E-5	0.0019354443
8413250	0.4445813338	-5.70738557E-5	0.0018775204
8413500	0.4332027718	-4.21918179E-5	0.0018344786
8413750	0.4201401804	-5.9553448E-5	0.0017740752
8414000	0.4084265351	-4.20169461E-5	0.0017312082
8414251	0.3952450346	-5.85938951E-5	0.0016717643
8414500	0.3834340801	-4.18600099E-5	0.0016290543
8414750	0.3703482987	-5.80513441E-5	0.001570153
8415000	0.358517423	-4.2810595E-5	0.0015264924
8415250	0.3455335005	-5.75222449E-5	0.0014681201
8415500	0.3338021868	-4.19183005E-5	0.0014253518
8415750	0.3206546098	-5.80020213E-5	0.0013664998
8416000	0.3094136854	-4.52812195E-5	0.0013203686
8416251	0.2961869536	-1.393936302E-4	0.001180125
8416500	0.2846356819	-3.13049279E-5	0.00114797
8416750	0.271399144	-2.64130017E-5	0.001120707
8417001	0.2596910643	-2.33370517E-5	0.00109652
8417250	0.246508327	-3.00494382E-5	0.0010656206
8417500	0.2348673877	-3.04754079E-5	0.0010342951
8417750	0.2215980305	-3.6286532E-5	9.971586E-4
8418000	0.2100584643	-4.02592604E-5	9.560494E-4
8418250	0.1967621626	-4.16851381E-5	9.135142E-4
8418500	0.1851973746	-4.62497402E-5	8.664145E-4
8418750	0.1723632811	-5.0455631E-5	8.151088E-4
8419000	0.1603469302	-4.89445594E-5	7.653142885E-4
8419250	0.147450246	-5.43700688E-5	7.100942197E-4
8419501	0.135679664	-5.41189708E-5	6.551252489E-4
8419750	0.122738676	-6.15622316E-5	5.927130173E-4
8420000	0.1108727283	-5.38589051E-5	5.380041122E-4
8420250	0.0967995593	-5.05497927E-5	4.866043195E-4
8420500	0.0859969384	-4.66981294E-5	4.390561901E-4
8420750	0.072949584	-4.825404E-5	3.899521501E-4
8421000	0.0611374132	-3.91293196E-5	3.499728305E-4
8421250	0.0481506375	-4.05372617E-5	3.085855688E-4
8421500	0.0362683271	-3.21209963E-5	2.756145725E-4
8421750	0.0233300796	-3.04171173E-5	2.443474551E-4
8422000	0.0117184136	-2.36419564E-5	2.198554987E-4
