Acquisition Time (ms)	Shunt Voltage (V)	Sample Voltage (V)	Integrated Sample Voltage (V)					Integrated Y1				
milliseconds	Volts	Volts	Volts									
								Integrate from 0.301348 to 0.147981 Area = 0.0755012				
2438500	0.0083707789	8.042418997E-7	3.042418997E-7	3.042418997E-7	8.042418997E-7			0	1	1	0.3013480404	0
2438750	0.0385472143	5.531433742E-7	3.573853E-7	3.573853E-7	1.3573853E-6			7.26435365809584E-7	2	2	1.3876997148	0.249999999999534
2439000	0.0688600757	3.737872846E-7	2.311726E-7	2.311726E-7	1.7311726E-6			1.22128530628266E-6	3	3	2.4789627252	0.5
2439250	0.0999169027	5.54302254E-8	-2.133972E-7	-2.133972E-7	1.7866028E-6			1.45004725972459E-6	4	4	3.5970084972	0.75
2439500	0.1382053769	1.2257287E-6	5.12331500000001E-7	5.12331500000001E-7	3.0123315E-6			2.31922857731559E-6	5	5	4.9753935684	1
2439750	0.1629121322	-7.01190373E-8	-5.77875000000001E-8	-5.77875000000001E-8	2.9422125E-6			2.82425871826319E-6	6	6	5.8648367592	1.25
2440000	0.1936858991	9.522106737E-7	3.944231E-7	3.944231E-7	3.8944231E-6			3.30179524543342E-6	7	7	6.9726923676	1.5
2440250	0.2244068813	3.065287509E-7	2.009519E-7	2.009519E-7	4.2009519E-6			3.98679049807777E-6	8	8	8.0786477268	1.75
2440500	0.2557368969	5.99141277E-8	-2.39134E-7	-2.39134E-7	4.260866E-6			4.18216359231661E-6	9	9	9.2065282884	2
2440750	0.2871510146	1.944311949E-7	-5.44702799999999E-7	-5.44702799999999E-7	4.4552972E-6			4.31467512015543E-6	10	10	10.3374365256	2.25
2441000	0.3186221132	4.410458182E-7	-6.03657E-7	-6.03657E-7	4.896343E-6			4.66333039993089E-6	11	11	11.4703960752	2.5
2441250	0.3499513337	6.338536146E-7	-4.698034E-7	-4.698034E-7	5.5301966E-6			5.25821558477018E-6	12	12	12.5982480132	2.75
2441500	0.380412368	-1.822165934E-7	-1.15202E-6	-1.15202E-6	5.34798E-6			5.4948815667128E-6	13	13	13.694845248	3
2441750	0.4112801755	1.0553404E-6	-5.96679499999999E-7	-5.96679499999999E-7	6.4033205E-6			5.96889467255713E-6	14	14	14.806086318	3.25
2442000	0.4428940357	1.092370523E-7	-9.874425E-7	-9.874425E-7	6.5125575E-6			6.62021588072865E-6	15	15	15.9441852852	3.5
2442250	0.4744118233	7.863062908E-7	-7.01136199999999E-7	-7.01136199999999E-7	7.2988638E-6			7.1169292849322E-6	16	16	17.0788256388	3.75
2442500	0.5049359784	-2.808624427E-7	-1.4819986E-6	-1.4819986E-6	7.0180014E-6			7.38364902454362E-6	17	17	18.1776952224	4
2442750	0.5366050968	-2.584429315E-7	-2.2404416E-6	-2.2404416E-6	6.7595584E-6			7.06482027843229E-6	18	18	19.3177834848	4.25
2443000	0.5672403426	8.445970199E-7	-1.8958445E-6	-1.8958445E-6	7.6041555E-6			7.37701713229085E-6	19	19	20.4206523336	4.5
2443250	0.5973665145	3.289482621E-7	-2.0668963E-6	-2.0668963E-6	7.9331037E-6			8.00255139457024E-6	20	20	21.505194522	4.75
2443500	0.6287586791	3.065287509E-7	-2.2603675E-6	-2.2603675E-6	8.2396325E-6			8.35033219716326E-6	21	21	22.6353124476	5
2443750	0.6603027487	5.621111787E-7	-2.1982564E-6	-2.1982564E-6	8.8017436E-6			8.83218422324681E-6	22	22	23.7708989532	5.25
2444000	0.6906272938	1.212277E-6	-1.4859793E-6	-1.4859793E-6	1.00140207E-5			9.78980264530891E-6	23	23	24.8625825768	5.5
2444250	0.7216610527	7.504350728E-7	-1.2355443E-6	-1.2355443E-6	1.07644557E-5			1.0875016490738E-5	24	24	25.9797978972	5.75
2444500	0.7530498603	9.253072602E-7	-8.10236999999999E-7	-8.10236999999999E-7	1.1689763E-5			1.18105084862008E-5	25	25	27.1097949708	6
2444750	0.7832758593	-7.01190373E-8	-1.3803561E-6	-1.3803561E-6	1.16196439E-5			1.22649076572242E-5	26	26	28.1979309348	6.25
2445000	0.8146474401	3.648194801E-7	-1.5155366E-6	-1.5155366E-6	1.19844634E-5			1.24200278256919E-5	27	27	29.3273078436	6.5
2445250	0.8448698612	-2.52800149E-8	-2.0408166E-6	-2.0408166E-6	1.19591834E-5			1.25938584386481E-5	28	28	30.4153150032	6.75
2445500	0.8750376425	8.266614109E-7	-1.7141552E-6	-1.7141552E-6	1.27858448E-5			1.30181642138436E-5	29	29	31.50135513	7
2445750	0.9062310364	6.069502011E-7	-1.607205E-6	-1.607205E-6	1.3392795E-5			1.38118804028687E-5	30	30	32.6243173104	7.25
2446000	0.9375817683	5.890145921E-7	-1.5181904E-6	-1.5181904E-6	1.39818096E-5			1.44754928280669E-5	31	31	33.7529436588	7.5
2446250	0.9687533416	6.831765392E-7	-1.3350138E-6	-1.3350138E-6	1.46649862E-5			1.51780826454956E-5	32	32	34.8751202976	7.75
2446500	0.9998085678	4.141424047E-7	-1.4208714E-6	-1.4208714E-6	1.50791286E-5			1.57802975483581E-5	33	33	35.9931084408	8
2446750	1.0307677	4.903687428E-7	-1.4305027E-6	-1.4305027E-6	1.55694973E-5			1.62732041042189E-5	34	34	37.1076372	8.24999999999953
2447000	1.062082	1.4466692E-5	1.25361893E-5	1.25361893E-5	3.00361893E-5			2.46925889261476E-5	35	35	38.234952	8.5
2447250	1.0933882	4.17198499E-5	5.37560392E-5	5.37560392E-5	7.17560392E-5			5.63430868186836E-5	36	36	39.3619752	8.75
2447500	1.1247424	8.91909229E-5	1.424469621E-4	1.424469621E-4	1.609469621E-4			1.30214645252148E-4	37	37	40.4907264	9
2447750	1.1549547	1.279497739E-4	2.698967359E-4	2.698967359E-4	2.888967359E-4			2.48289526554899E-4	38	38	41.5783692	9.25
2448000	1.1864349	1.601621276E-4	4.295588635E-4	4.295588635E-4	4.490588635E-4			4.11534958751705E-4	39	39	42.7116564	9.5
2448250	1.2231732	2.00230278E-4	6.292891415E-4	6.292891415E-4	6.492891415E-4			6.49845410627485E-4	40	40	44.0342352	9.75
2448500	1.2479215	2.395182294E-4	8.683073709E-4	8.683073709E-4	8.888073709E-4			8.45731004981858E-4	41	41	44.925174	10
2448750	1.2792313	3.228829399E-4	0.0011906903	0.0011906903	0.0012116903			0.00116267575980374	42	42	46.0523268	10.25
2449000	1.3106571	4.005486106E-4	0.0015907389	0.0015907389	0.0016122389			0.0015718839204704	43	43	47.1836556	10.5
2449250	1.3410171	4.204571366E-4	0.0020106961	0.0020106961	0.0020326961			0.00202053621160025	44	44	48.2766156	10.75
2449500	1.3724184	5.307700995E-4	0.0025409662	0.0025409662	0.0025634662			0.0025581807996933	45	45	49.4070624	11
2449750	1.4038712	0.0010294249	0.003569891	0.003569891	0.003592891			0.00344147449973022	46	46	50.5393632	11.25
2450000	1.4351575	0.0016721564	0.0052415474	0.0052415474	0.0052650474			0.00496286793113363	47	47	51.66567	11.5
2450250	1.466569	0.0013536827	0.0065947302	0.0065947302	0.0066187302			0.00667368723100734	48	48	52.796484	11.75
2450500	1.4965887	6.627044391E-4	0.0072569346	0.0072569346	0.0072814346			0.00776324048990887	49	49	53.8771932	12
2450750	1.5281258	3.480062442E-4	0.0076044408	0.0076044408	0.0076294408			0.00833697704657828	50	50	55.0125288	12.25
2451000	1.5597061	1.030955037E-4	0.0077070363	0.0077070363	0.0077325363			0.00859339239119599	51	51	56.1494196	12.5
2451250	1.5900875	2.176098831E-4	0.0079241462	0.0079241462	0.0079501462			0.00876876406938545	52	52	57.24315	12.75
2451500	1.6211729	1.834470319E-4	0.0081070933	0.0081070933	0.0081335933			0.00899315914190119	53	53	58.3622244	13.0000000000005
2451750	1.6525082	1.686546384E-4	0.0082752479	0.0082752479	0.0083022479			0.00919174566764152	54	54	59.4902952	13.25
2452000	1.6841188	1.751652645E-4	0.0084499132	0.0084499132	0.0084774132			0.00938736464943251	55	55	60.6282768	13.5
2452250	1.7156518	1.794787784E-4	0.0086288919	0.0086288919	0.0086568919			0.00958864712843829	56	56	61.7634648	13.75
2452500	1.7460061	1.7555088E-4	0.0088039428	0.0088039428	0.0088324428			0.00978261638256977	57	57	62.8562196	14
2452750	1.7770509	1.600276105E-4	0.0089634704	0.0089634704	0.0089924704			0.00997012861463551	58	58	63.9738324	14.25
2453000	1.8084713	1.552746741E-4	0.0091182451	0.0091182451	0.0091477451			0.0101484419335463	59	59	65.1049668	14.5
2453250	1.8387837	1.507593846E-4	0.0092685045	0.0092685045	0.0092985045			0.0103154103034992	60	60	66.1962132	14.75
2453500	1.8701702	1.722148568E-4	0.0094402193	0.0094402193	0.0094707193			0.0104978655628578	61	61	67.3261272	15
2453750	1.9016908	1.711790754E-4	0.0096108984	0.0096108984	0.0096418984			0.0106926859054693	62	62	68.4608688	15.25
2454000	1.9330154	1.481990764E-4	0.0097585975	0.0097585975	0.0097900975			0.010872753699983	63	63	69.5885544	15.5
2454250	1.9644384	1.524049767E-4	0.0099105025	0.0099105025	0.0099425025			0.0110427682485931	64	64	70.7197824	15.75
2454501	1.9956949	1.360477013E-4	0.0100460502	0.0100460502	0.0100785502			0.0112050453765915	65	65	71.8450164	16.001
2454750	2.0262666	1.750576508E-4	0.0102206078	0.0102206078	0.0102536078			0.0113762327216498	66	66	72.9455976	16.2499999999995
2455000	2.0576384	1.664306229E-4	0.0103865384	0.0103865384	0.0104200384			0.0115690572606493	67	67	74.0749824	16.5
2455250	2.0889843	1.420337108E-4	0.0105280722	0.0105280722	0.0105620722			0.0117430896349644	68	68	75.2034348	16.75
2455500	2.1204586	1.540685044E-4	0.0106816407	0.0106816407	0.0107161407			0.01191083128335	69	69	76.3365096	17
2455750	2.1505612	1.502437358E-4	0.0108313844	0.0108313844	0.0108663844			0.0120757110599672	70	70	77.4202032	17.25
2456000	2.1821067	1.758019786E-4	0.0110066864	0.0110066864	0.0110421864			0.0122608346550921	71	71	78.5558412	17.5
2456250	2.2136291	1.626058543E-4	0.0111687922	0.0111687922	0.0112047922			0.0124528369943206	72	72	79.6906476	17.75
2456500	2.2449399	1.402939567E-4	0.0113085862	0.0113085862	0.0113450862			0.0126235383596733	73	73	80.8178364	18
2456750	2.2764289	1.556737414E-4	0.0114637599	0.0114637599	0.0115007599			0.0127912821068518	74	74	81.9514404	18.25
2457000	2.3080974	1.782457053E-4	0.0116415056	0.0116415056	0.0116790056			0.0129816158101525	75	75	83.0915064	18.5
2457250	2.3383118	1.781470594E-4	0.0118191527	0.0118191527	0.0118571527			0.013175432416864	76	76	84.1792248	18.75
2457500	2.3694662	1.643949313E-4	0.0119830476	0.0119830476	0.0120215476			0.0133675116247912	77	77	85.3007832	19
2457750	2.4008625	1.40648185E-4	0.0121231958	0.0121231958	0.0121621958			0.0135398903755844	78	78	86.43105	19.25
2458000	2.4315451	1.348146282E-4	0.0122575104	0.0122575104	0.0122970104			0.0136920138054696	79	79	87.5356236	19.5
2458250	2.462487	1.531762079E-4	0.0124101866	0.0124101866	0.0124501866			0.0138524003721131	80	80	88.649532	19.75
2458500	2.4941261	1.762458849E-4	0.0125859325	0.0125859325	0.0126264325			0.0140399961156906	81	81	89.7885396	20
2458750	2.50326	-1.500339061E-4	0.0124353986	0.0124353986	0.0124763986			0.0140443023441635	82	82	90.11736	20.25
2459000	2.4737174	-1.477471211E-4	0.0122871515	0.0122871515	0.0123286515			0.0142026630434344	83	83	89.0538264	20.5
2459250	2.4437052	-1.366719077E-4	0.0121499796	0.0121499796	0.0121919796			0.0143563225817971	84	84	87.9733872	20.75
2459501	2.412153	-1.596653062E-4	0.0119898143	0.0119898143	0.0120323143			0.0145246355793166	85	85	86.837508	21.001
2459750	2.3806996	-1.777757463E-4	0.0118115385	0.0118115385	0.0118545385			0.0147156929337532	86	86	85.7051856	21.25
2460000	2.3503231	-1.760718673E-4	0.0116349667	0.0116349667	0.0116784667			0.0149091796059146	87	87	84.6116316	21.5
2460250	2.3190537	-1.606024397E-4	0.0114738642	0.0114738642	0.0115178642			0.0150986877272541	88	88	83.4859332	21.75
2460500	2.2877942	-1.379229136E-4	0.0113354413	0.0113354413	0.0113799413			0.0152666705397408	89	89	82.3605912	22
2460750	2.2564763	-1.617144449E-4	0.0111732269	0.0111732269	0.0112182269			0.0154355940451206	90	90	81.2331468	22.25
2461000	2.2261246	-1.529125648E-4	0.0110198143	0.0110198143	0.0110653143			0.0156074953347182	91	91	80.1404856	22.5
2461250	2.1944753	-1.776995201E-4	0.0108416148	0.0108416148	0.0108876148			0.0157958522675214	92	92	79.0011108	22.75
2461500	2.1632429	-1.607279887E-4	0.0106803868	0.0106803868	0.0107268868			0.0159861217710507	93	93	77.8767444	23
2461750	2.1320075	-1.553787054E-4	0.0105245081	0.0105245081	0.0105715081			0.0161638599583867	94	94	76.75227	23.25
2462001	2.101503	-1.377973646E-4	0.0103862107	0.0103862107	0.0104337107			0.0163248483496984	95	95	75.654108	23.501
2462250	2.0702675	-1.50908265E-4	0.0102348025	0.0102348025	0.0102828025			0.016487181158959	96	96	74.52963	23.75
2462500	2.0386614	-1.733187576E-4	0.0100609837	0.0100609837	0.0101094837			0.016671648467737	97	97	73.3918104	24
2462750	2.0072357	-1.61669606E-4	0.0098988141	0.0098988141	0.0099478141			0.0168611501697127	98	98	72.2604852	24.25
2463000	1.9768787	-1.432004546E-4	0.0097551136	0.0097551136	0.0098046136			0.0170277500259661	99	99	71.1676332	24.5
2463250	1.9458384	-1.415683178E-4	0.0096130453	0.0096130453	0.0096630453			0.0171868687467408	100	100	70.0501824	24.75
2463500	1.9144033	-1.506661349E-4	0.0094618792	0.0094618792	0.0095123792			0.0173522356097701	101	101	68.9185188	25
2463750	1.8827575	-1.666198228E-4	0.0092947594	0.0092947594	0.0093457594			0.0175329808255414	102	102	67.77927	25.25
2464000	1.8512436	-1.591048197E-4	0.0091351546	0.0091351546	0.0091866546			0.0177177595391484	103	103	66.6447696	25.5
2464250	1.8199275	-1.411199286E-4	0.0089935346	0.0089935346	0.0090455346			0.0178870044412687	104	104	65.51739	25.75
2464500	1.7885749	-1.436622954E-4	0.0088493723	0.0088493723	0.0089018723			0.018047731665016	105	105	64.3886964	26
2464750	1.7569442	-1.585667527E-4	0.0086903056	0.0086903056	0.0087433056			0.0182198179463993	106	106	63.2499912	26.25
2465000	1.7265676	-1.547554444E-4	0.0085350501	0.0085350501	0.0085885501			0.018391146816919	107	107	62.1564336	26.5
2465250	1.6953816	-1.538362465E-4	0.0083807139	0.0083807139	0.0084347139			0.0185643853723823	108	108	61.0337376	26.75
2465500	1.6639666	-1.369140379E-4	0.0082432998	0.0082432998	0.0082977998			0.018728807245102	109	109	59.9027976	27
2465750	1.6327472	-1.352684495E-4	0.0081075314	0.0081075314	0.0081625314			0.0188817712151344	110	110	58.7788992	27.25
2466000	1.6010764	-1.405370227E-4	0.0079664944	0.0079664944	0.0080219944			0.0190390122557035	111	111	57.6387504	27.5
2466250	1.5696293	-1.357527098E-4	0.0078302417	0.0078302417	0.0078862417			0.0191954167719037	112	112	56.5066548	27.75
2466500	1.5383738	-5.0455631E-5	0.007779286	0.007779286	0.007835786			0.0193001886502095	113	113	55.3814568	28
2466750	1.5079536	-9.9346983E-6	0.0077688513	0.0077688513	0.0078258513			0.0193332671475982	114	114	54.2863296	28.25
2467000	1.4768219	-3.8814359E-6	0.0077644699	0.0077644699	0.0078219699			0.0193410205104215	115	115	53.1655884	28.5
2467250	1.4451815	-3.5003043E-6	0.0077604696	0.0077604696	0.0078184696			0.0193452360027927	116	116	52.026534	28.75
2467500	1.4137041	-3.2850769E-6	0.0077566845	0.0077566845	0.0078151845			0.0193490918855041	117	117	50.8933476	29.0000000000005
2467750	1.3823777	-2.6573306E-6	0.0077535272	0.0077535272	0.0078125272			0.0193524539392256	118	118	49.7655972	29.25
2468000	1.3508665	-2.8546223E-6	0.0077501726	0.0077501726	0.0078096726			0.0193555916717616	119	119	48.631194	29.5
2468250	1.3198876	-1.4152897E-6	0.0077482573	0.0077482573	0.0078082573			0.019357983813349	120	120	47.5159536	29.75
2468500	1.2892223	-2.7828799E-6	0.0077449744	0.0077449744	0.0078054744			0.0193603121392013	121	121	46.4120028	30
2468750	1.2577668	-2.4600389E-6	0.0077420144	0.0077420144	0.0078030144			0.0193632919985629	122	122	45.2796048	30.25
2469000	1.2264783	-2.365877E-6	0.0077391485	0.0077391485	0.0078006485			0.0193660211844764	123	123	44.1532188	30.5
2469250	1.1949817	-8.099629072E-7	0.0077378385	0.0077378385	0.0077998385			0.0193678330301184	124	124	43.0193412	30.75
2469500	1.1644631	-3.0608818E-6	0.0077342776	0.0077342776	0.0077967776			0.0193699704065174	125	125	41.9206716	31
2469750	1.1333719	-1.7829697E-6	0.0077319947	0.0077319947	0.0077949947			0.019372692420153	126	126	40.8013884	31.25
2470000	1.1019475	-4.0338886E-6	0.0077274608	0.0077274608	0.0077909608			0.0193759939760124	127	127	39.67011	31.4999999999995
2470250	1.0705735	-3.3164643E-6	0.0077236443	0.0077236443	0.0077876443			0.0193801562501463	128	128	38.540646	31.75
2470500	1.0390984	-8.144468094E-7	0.0077223299	0.0077223299	0.0077868299			0.019382507956307	129	129	37.4075424	32
2470750	1.007662	-1.5632585E-6	0.0077202666	0.0077202666	0.0077852666			0.0193838647103243	130	130	36.275832	32.25
2471000	0.9744567795	-3.5675628E-6	0.007716199	0.007716199	0.007781699			0.0193869433251508	131	131	35.080444062	32.5
2471250	0.9457294673	-8.727375385E-7	0.0077148263	0.0077148263	0.0077808263			0.0193892497090767	132	132	34.0462608228	32.75
2471500	0.9147169106	-6.126712085E-7	0.0077137136	0.0077137136	0.0077802136			0.0193900900674109	133	133	32.9298087816	33
2471750	0.883166657	-3.9173072E-6	0.0077092963	0.0077092963	0.0077762963			0.0193926740209188	134	134	31.793999652	33.25
2472000	0.8525133894	-3.2088506E-6	0.0077055875	0.0077055875	0.0077730875			0.0193966169764912	135	135	30.6904820184	33.5
2472250	0.8216707153	-3.6527569E-6	0.0077014347	0.0077014347	0.0077694347			0.0194004374256846	136	136	29.5801457508	33.75
2472500	0.7902060216	-1.597970822E-7	0.0077007749	0.0077007749	0.0077692749			0.019402608048153	137	137	28.4474167776	34
2472750	0.7589514063	-1.0565775E-6	0.0076992183	0.0076992183	0.0077682183			0.0194033036115678	138	138	27.3222506268	34.25
2473000	0.728603097	-1.3300956E-6	0.0076973883	0.0076973883	0.0077668883			0.0194046183038411	139	139	26.229711492	34.5
2473250	0.6976747308	3.379160666E-7	0.0076972262	0.0076972262	0.0077672262			0.0194051817949079	140	140	25.1162903088	34.75
2473500	0.6658018061	-4.0697598E-6	0.0076926564	0.0076926564	0.0077631564			0.0194073342750983	141	141	23.9688650196	35
2473750	0.6345610165	-1.4108058E-6	0.0076907456	0.0076907456	0.0077617456			0.0194104274313249	142	142	22.844196594	35.25
2474000	0.6032870984	-1.908519E-6	0.0076883371	0.0076883371	0.0077598371			0.0194123072391904	143	143	21.7183355424	35.5
2474250	0.5730279709	-7.9797214E-6	0.0076798574	0.0076798574	0.0077518574			0.0194177039039626	144	144	20.6290069524	35.75
2474500	0.5417724722	-6.8766826E-6	0.0076724807	0.0076724807	0.0077449807			0.0194260733536285	145	145	19.5038089992	36
2474750	0.5101393534	-7.665849E-6	0.0076643148	0.0076643148	0.0077373148			0.0194343652028868	146	146	18.3650167224	36.25
2475000	0.479364924	-5.9619666E-6	0.0076578529	0.0076578529	0.0077313529			0.0194419252701645	147	147	17.257137264	36.5
2475250	0.4486822382	-6.664780354E-7	0.0076566864	0.0076566864	0.0077306864			0.019445597128645	148	148	16.1525605752	36.75
2475500	0.4174924664	-8.4729495E-6	0.0076477134	0.0076477134	0.0077222134			0.0194507393768287	149	149	15.0297287904	37
2475750	0.3873838746	-5.944031E-6	0.0076412694	0.0076412694	0.0077162694			0.0194585635655772	150	150	13.9458194856	37.25
2476000	0.3556951883	-6.6793909E-6	0.00763409	0.00763409	0.00770959			0.0194657753273235	151	151	12.8050267788	37.5
2476250	0.3243171144	-9.1275978E-6	0.0076244624	0.0076244624	0.0077004624			0.0194747144949023	152	152	11.6754161184	37.75
2476500	0.2934313292	-2.6662984E-6	0.0076212961	0.0076212961	0.0076977961			0.0194812823611896	153	153	10.5635278512	38
2476750	0.2627726726	-8.912371E-6	0.0076118837	0.0076118837	0.0076888837			0.0194876831543884	154	154	9.4598162136	38.25
2477000	0.2314849289	-5.4866729E-6	0.0076058971	0.0076058971	0.0076833971			0.0194958036626873	155	155	8.3334574404	38.5
2477250	0.2001236842	-7.6344617E-6	0.0075977626	0.0075977626	0.0076757626			0.0195032218647682	156	156	7.2044526312	38.75
2477500	0.1687159272	-7.9438503E-6	0.0075893188	0.0075893188	0.0076678188			0.0195120402086405	157	157	6.0737733792	39
2477750	0.1373309625	-9.9616017E-6	0.0075788572	0.0075788572	0.0076578572			0.019522166822849	158	158	4.94391465	39.25
2478000	0.1061475955	-1.3979169E-5	0.007564378	0.007564378	0.007643878			0.0195356160179632	159	159	3.821313438	39.4999999999995
2478250	0.0726545393	-1.46741723E-5	0.0075492038	0.0075492038	0.0076292038			0.019552902458932	160	160	2.6155634148	39.75
2478500	0.0444604177	-6.6524875E-6	0.0075420513	0.0075420513	0.0076225513			0.0195637357647308	161	161	1.6005750372	40
2478750	0.0130229725	-7.0963938E-6	0.0075344549	0.0075344549	0.0076154549			0.0195715272168548	162	162	0.46882701	40.25
2491750	-0.0131448837	-9.6253098E-6	0.0075243296	0.0075243296	0.0076058296			0.0195794129177171	163	163	-0.4732158132	53.25
2492000	-0.043633946	-3.6079179E-6	0.0075202217	0.0075202217	0.0076022217			0.0195866863304475	164	164	-1.570822056	53.5
2492250	-0.0740067771	-1.7515824E-6	0.0075179701	0.0075179701	0.0076004701			0.0195896273622197	165	165	-2.6642439756	53.75
2492500	-0.1050182358	-1.70371834E-5	0.0075004329	0.0075004329	0.0075834329			0.0196001265329682	166	166	-3.7806564888	54
2492750	-0.1432484113	-2.44714764E-5	0.0074754615	0.0074754615	0.0075589615			0.019628704196112	167	167	-5.1569428068	54.25
2493000	-0.1680306961	-1.5100142E-5	0.0074598613	0.0074598613	0.0075438613			0.0196463652698439	168	168	-6.0491050596	54.5
2493250	-0.1991465314	-9.6656648E-6	0.0074496957	0.0074496957	0.0075341957			0.0196602474293229	169	169	-7.1692751304	54.75
2493500	-0.2304967823	-2.50454146E-5	0.0074241502	0.0074241502	0.0075091502			0.0196798463342808	170	170	-8.2978841628	55
2493750	-0.261105225	-2.30994055E-5	0.0074005508	0.0074005508	0.0074860508			0.0197063828367321	171	171	-9.3997881	55.25
2494000	-0.2921252533	-2.36105692E-5	0.0073764403	0.0073764403	0.0074624403			0.0197324750092099	172	172	-10.5165091188	55.5
2494250	-0.323481158	-2.42472818E-5	0.007351693	0.007351693	0.007438193			0.0197594975692074	173	173	-11.645321688	55.75
2494500	-0.3545797224	-2.77088465E-5	0.0073234841	0.0073234841	0.0074104841			0.019788592462725	174	174	-12.7648700064	56
2494750	-0.3859571826	-1.10870586E-5	0.0073118971	0.0073118971	0.0073993971			0.0198105154640383	175	175	-13.8944585736	56.25
2495000	-0.4175467079	-2.13641392E-5	0.0072900329	0.0072900329	0.0073780329			0.0198289789590779	176	176	-15.0316814844	56.5
2495250	-0.4475151125	-3.65645333E-5	0.0072529684	0.0072529684	0.0073414684			0.0198602382858211	177	177	-16.11054405	56.75
2495500	-0.4789990691	-4.09991026E-5	0.0072114693	0.0072114693	0.0073004693			0.019904205802681	178	178	-17.2439664876	57
2495750	-0.5102239184	-3.59188529E-5	0.0071750505	0.0071750505	0.0072645505			0.0199474485718678	179	179	-18.3680610624	57.25
2496000	-0.5407993654	-4.72406804E-5	0.0071273098	0.0071273098	0.0072173098			0.019993227097282	180	180	-19.4687771544	57.5
2496250	-0.5715864357	-5.42310681E-5	0.0070725787	0.0070725787	0.0071630787			0.0200494705020089	181	181	-20.5771116852	57.75
2496500	-0.6030738818	-7.13954069E-5	0.0070006833	0.0070006833	0.0070916833			0.0201206836609749	182	182	-21.7106597448	58
2496750	-0.6345736957	-7.5341232E-5	0.0069248421	0.0069248421	0.0070163421			0.0202038941836258	183	183	-22.8446530452	58.25
2497000	-0.6658580434	-9.50434537E-5	0.0068292986	0.0068292986	0.0069212986			0.0202998521734944	184	184	-23.9708895624	58.5
2497250	-0.6965944054	-1.179068194E-4	0.0067108918	0.0067108918	0.0068033918			0.0204176789388608	185	185	-25.0773985944	58.75
2497500	-0.7272791756	-1.258746956E-4	0.0065845171	0.0065845171	0.0066775171			0.0205523368211801	186	186	-26.1820503216	59
2497750	-0.7586822992	-1.457293697E-4	0.0064382877	0.0064382877	0.0065317877			0.0207058740148964	187	187	-27.3125627712	59.25
2498000	-0.7901459371	-2.391781643E-4	0.0061986096	0.0061986096	0.0062926096			0.0209238759847517	188	188	-28.4452537356	59.5
2498250	-0.8213653976	-2.843040541E-4	0.0059138055	0.0059138055	0.0060083055			0.0212180582076737	189	189	-29.5691543136	59.75
2498500	-0.8521241101	-1.936890793E-4	0.0057196164	0.0057196164	0.0058146164			0.0214827134414203	190	190	-30.6764679636	60
2498750	-0.882731051	-2.204399794E-4	0.0054986765	0.0054986765	0.0055941765			0.0217108784851619	191	191	-31.778317836	60.2500000000005
2499000	-0.9142603712	-2.486077893E-4	0.0052495687	0.0052495687	0.0053455687			0.021977087466909	192	192	-32.9133733632	60.5
2499250	-0.9455511679	-2.252691311E-4	0.0050237995	0.0050237995	0.0051202995			0.0222440024863829	193	193	-34.0398420444	60.75
2499500	-0.9768429805	-2.24067448E-4	0.0047992321	0.0047992321	0.0048962321			0.0224971037599308	194	194	-35.166347298	61
2499750	-1.0070043	-2.807662633E-4	0.0045179658	0.0045179658	0.0046154658			0.0227711907335019	195	195	-36.2521548	61.25
2500000	-1.0383917	-2.693054351E-4	0.0042481604	0.0042481604	0.0043461604			0.0230819778006403	196	196	-37.3821012	61.5
2500250	-1.0697429	-3.440698515E-4	0.0039035905	0.0039035905	0.0040020905			0.0234281300102069	197	197	-38.5107444	61.75
2500500	-1.0999854	-3.670856695E-4	0.0035360049	0.0035360049	0.0036350049			0.0238152690726961	198	198	-39.5994744	61.9999999999995
2500750	-1.1313661	-4.398323344E-4	0.0030956725	0.0030956725	0.0031951725			0.0242710701022378	199	199	-40.7291796	62.25
2501000	-1.1626133	-4.752999207E-4	0.0026198726	0.0026198726	0.0027198726			0.0247857971220579	200	200	-41.8540788	62.5
2501250	-1.1930255	-4.865006831E-4	0.0021328719	0.0021328719	0.0022333719			0.0253123165722619	201	201	-42.948918	62.7499999999995
2501500	-1.2305885	-5.365274669E-4	0.0015958445	0.0015958445	0.0016968445			0.026004034210114	202	202	-44.301186	63
2501750	-1.2555558	-5.396213525E-4	0.0010557231	0.0010557231	0.0011572231			0.0264876767458769	203	203	-45.2000088	63.25
2502000	-1.2869689	-5.968672025E-4	4.583559046E-4	4.583559046E-4	5.603559046E-4			0.0271302993698801	204	204	-46.3308804	63.5
2502250	-1.318234	-6.855092649E-4	-2.276533603E-4	-2.276533603E-4	-1.251533603E-4			0.0278519959381525	205	205	-47.456424	63.75
2502500	-1.3494079	-7.676900387E-4	-9.95843399E-4	-9.95843399E-4	-8.92843399E-4			0.0286674411766254	206	206	-48.5786844	64
2502750	-1.3797371	-0.0010053139	-0.0020016573	-0.0020016573	-0.0018981573			0.0296353803341746	207	207	-49.6705356	64.25
2503000	-1.4111568	-0.0013514704	-0.0033536277	-0.0033536277	-0.0032496277			0.0309682818473393	208	208	-50.8016448	64.5
2503250	-1.4426683	-0.0015987077	-0.0049528354	-0.0049528354	-0.0048483354			0.032641654861046	209	209	-51.9360588	64.75
2503500	-1.4738791	-0.0013699664	-0.0063233018	-0.0063233018	-0.0062183018			0.0343094505817391	210	210	-53.0596476	65
2503750	-1.5048235	-8.471580579E-4	-0.0071709598	-0.0071709598	-0.0070654598			0.0355443982710738	211	211	-54.173646	65.25
2504000	-1.5360277	-4.428724133E-4	-0.0076143322	-0.0076143322	-0.0075083322			0.0362689881435154	212	212	-55.2969972	65.5
2504250	-1.5668656	-2.516568359E-4	-0.0078664891	-0.0078664891	-0.0077599891			0.0366545200687696	213	213	-56.4071616	65.75
2504500	-1.5983731	-2.051050685E-4	-0.0080720942	-0.0080720942	-0.0079650942			0.0369135770741215	214	214	-57.5414316	66
2504750	-1.6294685	-1.793854636E-4	-0.0082519796	-0.0082519796	-0.0081444796			0.0371287942325191	215	215	-58.660866	66.25
2505000	-1.6608678	-1.676017952E-4	-0.0084200814	-0.0084200814	-0.0083120814			0.0373249183629014	216	216	-59.7912408	66.5
2505250	-1.6925067	-1.761839646E-4	-0.0085967654	-0.0085967654	-0.0084882654			0.0375207158118686	217	217	-60.9302412	66.75
2505500	-1.7237393	-1.764260948E-4	-0.0087736915	-0.0087736915	-0.0086646915			0.0377189597765465	218	218	-62.0546148	67
2505750	-1.7540097	-1.740316964E-4	-0.0089482232	-0.0089482232	-0.0088387232			0.0379099236292998	219	219	-63.1443492	67.25
2506000	-1.7851559	-1.579883306E-4	-0.0091067115	-0.0091067115	-0.0089967115			0.0380960757609009	220	220	-64.2656124	67.5
2506250	-1.8165819	-1.536344714E-4	-0.009260846	-0.009260846	-0.009150346			0.0382723621214226	221	221	-65.3969484	67.75
2506500	-1.8473998	-1.47087989E-4	-0.009408434	-0.009408434	-0.009297434			0.0384391906406891	222	222	-66.5063928	68
2506750	-1.8782311	-1.725609798E-4	-0.0095814949	-0.0095814949	-0.0094699949			0.0386165952184889	223	223	-67.6163196	68.2500000000005
2507000	-1.9096463	-1.695298688E-4	-0.0097515248	-0.0097515248	-0.0096395248			0.0388100498716458	224	224	-68.7472668	68.5
2507250	-1.9407551	-1.468279232E-4	-0.0098988527	-0.0098988527	-0.0097863527			0.0389872082738496	225	225	-69.8671836	68.75
2507500	-1.9721268	-1.526659507E-4	-0.0100520187	-0.0100520187	-0.0099390187			0.0391563409430105	226	226	-70.9965648	69
2507750	-2.003771	-1.74466634E-4	-0.0102269853	-0.0102269853	-0.0101134853			0.0393426856157843	227	227	-72.135756	69.25
2508000	-2.034004	-1.741034387E-4	-0.0104015888	-0.0104015888	-0.0102875888			0.0395323862418072	228	228	-73.224144	69.5
2508250	-2.0653462	-1.633420977E-4	-0.0105654309	-0.0105654309	-0.0104509309			0.0397227706638364	229	229	-74.3524632	69.75
2508500	-2.0965379	-1.404518287E-4	-0.0107063827	-0.0107063827	-0.0105913827			0.039893347175102	230	230	-75.4753644	69.9999999999995
2508750	-2.127816	-1.500204544E-4	-0.0108569031	-0.0108569031	-0.0107414031			0.0400568960153426	231	231	-76.601376	70.25
2509000	-2.159205	-1.401962469E-4	-0.0109975994	-0.0109975994	-0.0108815994			0.0402208803320505	232	232	-77.73138	70.5
2509250	-2.1893965	-1.770134847E-4	-0.0111751129	-0.0111751129	-0.0110586129			0.0403932778779993	233	233	-78.818274	70.7499999999995
2509500	-2.2209454	-1.580017823E-4	-0.0113336146	-0.0113336146	-0.0112166146			0.0405835377724303	234	234	-79.9540344	71
2509750	-2.2520538	-1.385775618E-4	-0.0114726922	-0.0114726922	-0.0113551922			0.0407496189310783	235	235	-81.0739368	71.25
2510000	-2.2834031	-1.559974825E-4	-0.0116291897	-0.0116291897	-0.0115111897			0.0409158552026792	236	236	-82.2025116	71.5
2510250	-2.3150496	-1.768430968E-4	-0.0118065328	-0.0118065328	-0.0116880328			0.04110546490449	237	237	-83.3417856	71.75
2510500	-2.3454203	-1.758925116E-4	-0.0119829253	-0.0119829253	-0.0118639253			0.0412983067300986	238	238	-84.4351308	72
2510750	-2.3766288	-1.599119203E-4	-0.0121433372	-0.0121433372	-0.0120238372			0.0414869571121917	239	239	-85.5586368	72.25
2511000	-2.4071211	-1.564144845E-4	-0.0123002517	-0.0123002517	-0.0121802517			0.0416605874428152	240	240	-86.6563596	72.5
2511250	-2.437935	-1.354164179E-4	-0.0124361681	-0.0124361681	-0.0123156681			0.0418224626042015	241	241	-87.76566	72.75
2511500	-2.4693453	-1.577372326E-4	-0.0125944054	-0.0125944054	-0.0124734054			0.0419882187058589	242	242	-88.8964308	73
2511750	-2.5009642	2.85775324E-5	-0.0125663278	-0.0125663278	-0.0124448278			0.0420617400662667	243	243	-90.0347112	73.25
2512000	-2.4918616	1.748065523E-4	-0.0123920213	-0.0123920213	-0.0122700213			0.0420950606207797	244	244	-89.7070176	73.5
2512250	-2.4612067	1.575076574E-4	-0.0122350136	-0.0122350136	-0.0121125136			0.0422784166446205	245	245	-88.6034412	73.75
2512500	-2.4302138	1.377157129E-4	-0.0120977979	-0.0120977979	-0.0119747979			0.0424431023982572	246	246	-87.4876968	74
2512750	-2.3987481	1.17116666E-4	-0.0119811812	-0.0119811812	-0.0118576812			0.0425874236959307	247	247	-86.3549316	74.25
2513000	-2.3684403	1.598527383E-4	-0.0118218285	-0.0118218285	-0.0116978285			0.0427385107847323	248	248	-85.2638508	74.5
2513250	-2.337156	1.790617755E-4	-0.0116432667	-0.0116432667	-0.0115187667			0.0429293481822177	249	249	-84.137616	74.75
2513500	-2.3052806	1.573283013E-4	-0.0114864384	-0.0114864384	-0.0113614384			0.0431223429356462	250	250	-82.9901016	75
2513750	-2.2749812	1.562701004E-4	-0.0113306683	-0.0113306683	-0.0112051683			0.0432933652092866	251	251	-81.8993232	75.25
2514000	-2.2443616	1.383165558E-4	-0.0111928518	-0.0111928518	-0.0110668518			0.0434557164466379	252	252	-80.7970176	75.5000000000005
2514250	-2.2128843	1.553284809E-4	-0.0110380233	-0.0110380233	-0.0109115233			0.0436220818672568	253	253	-79.6638348	75.75
2514500	-2.1819867	1.524498157E-4	-0.0108860735	-0.0108860735	-0.0107590735			0.0437932437366673	254	254	-78.5515212	76
2514750	-2.1511127	1.7683776E-4	-0.0107097357	-0.0107097357	-0.0105822357			0.0439762282650462	255	255	-77.4400572	76.2500000000005
2515000	-2.1198983	1.591353139E-4	-0.0105511004	-0.0105511004	-0.0104231004			0.0441649865903852	256	256	-76.3163388	76.5
2515250	-2.0886554	1.392940465E-4	-0.0104123063	-0.0104123063	-0.0102838063			0.044332803718894	257	257	-75.1915944	76.75
2515500	-2.057258	1.285281972E-4	-0.0102842782	-0.0102842782	-0.0101552782			0.0444841530138882	258	258	-74.061288	77
2515750	-2.0267341	1.525933006E-4	-0.0101321848	-0.0101321848	-0.0100026848			0.0446385986660448	259	259	-72.9624276	77.25
2516000	-1.9955411	1.735465757E-4	-0.0099591383	-0.0099591383	-0.0098291383			0.0448217064974704	260	260	-71.8394796	77.5
2516250	-1.9641316	1.592518954E-4	-0.0098003864	-0.0098003864	-0.0096698864			0.0450098497944547	261	261	-70.7087376	77.75
2516500	-1.9330219	1.391281421E-4	-0.0096617582	-0.0096617582	-0.0095307582			0.0451769238371098	262	262	-69.5887884	77.9999999999995
2516750	-1.9024005	1.385317831E-4	-0.0095237265	-0.0095237265	-0.0093922265			0.0453299548548091	263	263	-68.486418	78.25
2517001	-1.8712659	1.505620929E-4	-0.0093736644	-0.0093736644	-0.0092416644			0.0454919584458039	264	264	-67.3655724	78.501
2517250	-1.8398818	1.653634542E-4	-0.0092088009	-0.0092088009	-0.0090763009			0.0456704178488572	265	265	-66.2357448	78.7499999999995
2517500	-1.8084193	1.574717862E-4	-0.0090518291	-0.0090518291	-0.0089188291			0.0458532361898768	266	266	-65.1030948	79
2517750	-1.7771198	1.419081615E-4	-0.008910421	-0.008910421	-0.008776921			0.0460218928901714	267	267	-63.9763128	79.25
2518000	-1.7464525	1.35509633E-4	-0.0087754113	-0.0087754113	-0.0086414113			0.0461750196350703	268	268	-62.87229	79.5
2518250	-1.7156578	1.411369303E-4	-0.0086347744	-0.0086347744	-0.0085002744			0.0463283550115896	269	269	-61.7636808	79.75
2518500	-1.6840451	1.529475289E-4	-0.0084823269	-0.0084823269	-0.0083473269			0.046495686099118	270	270	-60.6256236	80
2518750	-1.6526967	1.472798764E-4	-0.008335547	-0.008335547	-0.008200047			0.0466650844919555	271	271	-59.4970812	80.25
2519000	-1.6225559	1.437465615E-4	-0.0081923004	-0.0081923004	-0.0080563004			0.0468229654951377	272	272	-58.4120124	80.5
2519250	-1.591293	1.327430654E-4	-0.0080600574	-0.0080600574	-0.0079235574			0.0469785438565163	273	273	-57.286548	80.75
2519500	-1.5599975	1.253491106E-4	-0.0079352083	-0.0079352083	-0.0077982083			0.0471239208166285	274	274	-56.15991	81
2519750	-1.5284468	1.39779467E-5	-0.0079217303	-0.0079217303	-0.0077842303			0.0472030350497381	275	275	-55.0240848	81.25
2520000	-1.4971251	8.8618142E-6	-0.0079133685	-0.0079133685	-0.0077753685			0.0472159006164277	276	276	-53.8965036	81.5
2520250	-1.4667576	3.8308759E-6	-0.0079100376	-0.0079100376	-0.0077715376			0.0472228276989267	277	277	-52.8032736	81.75
2520500	-1.4356327	4.4362027E-6	-0.0079061014	-0.0079061014	-0.0077671014			0.0472274481098676	278	278	-51.6827772	82
2520750	-1.4041364	4.0595549E-6	-0.0079025419	-0.0079025419	-0.0077630419			0.0472322532999414	279	279	-50.5489104	82.25
2521001	-1.3725139	3.5842613E-6	-0.0078994576	-0.0078994576	-0.0077594576			0.0472365928142415	280	280	-49.4105004	82.501
2521250	-1.3423727	3.1089677E-6	-0.0078968486	-0.0078968486	-0.0077563486			0.0472402133185803	281	281	-48.3254172	82.75
2521500	-1.3111575	3.1672584E-6	-0.0078941814	-0.0078941814	-0.0077531814			0.0472437285268616	282	282	-47.20167	83
2521750	-1.2798531	3.0686125E-6	-0.0078916128	-0.0078916128	-0.0077501128			0.0472472310408236	283	283	-46.0747116	83.25
2522000	-1.248412	2.7143843E-6	-0.0078893984	-0.0078893984	-0.0077473984			0.04725049255008	284	284	-44.942832	83.5000000000005
2522250	-1.2168622	2.5574477E-6	-0.0078873409	-0.0078873409	-0.0077448409			0.0472534750465662	285	285	-43.8070392	83.75
2522500	-1.186578	4.1043939E-6	-0.0078837365	-0.0078837365	-0.0077407365			0.0472570956180351	286	286	-42.716808	84
2522750	-1.1555543	3.4452603E-6	-0.0078807913	-0.0078807913	-0.0077372913			0.0472613003772292	287	287	-41.5999548	84.2500000000005
2523000	-1.1242646	2.3063492E-6	-0.0078789849	-0.0078789849	-0.0077349849			0.0472645285033811	288	288	-40.4735256	84.5
2523250	-1.0929014	4.0057481E-6	-0.0078754792	-0.0078754792	-0.0077309792			0.0472680806288898	289	289	-39.3444504	84.75
2523500	-1.0614777	6.0369558E-6	-0.0078699422	-0.0078699422	-0.0077249422			0.0472737497368195	290	290	-38.2131972	85
2523750	-1.0310237	5.6020173E-6	-0.0078648402	-0.0078648402	-0.0077193402			0.0472801189325417	291	291	-37.1168532	85.25
2524000	-0.9968553249	3.0103218E-6	-0.0078623299	-0.0078623299	-0.0077163299			0.0472854034853181	292	292	-35.8867916964	85.5
2524250	-0.968578803	2.3825755E-6	-0.0078604473	-0.0078604473	-0.0077139473			0.0472881381685852	293	293	-34.868836908	85.75
2524500	-0.9371821725	1.5754731E-6	-0.0078593718	-0.0078593718	-0.0077123718			0.0472903637148073	294	294	-33.73855821	85.9999999999995
2524750	-0.9067755472	2.9968701E-6	-0.007856875	-0.007856875	-0.007709375			0.0472928552998978	295	295	-32.6439196992	86.25
2525000	-0.8756058233	2.1494126E-6	-0.0078552255	-0.0078552255	-0.0077072255			0.0472957314265929	296	296	-31.5218096388	86.5
2525250	-0.8450479123	3.5125189E-6	-0.007852213	-0.007852213	-0.007703713			0.0472988347281245	297	297	-30.4217248428	86.75
2525500	-0.8141325693	2.9340955E-6	-0.0078497789	-0.0078497789	-0.0077007789			0.0473024109859176	298	298	-29.3087724948	87
2525750	-0.7830234039	3.1762262E-6	-0.0078471027	-0.0078471027	-0.0076976027			0.0473058213527695	299	299	-28.1888425404	87.25
2526000	-0.7519640192	2.1359609E-6	-0.0078454667	-0.0078454667	-0.0076954667			0.0473087800501203	300	300	-27.0707046912	87.5
2526250	-0.7212504936	2.9699667E-6	-0.0078429968	-0.0078429968	-0.0076924968			0.047311591771936	301	301	-25.9650177696	87.75
2526501	-0.6898019622	2.2390906E-6	-0.0078412577	-0.0078412577	-0.0076902577			0.0473145291601019	302	302	-24.8328706392	88.001
2526750	-0.6586413817	3.1044837E-6	-0.0078386532	-0.0078386532	-0.0076871532			0.0473175151020813	303	303	-23.7110897412	88.25
2527000	-0.6273340651	3.2076135E-6	-0.0078359456	-0.0078359456	-0.0076839456			0.0473210608983054	304	304	-22.5840263436	88.5
2527250	-0.5960280736	5.888987E-6	-0.0078305566	-0.0078305566	-0.0076780566			0.0473261756339112	305	305	-21.4570106496	88.75
2527500	-0.5643839971	4.8845929E-6	-0.007826172	-0.007826172	-0.007673172			0.0473323008018013	306	306	-20.3178238956	89
2527750	-0.5340817037	4.9159803E-6	-0.007821756	-0.007821756	-0.007668256			0.0473376355301784	307	307	-19.2269413332	89.25
2528000	-0.503106774	4.6828173E-6	-0.0078175732	-0.0078175732	-0.0076635732			0.0473429761766593	308	308	-18.111843864	89.5
2528250	-0.4718417291	6.0907626E-6	-0.0078119825	-0.0078119825	-0.0076574825			0.0473490279775106	309	309	-16.9863022476	89.75
2528500	-0.4405365326	5.4540485E-6	-0.0078070284	-0.0078070284	-0.0076520284			0.0473555221340806	310	310	-15.8593151736	90
2528750	-0.4089232433	5.9696973E-6	-0.0078015587	-0.0078015587	-0.0076460587			0.0473620113125521	311	311	-14.7212367588	90.25
2529000	-0.3776951695	7.2072543E-6	-0.0077948515	-0.0077948515	-0.0076388515			0.0473694069051519	312	312	-13.597026102	90.5
2529250	-0.3475258309	1.898314E-6	-0.0077934531	-0.0077934531	-0.0076369531			0.0473743408057074	313	313	-12.5109299124	90.75
2529500	-0.3164293868	9.422302E-6	-0.0077845308	-0.0077845308	-0.0076275308			0.0473806661672347	314	314	-11.3914579248	91
2529750	-0.2849571355	1.9207336E-6	-0.0077831101	-0.0077831101	-0.0076256101			0.0473870806728286	315	315	-10.258456878	91.25
2530000	-0.2535974321	4.929432E-6	-0.0077786807	-0.0077786807	-0.0076206807			0.0473909361282416	316	316	-9.1295075556	91.5000000000005
2530250	-0.2232730974	1.05791488E-5	-0.0077686015	-0.0077686015	-0.0076101015			0.0473993903845893	317	317	-8.0378315064	91.75
2530500	-0.19215258	9.6375293E-6	-0.007759464	-0.007759464	-0.007600464			0.0474107039438895	318	318	-6.91749288	92
2530750	-0.1608593981	1.13145088E-5	-0.0077486495	-0.0077486495	-0.0075891495			0.0474224944852539	319	319	-5.7909383316	92.2500000000005
2531000	-0.129578054	9.7989498E-6	-0.0077393505	-0.0077393505	-0.0075793505			0.047434371456515	320	320	-4.664809944	92.5
2531250	-0.0963941138	9.4626571E-6	-0.0077303879	-0.0077303879	-0.0075698879			0.047445864678504	321	321	-3.4701880968	92.75
2531500	-0.0680366124	8.0502279E-6	-0.0077228376	-0.0077228376	-0.0075618376			0.0474547936596998	322	322	-2.4493180464	93
2531750	-0.0366526724	1.26058726E-5	-0.0077107318	-0.0077107318	-0.0075492318			0.0474664512182185	323	323	-1.3194962064	93.2499999999995
2532000	-0.0056458041	4.7769793E-6	-0.0077064548	-0.0077064548	-0.0075444548			0.0474761418361376	324	324	-0.2032489476	93.5
2537750	0.0130233703	9.1398162E-6	-0.007697815	-0.007697815	-0.007535315			0.0474808117867158	325	325	0.4688413308	99.25
2538000	0.0435886259	1.50899544E-5	-0.007683225	-0.007683225	-0.007520225			0.0474941313875912	326	326	1.5691905324	99.5000000000005
2538250	0.0747848514	1.40945281E-5	-0.0076696305	-0.0076696305	-0.0075061305			0.047510508179499	327	327	2.6922546504	99.75
2538500	0.1062389958	8.0591957E-6	-0.0076620713	-0.0076620713	-0.0074980713			0.0475230397317003	328	328	3.8246038488	100
2538750	0.1433514176	1.00096932E-5	-0.0076525616	-0.0076525616	-0.0074880616			0.0475350968153021	329	329	5.1606510336	100.25
2539000	0.1677884632	1.13055409E-5	-0.0076417561	-0.0076417561	-0.0074767561			0.0475444638822239	330	330	6.0403846752	100.5
2539250	0.1990009832	1.14983487E-5	-0.0076307577	-0.0076307577	-0.0074652577			0.0475572644492006	331	331	7.1640353952	100.75
2539500	0.230300874	2.4510633E-5	-0.0076067471	-0.0076067471	-0.0074407471			0.0475775405707504	332	332	8.290831464	101
2539750	0.2616342466	2.08562527E-5	-0.0075863908	-0.0075863908	-0.0074198908			0.0476031162463364	333	333	9.4188328776	101.25
2540000	0.292090643	2.8227788E-5	-0.007558663	-0.007558663	-0.007391663			0.0476300138960422	334	334	10.515263148	101.5
2540250	0.3233325811	3.56665818E-5	-0.0075234965	-0.0075234965	-0.0073559965			0.0476659339599767	335	335	11.6399729196	101.75
2540500	0.354489357	1.80269104E-5	-0.0075059696	-0.0075059696	-0.0073379696			0.0476960352334051	336	336	12.761616852	102
2540750	0.3856029334	3.15234562E-5	-0.0074749461	-0.0074749461	-0.0073064461			0.047723774436621	337	337	13.8817056024	102.25
2541000	0.4172108746	4.11907494E-5	-0.0074342553	-0.0074342553	-0.0072652553			0.0477651332917923	338	338	15.0195914856	102.5
2541250	0.4486993325	4.67463043E-5	-0.007388009	-0.007388009	-0.007218509			0.0478149639957866	339	339	16.15317597	102.75
2541500	0.4797921043	5.4328583E-5	-0.0073341805	-0.0073341805	-0.0071641805			0.0478715213736883	340	340	17.2725157548	103
2541750	0.5099793651	4.57912331E-5	-0.0072888892	-0.0072888892	-0.0071183892			0.0479259126802718	341	341	18.3592571436	103.25
2542000	0.5412437864	5.35977069E-5	-0.0072357915	-0.0072357915	-0.0070647915			0.0479818335035491	342	342	19.4847763104	103.5
2542250	0.5725752154	5.63014999E-5	-0.00717999	-0.00717999	-0.00700849			0.0480438016097449	343	343	20.6127077544	103.75
2542500	0.6040355363	7.19996417E-5	-0.0071084904	-0.0071084904	-0.0069364904			0.0481164453955877	344	344	21.7452793068	104
2542750	0.6348219803	8.32407846E-5	-0.0070257496	-0.0070257496	-0.0068532496			0.0482024617249026	345	345	22.8535912908	104.25
2543000	0.665734975	9.57777753E-5	-0.0069304718	-0.0069304718	-0.0067574718			0.0483020625925055	346	346	23.9664591	104.5
2543250	0.6966560972	1.242326189E-4	-0.0068067392	-0.0068067392	-0.0066332392			0.0484245048900195	347	347	25.0796194992	104.75
2543500	0.7280160609	1.067140128E-4	-0.0067005252	-0.0067005252	-0.0065265252			0.048554858204194	348	348	26.2085781924	105
2543750	0.7593434263	1.662109117E-4	-0.0065348143	-0.0065348143	-0.0063603143			0.0487087472654009	349	349	27.3363633468	105.25
2544000	0.7897024691	2.496204612E-4	-0.0062856938	-0.0062856938	-0.0061106938			0.0489359727001996	350	350	28.4292888876	105.5
2544250	0.820730795	2.276807275E-4	-0.0060585131	-0.0060585131	-0.0058830131			0.0492025389530403	351	351	29.54630862	105.75
2544500	0.8520648744	2.638747864E-4	-0.0057951383	-0.0057951383	-0.0056191383			0.0494797715838086	352	352	30.6743354784	106
2544750	0.8834984716	2.115924863E-4	-0.0055840458	-0.0055840458	-0.0054075458			0.0497487819088866	353	353	31.8059449776	106.25
2545000	0.9137830859	2.008669921E-4	-0.0053836788	-0.0053836788	-0.0052066788			0.0499736121783445	354	354	32.8961910924	106.5
2545250	0.9449025371	2.320211449E-4	-0.0051521577	-0.0051521577	-0.0049746577			0.0502160833179218	355	355	34.0164913356	106.75
2545500	0.9763068487	2.157849349E-4	-0.0049368727	-0.0049368727	-0.0047588727			0.0504692067623651	356	356	35.1470465532	107
2545750	1.007485	2.432578039E-4	-0.0046941149	-0.0046941149	-0.0045156149			0.0507268134095731	357	357	36.26946	107.25
2546000	1.0389772	3.141482983E-4	-0.0043804666	-0.0043804666	-0.0042014666			0.0510427730725118	358	358	37.4031792	107.5
2546250	1.0702775	3.001047165E-4	-0.0040808619	-0.0040808619	-0.0039013619			0.0513888352699084	359	359	38.52999	107.75
2546500	1.1006406	4.140899954E-4	-0.0036672719	-0.0036672719	-0.0034872719			0.0517791573174164	360	360	39.6230616	108
2546750	1.1316449	4.106194551E-4	-0.0032571525	-0.0032571525	-0.0030766525			0.0522393978617589	361	361	40.7392164	108.25
2547000	1.1631814	4.559248033E-4	-0.0028017277	-0.0028017277	-0.0026207277			0.0527312864227094	362	362	41.8745304	108.5
2547250	1.1945589	5.046289494E-4	-0.0022975987	-0.0022975987	-0.0021160987			0.0532737910835656	363	363	43.0041204	108.75
2547500	1.2312726	5.510507893E-4	-0.0017470479	-0.0017470479	-0.0015650479			0.0539714202326424	364	364	44.3258136	109
2547750	1.255975	5.439662238E-4	-0.0012035817	-0.0012035817	-0.0010210817			0.0544583032085376	365	365	45.2151	109.25
2548000	1.2861569	5.959615542E-4	-6.081201536E-4	-6.081201536E-4	-4.251201536E-4			0.0550775856947044	366	366	46.3016484	109.5
2548250	1.3173452	6.205871453E-4	1.19669917E-5	1.19669917E-5	1.954669917E-4			0.0557605320113995	367	367	47.4244272	109.75
2548500	1.3486626	7.506606654E-4	7.621276571E-4	7.621276571E-4	9.461276571E-4			0.0565335112284981	368	368	48.5518536	110
2548750	1.3800131	9.24559846E-4	0.0016861875	0.0016861875	0.0018706875			0.0574788419538858	369	369	49.6804716	110.25
2549000	1.4109202	0.0013336262	0.0030193138	0.0030193138	0.0032043138			0.0587351225022916	370	370	50.7931272	110.5
2549250	1.441679	0.0016164484	0.0046352621	0.0046352621	0.0048207621			0.0603684450120403	371	371	51.900444	110.75
2549500	1.4729123	0.0014811511	0.0061159132	0.0061159132	0.0063019132			0.0621099023483926	372	372	53.0248428	111
2549750	1.5040524	9.001808696E-4	0.0070155941	0.0070155941	0.0072020941			0.0634446796199543	373	373	54.1458864	111.25
2550000	1.5346767	4.487281402E-4	0.0074638223	0.0074638223	0.0076508223			0.064188237690605	374	374	55.2483612	111.5
2550250	1.5658235	2.486519383E-4	0.0077119742	0.0077119742	0.0078994742			0.0645792073186795	375	375	56.369646	111.75
2550500	1.5973659	2.149240256E-4	0.0079263982	0.0079263982	0.0081143982			0.0648423973361224	376	376	57.5051724	112
2550750	1.6286313	1.867965069E-4	0.0081126947	0.0081126947	0.0083011947			0.0650684652370413	377	377	58.6307268	112.25
2551000	1.6588577	1.72340406E-4	0.0082845351	0.0082845351	0.0084735351			0.0652638518432507	378	378	59.7188772	112.5
2551250	1.6901159	1.656683595E-4	0.0084497035	0.0084497035	0.0086392035			0.0654540204109863	379	379	60.8441724	112.75
2551500	1.7215488	1.742460645E-4	0.0086234496	0.0086234496	0.0088134496			0.065646330024909	380	380	61.9757568	113
2551750	1.7530506	1.75600203E-4	0.0087985498	0.0087985498	0.0089890498			0.0658446928529525	381	381	63.1098216	113.25
2552000	1.7843236	1.534855971E-4	0.0089515354	0.0089515354	0.0091425354			0.06602992859875	382	382	64.2356496	113.5
2552250	1.8155568	1.524991386E-4	0.0091035345	0.0091035345	0.0092950345			0.0662019412388452	383	383	65.3600448	113.75
2552500	1.8471545	1.716498851E-4	0.0092746844	0.0092746844	0.0094666844			0.0663862924085842	384	384	66.497562	114
2552750	1.8775346	1.714929485E-4	0.0094456773	0.0094456773	0.0096381773			0.0665739263165311	385	385	67.5912456	114.25
2553000	1.9087723	1.69313772E-4	0.0096144911	0.0096144911	0.0098074911			0.0667655433966324	386	386	68.7158028	114.5
2553250	1.9399045	1.473157476E-4	0.0097613068	0.0097613068	0.0099548068			0.0669429649125821	387	387	69.836562	114.75
2553500	1.9713128	1.540505688E-4	0.0099148574	0.0099148574	0.0101088574			0.067113330871751	388	388	70.9672608	115
2553750	2.0029599	1.7573472E-4	0.0100900921	0.0100900921	0.0102845921			0.0673011809430323	389	389	72.1065564	115.25
2554000	2.0332233	1.781111882E-4	0.0102677033	0.0102677033	0.0104627033			0.0674939244928563	390	390	73.1960388	115.5
2554250	2.0643599	1.692285779E-4	0.0104364319	0.0104364319	0.0106319319			0.067688582912181	391	391	74.3169564	115.75
2554500	2.0957224	1.414597713E-4	0.0105773917	0.0105773917	0.0107733917			0.0678639629620131	392	392	75.4460064	116
2554750	2.1270652	1.297164313E-4	0.0107066081	0.0107066081	0.0109031081			0.0680169412652964	393	393	76.5743472	116.25
2555000	2.157138	1.521000713E-4	0.0108582082	0.0108582082	0.0110552082			0.0681694806428374	394	394	77.656968	116.5
2555250	2.1891125	1.765821776E-4	0.0110342904	0.0110342904	0.0112317904			0.0683586392422316	395	395	78.80805	116.75
2555500	2.2201074	1.604087422E-4	0.0111941991	0.0111941991	0.0113921991			0.0685466380815495	396	396	79.9238664	117
2555750	2.2513781	1.399576641E-4	0.0113336568	0.0113336568	0.0115321568			0.0687156948441643	397	397	81.0496116	117.25
2556000	2.2827593	1.566243287E-4	0.0114897811	0.0114897811	0.0116887811			0.0688832113259165	398	398	82.1793348	117.5
2556250	2.313212	1.56471876E-4	0.011645753	0.011645753	0.011845253			0.0690548236092161	399	399	83.275632	117.75
2556500	2.3444279	1.759589152E-4	0.0118212119	0.0118212119	0.0120212119			0.0692416006455225	400	400	84.3994044	118
2556750	2.3759405	1.599962232E-4	0.0119807081	0.0119807081	0.0121812081			0.0694321520590847	401	401	85.533858	118.25
2557000	2.4067256	1.444325985E-4	0.0121246407	0.0121246407	0.0123256407			0.0696008346673892	402	402	86.6421216	118.5
2557251	2.437475	1.774968936E-4	0.0123016376	0.0123016376	0.0125031376			0.069779008094644	403	403	87.7491	118.751
2557500	2.4695569	1.915584111E-4	0.012492696	0.012492696	0.012694696			0.0699921164619974	404	404	88.9040484	119
2557750	2.5003385	-2.81527518E-5	0.0124640433	0.0124640433	0.0126665433			0.0700826433581829	405	405	90.012186	119.25
2558000	2.4903029	-1.544864109E-4	0.0123090568	0.0123090568	0.0125120568			0.0701156390554604	406	406	89.6509044	119.5
2558250	2.4596105	-1.363625191E-4	0.0121721943	0.0121721943	0.0123756943			0.0702763334353088	407	407	88.545978	119.75
2558500	2.4290624	-1.331520524E-4	0.0120385423	0.0120385423	0.0122425423			0.0704245412780943	408	408	87.4462464	120
2558750	2.3981107	-1.53401309E-4	0.011884641	0.011884641	0.012089141			0.0705842000668751	409	409	86.3319852	120.25
2559000	2.3666957	-1.782913939E-4	0.0117058496	0.0117058496	0.0119108496			0.0707717736489839	410	410	85.2010452	120.5
2559250	2.3352811	-1.569884227E-4	0.0115483611	0.0115483611	0.0117538611			0.0709613732221181	411	411	84.0701196	120.75
2559500	2.3049495	-1.472314735E-4	0.0114006297	0.0114006297	0.0116066297			0.0711274787131585	412	412	82.978182	121
2559750	2.2740811	-1.371741036E-4	0.0112629556	0.0112629556	0.0114694556			0.0712855144378733	413	413	81.8669196	121.25
2560000	2.2426608	-1.566521308E-4	0.0111058034	0.0111058034	0.0113128034			0.0714517037009702	414	414	80.7357888	121.5
2560250	2.2110555	-1.770717753E-4	0.0109282317	0.0109282317	0.0111357317			0.0716415690739285	415	415	79.597998	121.75
2560500	2.1797069	-1.576744582E-4	0.0107700572	0.0107700572	0.0109780572			0.0718304692233835	416	416	78.4694484	122
2560750	2.1485957	-1.380484626E-4	0.0106315087	0.0106315087	0.0108400087			0.0719960857322201	417	417	77.3494452	122.25
2561000	2.1184232	-1.375552344E-4	0.0104934535	0.0104934535	0.0107024535			0.0721457783401793	418	418	76.2632352	122.5
2561250	2.0870465	-1.507289093E-4	0.0103422246	0.0103422246	0.0105517246			0.0723086069274407	419	419	75.133674	122.75
2561500	2.0554831	-1.748881198E-4	0.0101668365	0.0101668365	0.0103768365			0.072493614739918	420	420	73.9973916	123
2561750	2.0240734	-1.568404542E-4	0.010009496	0.010009496	0.010219996			0.0726811769572438	421	421	72.8666424	123.25
2562000	1.9939076	-1.593065949E-4	0.0098496894	0.0098496894	0.0100606894			0.0728528507326992	422	422	71.7806736	123.5
2562250	1.9626462	-1.39608857E-4	0.0097095806	0.0097095806	0.0099210806			0.0730210632659477	423	423	70.6552632	123.75
2562500	1.9313533	-1.465633736E-4	0.0095625172	0.0095625172	0.0097745172			0.0731822673933006	424	424	69.5287188	124
2562750	1.8997494	-1.68937995E-4	0.0093930792	0.0093930792	0.0096055792			0.0733617580973604	425	425	68.3909784	124.25
2563000	1.8683112	-1.57638587E-4	0.0092349406	0.0092349406	0.0094479406			0.0735465750533166	426	426	67.2592032	124.5
2563250	1.8378491	-1.547913156E-4	0.0090796493	0.0090796493	0.0092931493			0.0737178968965204	427	427	66.1625676	124.75
2563500	1.80699	-1.404607965E-4	0.0089386885	0.0089386885	0.0091526885			0.0738819098659415	428	428	65.05164	125
2563750	1.7755675	-1.454334328E-4	0.0087927551	0.0087927551	0.0090072551			0.0740436243836047	429	429	63.92043	125.25
2564000	1.7439315	-1.583918809E-4	0.0086338632	0.0086338632	0.0088488632			0.0742166484898006	430	430	62.781534	125.5
2564250	1.7137496	-1.534685674E-4	0.0084798946	0.0084798946	0.0086953946			0.0743860850908464	431	431	61.6949856	125.75
2564500	1.682556	-1.509575878E-4	0.008328437	0.008328437	0.008544437			0.0745570269794096	432	432	60.572016	126
2564750	1.6512768	-1.363849386E-4	0.0081915521	0.0081915521	0.0084080521			0.0747188194382535	433	433	59.4459648	126.25
2565000	1.6198427	-1.338111846E-4	0.0080572409	0.0080572409	0.0082742409			0.0748717114497426	434	434	58.3143372	126.5
2565250	1.5882615	-1.380125914E-4	0.0079187283	0.0079187283	0.0081362283			0.0750262441975976	435	435	57.177414	126.75
2565500	1.5577722	-1.236462012E-4	0.0077945821	0.0077945821	0.0080125821			0.0751698554553995	436	436	56.0797992	127
2565750	1.5269702	-1.58130808E-5	0.007778269	0.007778269	0.007996769			0.0752471877905945	437	437	54.9709272	127.25
2566000	1.4958367	-5.024831E-6	0.0077727442	0.0077727442	0.0079917442			0.0752588766269409	438	438	53.8501212	127.5
2566250	1.464203	-2.8366867E-6	0.0077694075	0.0077694075	0.0079889075			0.0752633644151373	439	439	52.711308	127.75
2566500	1.4325848	-3.2133345E-6	0.0077656942	0.0077656942	0.0079856942			0.0752668190317348	440	440	51.5730528	128
2566750	1.4020732	-3.329916E-6	0.0077618643	0.0077618643	0.0079823643			0.075270423626666	441	441	50.4746352	128.25
2567000	1.3711897	-3.0877852E-6	0.0077582765	0.0077582765	0.0079792765			0.0752740023640762	442	442	49.3628292	128.5
2567250	1.3399248	-1.1552234E-6	0.0077566213	0.0077566213	0.0079781213			0.0752764014497526	443	443	48.2372928	128.75
2567501	1.3085071	-2.7470087E-6	0.0077533743	0.0077533743	0.0079753743			0.0752786195449587	444	444	47.1062556	129.001
2567750	1.2774137	-1.9354224E-6	0.0077509388	0.0077509388	0.0079734388			0.0752812514072397	445	445	45.9868932	129.25
2568001	1.2466558	-3.7558867E-6	0.0077466829	0.0077466829	0.0079696829			0.0752844134289747	446	446	44.8796088	129.501
2568250	1.2155241	-1.3480312E-6	0.0077448349	0.0077448349	0.0079683349			0.0752872847219226	447	447	43.7588676	129.75
2568500	1.184298	-9.93802899E-7	0.0077433411	0.0077433411	0.0079673411			0.0752886122375423	448	448	42.634728	130
2568750	1.1527966	-1.5587746E-6	0.0077412823	0.0077412823	0.0079657823			0.0752900709538132	449	449	41.5006776	130.25
2569000	1.1213063	-1.2718048E-6	0.0077395105	0.0077395105	0.0079645105			0.0752916867346218	450	450	40.3670268	130.5
2569250	1.0912023	-1.496E-6	0.0077375145	0.0077375145	0.0079630145			0.0752931973679844	451	451	39.2832828	130.75
2569500	1.0599179	-2.2448116E-6	0.0077347697	0.0077347697	0.0079607697			0.0752953151532039	452	452	38.1570444	131
2569750	1.0287982	-1.5184195E-6	0.0077327513	0.0077327513	0.0079592513			0.0752974343475075	453	453	37.0367352	131.25
2570000	0.994301427	-2.3927804E-6	0.0077298585	0.0077298585	0.0079568585			0.0752998753942977	454	454	35.794851372	131.5
2570250	0.9658017735	-4.2805032E-6	0.007725078	0.007725078	0.007952578			0.0753033090070385	455	455	34.768863846	131.75
2570500	0.9355448988	-2.9084292E-6	0.0077216696	0.0077216696	0.0079496696			0.0753072351627967	456	456	33.6796163568	132
2570750	0.9043452326	-6.171551108E-7	0.0077205524	0.0077205524	0.0079490524			0.0753092263416424	457	457	32.5564283736	132.25
2571000	0.87307635	-4.0473403E-6	0.0077160051	0.0077160051	0.0079450051			0.0753118629625091	458	458	31.4307486	132.5
2571250	0.8415733597	2.572058263E-7	0.0077157623	0.0077157623	0.0079452623			0.0753140235138377	459	459	30.2966409492	132.75
2571500	0.8102417539	-9.130926587E-7	0.0077143492	0.0077143492	0.0079443492			0.0753144046929941	460	460	29.1687031404	133
2571750	0.7788839546	-4.2042769E-6	0.0077096449	0.0077096449	0.0079401449			0.075317304431858	461	461	28.0398223656	133.25
2572001	0.7485688621	-6.7511334E-6	0.0077023938	0.0077023938	0.0079333938			0.0753232934022704	462	462	26.9484790356	133.501
2572250	0.7176195587	-3.6796603E-6	0.0076982141	0.0076982141	0.0079297141			0.0753291154084003	463	463	25.8343041132	133.75
2572500	0.6863124238	-2.6483628E-6	0.0076950658	0.0076950658	0.0079270658			0.07533269269988	464	464	24.7072472568	134
2572750	0.6553994291	-4.6840544E-6	0.0076898817	0.0076898817	0.0079223817			0.0753367838340909	465	465	23.5943794476	134.25
2573000	0.6235910387	-1.5991297E-6	0.0076877826	0.0076877826	0.0079207826			0.075340392728622	466	466	22.4492773932	134.5
2573250	0.5925502123	-1.7426146E-6	0.00768554	0.00768554	0.00791904			0.0753422710524039	467	467	21.3318076428	134.75
2573500	0.5620685059	-2.1192624E-6	0.0076829207	0.0076829207	0.0079169207			0.0753444009246338	468	468	20.2344662124	135
2573750	0.5306887534	-1.1462556E-6	0.0076812745	0.0076812745	0.0079157745			0.0753462567019839	469	469	19.1047951224	135.25
2574000	0.4990984807	-6.127871E-6	0.0076746466	0.0076746466	0.0079096466			0.0753504043240552	470	470	17.9675453052	135.5
2574250	0.4688203596	-1.9712936E-6	0.0076721753	0.0076721753	0.0079076753			0.075354829318937	471	471	16.8775329456	135.75
2574500	0.4378635029	-1.2449014E-6	0.0076704304	0.0076704304	0.0079064304			0.0753566326025846	472	472	15.7630861044	136
2574750	0.4068203796	-2.4421033E-6	0.0076674883	0.0076674883	0.0079039883			0.0753587039886562	473	473	14.6455336656	136.25
2575000	0.3752795787	-2.9487843E-6	0.0076640395	0.0076640395	0.0079010395			0.0753617759357689	474	474	13.5100648332	136.5
2575250	0.3437279117	-8.7105958E-6	0.0076548289	0.0076548289	0.0078923289			0.0753684090061792	475	475	12.3742048212	136.75
2575500	0.3124296111	-1.02037319E-5	0.0076441252	0.0076441252	0.0078821252			0.0753790760272194	476	476	11.2474659996	137
2575750	0.2814240334	-1.2234935E-5	0.0076313902	0.0076313902	0.0078698902			0.0753916102181683	477	477	10.1312652024	137.25
2576000	0.251152538	-7.7196557E-6	0.0076231706	0.0076231706	0.0078621706			0.0754024941113172	478	478	9.041491368	137.5
2576250	0.2197101065	-9.7867299E-6	0.0076128839	0.0076128839	0.0078523839			0.0754124134105332	479	479	7.909563834	137.75
2576500	0.18837161	-1.51718843E-5	0.007597212	0.007597212	0.007837212			0.0754265036703795	480	480	6.78137796	138
2576750	0.157916848	-1.24994846E-5	0.0075842125	0.0075842125	0.0078247125			0.075441683683267	481	481	5.685006528	138.25
2577000	0.1269254935	-7.7017201E-6	0.0075760108	0.0075760108	0.0078170108			0.0754529639686859	482	482	4.569317766	138.5
2577250	0.0924581664	-1.29299382E-5	0.0075625808	0.0075625808	0.0078040808			0.075465776502998	483	483	3.3284939904	138.75
2577500	0.0644955384	-1.25353557E-5	0.0075495455	0.0075495455	0.0077915455			0.0754786039472684	484	484	2.3218393824	139
2577750	0.0341995145	-1.20824826E-5	0.007536963	0.007536963	0.007779463			0.075492039660952	485	485	1.231182522	139.25
2578000	0.0041105704	-4.7782164E-6	0.0075316848	0.0075316848	0.0077746848			0.0755011822643065	486	486	0.1479805344	139.5
