Acquisition Time (ms)	Shunt Voltage (V)	Sample Voltage (V)	Integrated Sample Voltage (V)						
milliseconds	Volts	Volts	Volts						
5026750	0.0157530053	7.4174699E-6	-1.925825301E-4	-3.925825301E-4				1	0.5671081908
5027001	0.0359016032	6.8839045E-6	-1.917986256E-4	-3.978986256E-4				2	1.2924577152
5027250	0.0561458068	7.4174699E-6	-1.904811557E-4	-4.026811557E-4				3	2.0212490448
5027500	0.0767206411	6.7449085E-6	-1.898362472E-4	-4.081362472E-4				4	2.7619430796
5027750	0.09766684	7.206734E-6	-1.887295132E-4	-4.131295132E-4				5	3.51600624
5028000	0.1186728187	7.659592E-6	-1.871699212E-4	-4.176699212E-4				6	4.2722214732
5028250	0.1438259801	8.1169338E-6	-1.851529873E-4	-4.217529873E-4				7	5.1777352836
5028500	0.1601001588	7.3277951E-6	-1.839251923E-4	-4.266251923E-4				8	5.7636057168
5028750	0.1806241904	6.9197744E-6	-1.831054178E-4	-4.319054178E-4				9	6.5024708544
5029000	0.2012341334	7.1305104E-6	-1.820749075E-4	-4.369749075E-4				10	7.2444288024
5029250	0.2221852926	5.8436761E-6	-1.823312314E-4	-4.433312314E-4				11	7.9986705336
5029500	0.2430164409	6.7314572E-6	-1.816997742E-4	-4.487997742E-4				12	8.7485918724
5029750	0.2633711675	6.7493922E-6	-1.81050382E-4	-4.54250382E-4				13	9.48136203
5030000	0.2839162242	6.9108069E-6	-1.80239575E-4	-4.59539575E-4				14	10.2209840712
5030250	0.3045043471	6.9108069E-6	-1.794287681E-4	-4.648287681E-4				15	10.9621564956
5030500	0.3250762153	7.2784739E-6	-1.782502942E-4	-4.697502942E-4				16	11.7027437508
5030750	0.3457762217	6.6776523E-6	-1.776726419E-4	-4.752726419E-4				17	12.4479439812
5031000	0.365885361	7.6999457E-6	-1.760726962E-4	-4.797726962E-4				18	13.171872996
5031250	0.3865348365	7.1260266E-6	-1.750466695E-4	-4.848466695E-4				19	13.915254114
5031500	0.4076160333	6.8525183E-6	-1.742941512E-4	-4.901941512E-4				20	14.6741771988
5031750	0.4284084883	7.6461408E-6	-1.727480104E-4	-4.947480104E-4				21	15.4227055788
5032000	0.4483686409	7.7806531E-6	-1.710673573E-4	-4.991673573E-4				22	16.1412710724
5032250	0.468842495	7.5923359E-6	-1.695750214E-4	-5.037750214E-4				23	16.87832982
5032500	0.4894752741	6.57901E-6	-1.690960115E-4	-5.093960115E-4				24	17.6211098676
5032750	0.5101436987	7.0587705E-6	-1.68137241E-4	-5.14537241E-4				25	18.3651731532
5033000	0.5311382774	7.7492669E-6	-1.664879741E-4	-5.189879741E-4				26	19.1209779864
5033250	0.5518601482	6.4893351E-6	-1.66098639E-4	-5.24698639E-4				27	19.8669653352
5033500	0.5722828088	6.9063232E-6	-1.652923158E-4	-5.299923158E-4				28	20.6021811168
5033750	0.592809579	6.6238474E-6	-1.647684684E-4	-5.355684684E-4				29	21.341144844
5034000	0.6134631182	7.1843153E-6	-1.636841531E-4	-5.405841531E-4				30	22.0846722552
5034250	0.6335814449	6.7718109E-6	-1.630123422E-4	-5.460123422E-4				31	22.8089320164
5034500	0.6539351114	7.0273843E-6	-1.620849579E-4	-5.511849579E-4				32	23.5416640104
5034750	0.6748197058	6.3503391E-6	-1.618346189E-4	-5.570346189E-4				33	24.2935094088
5035000	0.6955387055	7.0991242E-6	-1.608354947E-4	-5.621354947E-4				34	25.039393398
5035250	0.7164846085	7.4174699E-6	-1.595180248E-4	-5.669180248E-4				35	25.793445906
5035500	0.7371723797	7.1439616E-6	-1.584740632E-4	-5.719740632E-4				36	26.5382056692
5035750	0.7579100193	6.6148799E-6	-1.579591833E-4	-5.775591833E-4				37	27.2847606948
5036000	0.7784743785	6.5745262E-6	-1.574846571E-4	-5.831846571E-4				38	28.025077626
5036250	0.7990363083	6.368274E-6	-1.572163831E-4	-5.890163831E-4				39	28.7653070988
5036500	0.8201897679	7.9465516E-6	-1.553698315E-4	-5.932698315E-4				40	29.5268316444
5036750	0.8409528938	7.8210068E-6	-1.536488247E-4	-5.976488247E-4				41	30.2743041768
5037000	0.8616677856	7.0767054E-6	-1.526721192E-4	-6.027721192E-4				42	31.0200402816
5037250	0.8816917202	7.0229005E-6	-1.517492187E-4	-6.079492187E-4				43	31.7409019272
5037500	0.9023524592	6.7807784E-6	-1.510684403E-4	-6.133684403E-4				44	32.4846885312
5037750	0.9228165958	7.170864E-6	-1.499975762E-4	-6.183975762E-4				45	33.2213974488
5038000	0.943592752	6.6507498E-6	-1.494468264E-4	-6.239468264E-4				46	33.969339072
5038250	0.9644873289	6.9780631E-6	-1.485687633E-4	-6.291687633E-4				47	34.7215438404
5038500	0.9855736936	6.5700425E-6	-1.480987208E-4	-6.347987208E-4				48	35.4806529696
5038750	1.0062499	7.2739901E-6	-1.469247307E-4	-6.397247307E-4				49	36.2249964
5039000	1.0262643	7.049803E-6	-1.459749277E-4	-6.448749277E-4				50	36.9455148
5039250	1.0467051	7.049803E-6	-1.450251247E-4	-6.500251247E-4				51	37.6813836
5039500	1.0668197	7.363665E-6	-1.437614597E-4	-6.548614597E-4				52	38.4055092
5039750	1.0873606	7.4981773E-6	-1.423632824E-4	-6.595632824E-4				53	39.1449816
5040000	1.1080901	6.7404247E-6	-1.417228577E-4	-6.650228577E-4				54	39.8912436
5040250	1.1290242	6.9735794E-6	-1.408492784E-4	-6.702492784E-4				55	40.6448712
5040500	1.1500319	7.031868E-6	-1.399174103E-4	-6.754174103E-4				56	41.4011484
5040750	1.170821	6.7897459E-6	-1.392276645E-4	-6.808276645E-4				57	42.149556
5041000	1.1907637	6.3458553E-6	-1.389818092E-4	-6.866818092E-4				58	42.8674932
5041250	1.216027	7.0363518E-6	-1.380454574E-4	-6.918454574E-4				59	43.776972
5041500	1.2321154	6.6731686E-6	-1.374722888E-4	-6.973722888E-4				60	44.3561544
5041750	1.2528408	7.2560552E-6	-1.363162337E-4	-7.023162337E-4				61	45.1022688
5042000	1.2738545	7.556466E-6	-1.348597677E-4	-7.069597677E-4				62	45.858762
5042250	1.2942124	7.3950512E-6	-1.335647165E-4	-7.117647165E-4				63	46.5916464
5042500	1.3148429	6.8794207E-6	-1.327852958E-4	-7.170852958E-4				64	47.3343444
5042750	1.3354815	6.9242582E-6	-1.319610376E-4	-7.223610376E-4				65	48.077334
5043000	1.3561918	6.7135222E-6	-1.313475153E-4	-7.278475153E-4				66	48.8229048
5043250	1.3767519	6.9915143E-6	-1.30456001E-4	-7.33056001E-4				67	49.5630684
5043500	1.3974676	7.2291527E-6	-1.293268483E-4	-7.380268483E-4				68	50.3088336
5043750	1.4185085	7.4174699E-6	-1.280093784E-4	-7.428093784E-4				69	51.066306
5044000	1.4385643	6.7762947E-6	-1.273330837E-4	-7.482330837E-4				70	51.7883148
5044250	1.4594728	6.368274E-6	-1.270648097E-4	-7.540648097E-4				71	52.5410208
5044500	1.4801889	7.6013034E-6	-1.255635063E-4	-7.586635063E-4				72	53.2868004
5044750	1.5008373	6.9152907E-6	-1.247482156E-4	-7.639482156E-4				73	54.0301428
5045000	1.5214375	7.2022503E-6	-1.236459654E-4	-7.689459654E-4				74	54.77175
5045250	1.5422333	7.7402994E-6	-1.220056659E-4	-7.734056659E-4				75	55.5203988
5045500	1.5631085	5.8840298E-6	-1.222216362E-4	-7.797216362E-4				76	56.271906
5045750	1.5841507	7.4264374E-6	-1.208951988E-4	-7.844951988E-4				77	57.0294252
5046000	1.6048971	6.5745262E-6	-1.204206726E-4	-7.901206726E-4				78	57.7762956
5046250	1.6249132	6.1306356E-6	-1.203900369E-4	-7.961900369E-4				79	58.4968752
5046500	1.6454506	7.3188276E-6	-1.191712093E-4	-8.010712093E-4				80	59.2362216
5046750	1.6659876	6.9511606E-6	-1.183200487E-4	-8.063200487E-4				81	59.9755536
5047000	1.6867113	7.2784739E-6	-1.171415748E-4	-8.112415748E-4				82	60.7216068
5047250	1.7077731	6.6866198E-6	-1.16554955E-4	-8.16754955E-4				83	61.4798316
5047500	1.7286981	7.1260266E-6	-1.155289284E-4	-8.218289284E-4				84	62.2331316
5047750	1.7490244	7.5968196E-6	-1.140321088E-4	-8.264321088E-4				85	62.9648784
5048000	1.770071	7.5430147E-6	-1.12589094E-4	-8.31089094E-4				86	63.722556
5048250	1.7902552	7.7941043E-6	-1.108949897E-4	-8.354949897E-4				87	64.4491872
5048500	1.8106861	7.5654334E-6	-1.094295562E-4	-8.401295562E-4				88	65.1846996
5048750	1.8314815	8.5249545E-6	-1.070046018E-4	-8.438046018E-4				89	65.933334
5049000	1.8524382	8.4756333E-6	-1.046289685E-4	-8.475289685E-4				90	66.6877752
5049250	1.8734135	8.7356904E-6	-1.019932781E-4	-8.509932781E-4				91	67.442886
5049500	1.8942423	7.852393E-6	-1.002408851E-4	-8.553408851E-4				92	68.1927228
5049750	1.9147985	9.1885485E-6	-9.71523365999999E-5	-8.583523366E-4				93	68.932746
5050000	1.9350454	9.3723819E-6	-9.38799547E-5	-8.611799547E-4				94	69.6616344
5050251	1.9554198	9.5248292E-6	-9.04551255E-5	-8.638551255E-4				95	70.3951128
5050500	1.9761706	9.4261868E-6	-8.71289387000001E-5	-8.666289387E-4				96	71.1421416
5050750	1.9972262	1.08295984E-5	-8.23993402E-5	-8.679993402E-4				97	71.9001432
5051000	2.0181592	1.23630386E-5	-7.61363016E-5	-8.678363016E-4				98	72.6537312
5051250	2.0389029	1.15066437E-5	-7.07296580000001E-5	-8.68529658E-4				99	73.4005044
5051500	2.0588991	1.32866897E-5	-6.35429683E-5	-8.674429683E-4				100	74.1203676
5051750	2.0795185	1.69230053E-5	-5.2719963E-5	-8.62719963E-4				101	74.862666
5052000	2.0999895	2.18640903E-5	-3.69558726999999E-5	-8.530558727E-4				102	75.599622
5052250	2.1208107	2.37651974E-5	-1.92906753000001E-5	-8.414906753E-4				103	76.3491852
5052500	2.1418244	3.48131404E-5	9.42246509999997E-6	-8.188775349E-4				104	77.1056784
5052750	2.1627606	4.91431835E-5	5.24656485E-5	-7.819343515E-4				105	77.8593816
5053001	2.1832833	9.41823832E-5	1.405480317E-4	-6.999519683E-4				106	78.5981988
5053250	2.2034937	1.862560482E-4	3.207041E-4	-5.258959E-4				107	79.3257732
5053500	2.2241305	4.379599361E-4	7.52564E-4	-1.00136E-4				108	80.068698
5053750	2.2446706	7.079350772E-4	0.0014543991	5.955991E-4				109	80.8081416
5054000	2.2648365	0.0010603349	0.002508634	0.001643734				110	81.534114
5054250	2.2854728	0.0014225765	0.0039251104	0.0030541104				111	82.2770208
5054500	2.3066447	0.0016061902	0.0055252007	0.0046481007				112	83.0392092
5054750	2.3275055	0.0016825798	0.0072016804	0.0063184804				113	83.790198
5055000	2.3482056	0.001674518	0.0088700985	0.0079807985				114	84.5354016
5055250	2.3683835	0.001559371	0.0104233694	0.0095279694				115	85.261806
5055500	2.3891535	0.0010351676	0.0114524371	0.0105509371				116	86.009526
5055750	2.409465	3.25045833E-4	0.0117713829	0.0108637829				117	86.74074
5056000	2.4303869	1.838124082E-4	0.0119490953	0.0110353953				118	87.4939284
5056250	2.4514812	1.585868694E-4	0.0121015822	0.0111817822				119	88.2533232
5056500	2.4722103	1.463193482E-4	0.0122418015	0.0113159015				120	88.9995708
5057000	2.4768353	8.7850116E-6	0.0122444865	0.0113124865				121	89.1660708
5057250	2.4565865	4.3102359E-6	0.0122426968	0.0113045968				122	88.437114
5057500	2.4361231	-3.9219164E-6	0.0122326749	0.0112884749				123	87.7004316
5057750	2.4151187	-2.67172228E-5	0.0121998576	0.0112495576				124	86.9442732
5058000	2.3942538	-6.73846807E-5	0.0121263729	0.0111699729				125	86.1931368
5058250	2.3733355	-6.64744829E-5	0.0120537985	0.0110912985				126	85.440078
5058500	2.3526065	-6.36945685E-5	0.0119840039	0.0110154039				127	84.693834
5058750	2.3325043	-5.72021232E-5	0.0119207018	0.0109460018				128	83.9701548
5059000	2.311983	-5.14853636E-5	0.0118631164	0.0108823164				129	83.231388
5059250	2.2915008	-4.52529748E-5	0.0118117634	0.0108248634				130	82.4940288
5059500	2.2705962	-3.99218164E-5	0.0117657416	0.0107727416				131	81.7414632
5059750	2.249403	-3.39225817E-5	0.011725719	0.010726619				132	80.978508
5060000	2.2285274	-2.95554258E-5	0.0116900636	0.0106848636				133	80.2269864
5060251	2.2077543	-2.52241397E-5	0.0116587395	0.0106474395				134	79.4791548
5060500	2.1872173	-2.05924436E-5	0.011632047	0.010614647				135	78.7398228
5060750	2.1668505	-1.54540856E-5	0.0116104929	0.0105869929				136	78.006618
5061001	2.1466704	-1.12035068E-5	0.0115931894	0.0105635894				137	77.2801344
5061250	2.1259044	-8.5670718E-6	0.0115785224	0.0105428224				138	76.5325584
5061500	2.1048168	-4.8231488E-6	0.0115675992	0.0105257992				139	75.7734048
5061750	2.0839465	-2.0297768E-6	0.0115594694	0.0105115694				140	75.022074
5062000	2.0631663	-2.228283663E-7	0.0115531466	0.0104991466				141	74.2739868
5062250	2.0425242	1.3375142E-6	0.0115483841	0.0104882841				142	73.5308712
5062500	2.0219823	2.4898362E-6	0.011544774	0.010478574				143	72.7913628
5062750	2.0015705	2.005592E-6	0.0115406796	0.0104683796				144	72.056538
5063000	1.9811422	3.1310115E-6	0.0115377106	0.0104593106				145	71.3211192
5063250	1.9600194	3.1848164E-6	0.0115347954	0.0104502954				146	70.5606984
5063500	1.9391206	2.6064135E-6	0.0115313018	0.0104407018				147	69.8083416
5063750	1.9184718	2.9068243E-6	0.0115281086	0.0104314086				148	69.0649848
5064000	1.8983456	2.9337268E-6	0.0115249423	0.0104221423				149	68.3404416
5064251	1.8777253	3.4986784E-6	0.011522341	0.010413441				150	67.5981108
5064500	1.8571647	3.26104E-6	0.0115195021	0.0104045021				151	66.8579292
5064750	1.8362067	3.3282962E-6	0.0115167304	0.0103956304				152	66.1034412
5065000	1.8152759	4.3640409E-6	0.0115149944	0.0103877944				153	65.3499324
5065250	1.7943669	4.5747768E-6	0.0115134692	0.0103801692				154	64.5972084
5065500	1.7743392	3.2520726E-6	0.0115106213	0.0103712213				155	63.8762112
5065750	1.7537126	4.5658093E-6	0.0115090871	0.0103635871				156	63.1336536
5066000	1.7330812	4.6599679E-6	0.011507647	0.010356047				157	62.3909232
5066250	1.7124551	4.5075206E-6	0.0115060545	0.0103483545				158	61.6483836
5066500	1.6915274	5.4356555E-6	0.0115053902	0.0103415902				159	60.8949864
5066750	1.6716004	4.4626832E-6	0.0115037529	0.0103338529				160	60.1776144
5067001	1.6504414	5.4222042E-6	0.0115030751	0.0103270751				161	59.4158904
5067250	1.6296033	5.0096999E-6	0.0115019848	0.0103198848				162	58.6657188
5067500	1.6088885	4.7541265E-6	0.0115006389	0.0103124389				163	57.919986
5067750	1.5883711	6.0230258E-6	0.0115005619	0.0103062619				164	57.1813596
5068000	1.5677152	4.2878172E-6	0.0114987498	0.0102983498				165	56.4377472
5068251	1.5477262	5.3773668E-6	0.0114980271	0.0102915271				166	55.7181432
5068500	1.5269776	3.7901217E-6	0.0114957172	0.0102831172				167	54.9711936
5068750	1.5057559	5.0635048E-6	0.0114946808	0.0102759808				168	54.2072124
5069000	1.484985	5.4311717E-6	0.0114940119	0.0102692119				169	53.45946
5069250	1.4649189	5.2383708E-6	0.0114931503	0.0102622503				170	52.7370804
5069500	1.4443615	5.1217934E-6	0.0114921721	0.0102551721				171	51.997014
5069750	1.4237028	4.745159E-6	0.0114908172	0.0102477172				172	51.2533008
5070000	1.4030634	4.9603787E-6	0.0114896776	0.0102404776				173	50.5102824
5070250	1.3821067	5.5118791E-6	0.0114890895	0.0102337895				174	49.7558412
5070500	1.3610636	4.8662201E-6	0.0114878557	0.0102264557				175	48.9982896
5070750	1.3406336	6.386209E-6	0.0114881419	0.0102206419				176	48.2628096
5071000	1.3201746	5.7764199E-6	0.0114878184	0.0102142184				177	47.5262856
5071250	1.299511	5.7943549E-6	0.0114875127	0.0102078127				178	46.782396
5071500	1.2789112	6.0588958E-6	0.0114874716	0.0102016716				179	46.0408032
5071751	1.2583386	6.090282E-6	0.0114874619	0.0101955619				180	45.3001896
5072000	1.2383461	5.1621471E-6	0.011486524	0.010188524				181	44.5804596
5072250	1.2174491	4.4043945E-6	0.0114848284	0.0101807284				182	43.8281676
5072500	1.1965628	4.6151305E-6	0.0114833436	0.0101731436				183	43.0762608
5072751	1.1756137	5.758485E-6	0.011483002	0.010166702				184	42.3220932
5073000	1.154973	5.6508751E-6	0.0114825529	0.0101601529				185	41.579028
5073250	1.134374	5.1531796E-6	0.0114816061	0.0101531061				186	40.837464
5073500	1.1144274	5.7764199E-6	0.0114812825	0.0101466825				187	40.1193864
5073750	1.093751	5.3863343E-6	0.0114805689	0.0101398689				188	39.375036
5074000	1.0730099	5.3414969E-6	0.0114798104	0.0101330104				189	38.6283564
5074250	1.0518474	4.6106467E-6	0.011478321	0.010125421				190	37.8665064
5074500	1.031007	5.3056269E-6	0.0114775266	0.0101185266				191	37.116252
5074750	1.0102985	5.1442122E-6	0.0114765708	0.0101114708				192	36.370746
5075000	0.9873888754	5.7360662E-6	0.0114762069	0.0101050069				193	35.5459995144
5075250	0.9690817551	5.3370131E-6	0.0114754439	0.0100981439				194	34.8869431836
5075500	0.9490148427	6.3817253E-6	0.0114757256	0.0100923256				195	34.1645343372
5075750	0.9280222075	4.920025E-6	0.0114745457	0.0100850457				196	33.40879947
5076000	0.9071032043	4.0367276E-6	0.0114724824	0.0100768824				197	32.6557153548
5076250	0.8862564197	5.2114683E-6	0.0114715939	0.0100698939				198	31.9052311092
5076500	0.8655237714	4.7406753E-6	0.0114702345	0.0100624345				199	31.1588557704
5076750	0.8454468765	5.9109322E-6	0.0114700455	0.0100561455				200	30.436087554
5077000	0.8251190496	5.7943549E-6	0.0114697398	0.0100497398				201	29.7042857856
5077250	0.8044446179	5.5387816E-6	0.0114691786	0.0100430786				202	28.9600062444
5077500	0.7840868877	5.1442122E-6	0.0114682228	0.0100360228				203	28.2271279572
5077750	0.7637181149	5.4222042E-6	0.011467545	0.010029245				204	27.4938521364
5078000	0.7426509643	5.6643264E-6	0.0114671093	0.0100227093				205	26.7354347148
5078250	0.721930242	5.4446229E-6	0.011466454	0.010015954				206	25.989488712
5078500	0.7012272761	5.0814398E-6	0.0114654354	0.0100088354				207	25.2441819396
5078750	0.680651786	5.5342978E-6	0.0114648697	0.0100021697				208	24.503464296
5079000	0.6600520905	5.6553589E-6	0.0114644251	0.0099956251				209	23.761875258
5079251	0.6398069948	5.059021E-6	0.0114633841	0.0099884841				210	23.0330518128
5079500	0.6190625971	5.8033224E-6	0.0114630874	0.0099820874				211	22.2862534956
5079750	0.5981167826	4.7227403E-6	0.0114617102	0.0099746102				212	21.5322041736
5080000	0.5773888163	5.2294033E-6	0.0114608396	0.0099676396				213	20.7859973868
5080250	0.5566965397	5.8750623E-6	0.0114606146	0.0099613146				214	20.0410754292
5080500	0.5362478627	5.1262772E-6	0.0114596409	0.0099542409				215	19.3049230572
5080750	0.5155336334	4.9514112E-6	0.0114584923	0.0099469923				216	18.5592108024
5081000	0.4946376872	5.6912288E-6	0.0114580835	0.0099404835				217	17.8069567392
5081250	0.4742826514	5.3549481E-6	0.0114573385	0.0099336385				218	17.0741754504
5081500	0.4537517733	5.4311717E-6	0.0114566697	0.0099268697				219	16.3350638388
5081750	0.4329542829	5.9871559E-6	0.0114565568	0.0099206568				220	15.5863541844
5082000	0.4122908937	5.2921757E-6	0.011455749	0.009913749				221	14.8424721732
5082250	0.3917948661	5.3953018E-6	0.0114550443	0.0099069443				222	14.1046151796
5082500	0.3710846563	5.3190781E-6	0.0114542634	0.0099000634				223	13.3590476268
5082750	0.3502605311	5.390818E-6	0.0114535542	0.0098932542				224	12.6093791196
5083000	0.3292479309	4.4223295E-6	0.0114518765	0.0098854765				225	11.8529255124
5083250	0.3084565801	6.4579489E-6	0.0114522345	0.0098797345				226	11.1044368836
5083500	0.2879105074	4.2878172E-6	0.0114504223	0.0098718223				227	10.3647782664
5083750	0.2673130205	5.1531796E-6	0.0114494755	0.0098647755				228	9.623268738
5084000	0.2465900896	5.5567165E-6	0.0114489322	0.0098581322				229	8.8772432256
5084250	0.2257379162	4.5344231E-6	0.0114473666	0.0098504666				230	8.1265649832
5084501	0.2046180262	4.8617363E-6	0.0114461283	0.0098431283				231	7.3662489432
5084750	0.1847872928	5.5432653E-6	0.0114455716	0.0098364716				232	6.6523425408
5085001	0.1639649344	4.274366E-6	0.011443746	0.009828546				233	5.9027376384
5085250	0.1434307878	5.1890496E-6	0.011442835	0.009821535				234	5.1635083608
5085500	0.1229084788	3.7946055E-6	0.0114405296	0.0098131296				235	4.4247052368
5085751	0.1021063504	4.8393176E-6	0.0114392689	0.0098057689				236	3.6758286144
5086000	0.0791574857	5.5791352E-6	0.0114387481	0.0097991481				237	2.8496694852
5086250	0.0603821973	4.5971955E-6	0.0114372453	0.0097915453				238	2.1737591028
5086500	0.0395952996	5.8122899E-6	0.0114369576	0.0097851576				239	1.4254307856
5086750	0.0194241871	5.8750623E-6	0.0114367326	0.0097788326				240	0.6992707356
5102000	-0.002615646	5.9064485E-6	0.0114365391	0.0097725391				241	-0.094163256
5102250	-0.0211378033	5.5029116E-6	0.011435942	0.009765842				242	-0.7609609188
5102500	-0.0415515439	5.6329402E-6	0.0114354749	0.0097592749				243	-1.4958555804
5102750	-0.0624544941	5.7540012E-6	0.0114351289	0.0097528289				244	-2.2483617876
5103000	-0.0835256619	4.8751876E-6	0.0114339041	0.0097455041				245	-3.0069238284
5103250	-0.104407434	4.6823866E-6	0.0114324865	0.0097379865				246	-3.758667624
5103500	-0.1288781858	3.9784389E-6	0.0114303649	0.0097297649				247	-4.6396146888
5103750	-0.1458065233	4.6958378E-6	0.0114289608	0.0097222608				248	-5.2490348388
5104000	-0.1662861398	4.5792605E-6	0.01142744	0.00971464				249	-5.9863010328
5104250	-0.1865347464	4.3819758E-6	0.011425722	0.009706822				250	-6.7152508704
5104500	-0.2072730674	4.8976063E-6	0.0114245196	0.0096995196				251	-7.4618304264
5104750	-0.2281843145	4.1084675E-6	0.0114225281	0.0096914281				252	-8.214635322
5105000	-0.2491382741	4.1936586E-6	0.0114206217	0.0096834217				253	-8.9689778676
5105250	-0.2697681573	3.6600932E-6	0.0114181818	0.0096748818				254	-9.7116536628
5105500	-0.2904186239	4.5658093E-6	0.0114166476	0.0096672476				255	-10.4550704604
5105750	-0.3110974919	5.0410861E-6	0.0114155887	0.0096600887				256	-11.1995097084
5106000	-0.3318369613	3.785638E-6	0.0114132744	0.0096516744				257	-11.9461306068
5106250	-0.3528981659	4.2205611E-6	0.0114113949	0.0096436949				258	-12.7043339724
5106500	-0.3732754402	5.0859235E-6	0.0114103809	0.0096365809				259	-13.4379158472
5106750	-0.3937253744	3.1713652E-6	0.0114074522	0.0096275522				260	-14.1741134784
5107000	-0.4144941286	4.6689354E-6	0.0114060212	0.0096200212				261	-14.9217886296
5107250	-0.4351229959	3.6959631E-6	0.0114036171	0.0096115171				262	-15.6644278524
5107500	-0.455722446	4.0725975E-6	0.0114015897	0.0096033897				263	-16.406008056
5107750	-0.4762028134	4.2429798E-6	0.0113997327	0.0095954327				264	-17.1433012824
5108000	-0.4965090179	3.7183818E-6	0.0113973511	0.0095869511				265	-17.8743246444
5108250	-0.517541247	3.3865849E-6	0.0113946377	0.0095781377				266	-18.631484892
5108500	-0.5384802329	3.139979E-6	0.0113916776	0.0095690776				267	-19.3852883844
5108750	-0.559136044	3.3507149E-6	0.0113889284	0.0095602284				268	-20.128897584
5109000	-0.5798240552	2.669186E-6	0.0113854975	0.0095506975				269	-20.8736659872
5109250	-0.6005038949	2.337389E-6	0.0113817349	0.0095408349				270	-21.6181402164
5109500	-0.6204152626	8.398187546E-7	0.0113764748	0.0095294748				271	-22.3349494536
5109750	-0.6413207675	1.3106118E-6	0.0113716854	0.0095185854				272	-23.08754763
5110000	-0.662389967	1.6603437E-6	0.0113672457	0.0095080457				273	-23.846038812
5110250	-0.6832080592	1.2433556E-6	0.0113623891	0.0094970891				274	-24.5954901312
5110500	-0.7039631649	1.6513763E-6	0.0113579404	0.0094865404				275	-25.3426739364
5110750	-0.7245400882	5.035380201E-7	0.011352344	0.009474844				276	-26.0834431752
5111000	-0.7451584872	8.532699839E-7	0.0113470972	0.0094634972				277	-26.8257055392
5111250	-0.7659945125	1.324063E-6	0.0113423213	0.0094526213				278	-27.57580245
5111500	-0.7859776567	1.3913192E-6	0.0113376126	0.0094418126				279	-28.2951956412
5111750	-0.807023446	-2.362795957E-7	0.0113312763	0.0094293763				280	-29.052844056
5112000	-0.8278349568	2.1580392E-6	0.0113273344	0.0094193344				281	-29.8020584448
5112250	-0.8486053012	1.1581645E-6	0.0113223926	0.0094082926				282	-30.5497908432
5112500	-0.8692328876	1.4675428E-6	0.0113177601	0.0093975601				283	-31.2923839536
5112750	-0.8892496452	5.214729926E-7	0.0113121816	0.0093858816				284	-32.0129872272
5113000	-0.9097869037	4.587005888E-7	0.0113065403	0.0093741403				285	-32.7523285332
5113250	-0.9307259338	1.2568069E-6	0.0113016971	0.0093631971				286	-33.5061336168
5113500	-0.9518559555	4.676680751E-7	0.0112960647	0.0093514647				287	-34.266814398
5113750	-0.9726132697	-2.273121095E-7	0.0112897374	0.0093390374				288	-35.0140777092
5114000	-0.9933772093	-4.201130639E-7	0.0112832173	0.0093264173				289	-35.7615795348
5114250	-1.0140402	6.739202589E-7	0.0112777912	0.0093148912				290	-36.5054472
5114500	-1.0345394	-4.470155227E-7	0.0112712442	0.0093022442				291	-37.2434184
5114750	-1.0554758	-7.93485863E-8	0.0112650649	0.0092899649				292	-37.9971288
5115000	-1.0766035	-8.236499452E-7	0.0112581412	0.0092769412				293	-38.757726
5115250	-1.0974815	-1.4289553E-6	0.0112506123	0.0092633123				294	-39.509334
5115500	-1.1177659	-1.9759719E-6	0.0112425363	0.0092491363				295	-40.2395724
5115750	-1.1382429	-2.1687729E-6	0.0112342675	0.0092347675				296	-40.9767444
5116000	-1.1587353	-2.7964969E-6	0.011225371	0.009219771				297	-41.7144708
5116250	-1.1794453	-3.1686476E-6	0.0112161024	0.0092044024				298	-42.4600308
5116500	-1.2047465	-3.6170219E-6	0.0112063854	0.0091885854				299	-43.370874
5116750	-1.2213708	-2.4736674E-6	0.0111978117	0.0091739117				300	-43.9693488
5117000	-1.2423189	-2.4557324E-6	0.011189256	0.009159256				301	-44.7234804
5117250	-1.262392	-2.8144319E-6	0.0111803415	0.0091442415				302	-45.446112
5117500	-1.2830407	-2.3615738E-6	0.01117188	0.00912968				303	-46.1894652
5117750	-1.3037246	-2.603696E-6	0.0111631763	0.0091148763				304	-46.9340856
5118000	-1.3242868	-3.4331884E-6	0.0111536431	0.0090992431				305	-47.6743248
5118250	-1.345275	-4.0384938E-6	0.0111435046	0.0090830046				306	-48.4299
5118500	-1.3664089	-3.895014E-6	0.0111335096	0.0090669096				307	-49.1907204
5118750	-1.3872563	-6.2310442E-6	0.0111211785	0.0090484785				308	-49.9412268
5119000	-1.407291	-6.163788E-6	0.0111089147	0.0090301147				309	-50.662476
5119250	-1.4280012	-6.6121623E-6	0.0110962026	0.0090113026				310	-51.4080432
5119500	-1.4485969	-1.0813422E-5	0.0110792891	0.0089882891				311	-52.1494884
5119750	-1.4685194	-1.20016112E-5	0.0110611875	0.0089640875				312	-52.8666984
5120000	-1.4892135	-1.16877499E-5	0.0110433998	0.0089401998				313	-53.611686
5120250	-1.5101237	-1.16384289E-5	0.0110256614	0.0089163614				314	-54.3644532
5120500	-1.5312572	-9.6431677E-6	0.0110099182	0.0088945182				315	-55.1252592
5120750	-1.552052	-1.33287962E-5	0.0109904894	0.0088689894				316	-55.873872
5121000	-1.5728789	-1.25531104E-5	0.0109718363	0.0088442363				317	-56.6236404
5121250	-1.5935111	-1.69561362E-5	0.0109487801	0.0088150801				318	-57.3663996
5121500	-1.6140921	-1.46694324E-5	0.0109280107	0.0087882107				319	-58.1073156
5121750	-1.6341068	-1.28311018E-5	0.0109090796	0.0087631796				320	-58.8278448
5122000	-1.6550241	-1.01767319E-5	0.0108928029	0.0087408029				321	-59.5808676
5122250	-1.6760912	-9.7149074E-6	0.010876988	0.008718888				322	-60.3392832
5122500	-1.6969404	-7.2040164E-6	0.010863684	0.008699484				323	-61.0898544
5122750	-1.7176701	-6.1772392E-6	0.0108514067	0.0086811067				324	-61.8361236
5123000	-1.7381932	-5.1997832E-6	0.0108401069	0.0086637069				325	-62.5749552
5123250	-1.7588887	-9.3875949E-6	0.0108246193	0.0086421193				326	-63.3199932
5123500	-1.7799325	-1.26158827E-5	0.0108059035	0.0086173035				327	-64.07757
5123750	-1.8001099	-1.45842414E-5	0.0107852192	0.0085905192				328	-64.8039564
5124000	-1.8214754	-2.01082004E-5	0.010759011	0.008558211				329	-65.5731144
5124250	-1.8418158	-2.51210139E-5	0.01072779	0.00852089				330	-66.3053688
5124500	-1.8625576	-2.59729231E-5	0.0106957171	0.0084827171				331	-67.0520736
5124750	-1.8832036	-3.32858916E-5	0.0106563312	0.0084372312				332	-67.7953296
5125000	-1.9037931	-3.83435424E-5	0.0106118876	0.0083866876				333	-68.5365516
5125250	-1.9248178	-3.798036E-5	0.0105678073	0.0083365073				334	-69.2934408
5125500	-1.9459521	-4.4880825E-5	0.0105168265	0.0082794265				335	-70.0542756
5125750	-1.9668013	-6.06097602E-5	0.0104501167	0.0082066167				336	-70.8048468
5126000	-1.9875387	-3.601948613E-4	0.0100838218	0.0078342218				337	-71.5513932
5126250	-2.0082101	-1.148584452E-4	0.0099628634	0.0077071634				338	-72.2955636
5126500	-2.0284418	-1.510735563E-4	0.0098056898	0.0075438898				339	-73.0239048
5126750	-2.0487897	-2.073578561E-4	0.009592232	0.007324332				340	-73.7564292
5127000	-2.0698706	-2.647855078E-4	0.0093213465	0.0070473465				341	-74.5153416
5127250	-2.0908378	-4.171248187E-4	0.0088981216	0.0066180216				342	-75.2701608
5127500	-2.1117177	-5.751001819E-4	0.0083169215	0.0060307215				343	-76.0218372
5127750	-2.1324698	-7.559739693E-4	0.0075548475	0.0052625475				344	-76.7689128
5128000	-2.152497	-9.875587764E-4	0.0065611887	0.0042627887				345	-77.489892
5128250	-2.172959	-0.0011897527	0.005365336	0.003060836				346	-78.226524
5128500	-2.193728	-0.0014129664	0.0039462696	0.0016356696				347	-78.974208
5128750	-2.2147482	-0.0015967008	0.0023434688	2.67688000000003E-5				348	-79.7309352
5129000	-2.2357756	-0.0016940247	6.433441E-4	-0.0016794559				349	-80.4879216
5129250	-2.2567202	-0.0017351092	-0.001097865	-0.003426765				350	-81.2419272
5129500	-2.2768512	-0.0017817445	-0.002885709506	-0.005220709506				351	-81.9666432
5129750	-2.2977329	-0.0017297376	-0.0046215471	-0.0069626471				352	-82.7183844
5130000	-2.3180309	-0.0017657913	-0.0063934385	-0.0087406385				353	-83.4491124
5130250	-2.3388231	-0.0017867259	-0.0081862644	-0.0105395644				354	-84.1976316
5130500	-2.3598897	-0.001715856	-0.0099082204	-0.0122676204				355	-84.9560292
5130750	-2.3809353	-0.0014287177	-0.0113430381	-0.0137085381				356	-85.7136708
5131000	-2.401809	-4.986346001E-4	-0.0118477727	-0.0142193727				357	-86.465124
5131250	-2.4224929	-1.839169002E-4	-0.0120377896	-0.0144154896				358	-87.2097444
5131500	-2.4431425	-1.433122146E-4	-0.0121872018	-0.0145710018				359	-87.95313
5131750	-2.4635952	-1.216826868E-4	-0.0123149845	-0.0147048845				360	-88.6894272
5132000	-2.4839324	-1.423437283E-4	-0.0124634283	-0.0148594283				361	-89.4215664
5132250	-2.4913259	8.398187546E-7	-0.0124686884	-0.0148707884				362	-89.6877324
5132500	-2.4724072	7.3816E-6	-0.0124674068	-0.0148756068				363	-89.0066592
5132750	-2.4516128	1.24661647E-5	-0.0124610407	-0.0148753407				364	-88.2580608
5133000	-2.4309467	2.35141077E-5	-0.0124436266	-0.0148640266				365	-87.5140812
5133250	-2.4104134	5.94019877E-5	-0.0123903246	-0.0148168246				366	-86.7748824
5133500	-2.3895629	8.59905845E-5	-0.012310434	-0.014743034				367	-86.0242644
5133750	-2.3686188	8.46858152E-5	-0.0122318482	-0.0146705482				368	-85.2702768
5134000	-2.347538	7.84085748E-5	-0.0121595396	-0.0146043396				369	-84.511368
5134250	-2.3267013	7.08983051E-5	-0.0120947413	-0.0145456413				370	-83.7612468
5134500	-2.3066068	6.35673851E-5	-0.0120372739	-0.0144942739				371	-83.0378448
5134750	-2.2859933	5.83931455E-5	-0.0119849808	-0.0144480808				372	-82.2957588
5135000	-2.2653664	5.28557228E-5	-0.011938225	-0.014407425				373	-81.5531904
5135250	-2.2446634	4.79191216E-5	-0.0118964059	-0.0143717059				374	-80.8078824
5135500	-2.2235776	4.28076544E-5	-0.0118596983	-0.0143410983				375	-80.0487936
5135750	-2.203235	3.70908819E-5	-0.0118287074	-0.0143162074				376	-79.31646
5136000	-2.1825003	3.37773958E-5	-0.01180103	-0.01429463				377	-78.5700108
5136250	-2.1616841	2.85179651E-5	-0.011778612	-0.014278312				378	-77.8206276
5136500	-2.1411072	2.51596415E-5	-0.0117595524	-0.0142653524				379	-77.0798592
5136750	-2.1204375	2.21958873E-5	-0.0117434565	-0.0142553565				380	-76.33575
5137000	-2.0996423	1.85595716E-5	-0.0117309969	-0.0142489969				381	-75.5871228
5137250	-2.0785654	1.50218983E-5	-0.011722075	-0.014246175				382	-74.8283544
5137500	-2.0575389	1.41475684E-5	-0.0117140275	-0.0142442275				383	-74.0714004
5137750	-2.0374217	1.26813844E-5	-0.0117074461	-0.0142437461				384	-73.3471812
5138000	-2.0166942	1.16994446E-5	-0.0117018466	-0.0142442466				385	-72.6009912
5138250	-1.9959782	1.17173796E-5	-0.0116962292	-0.0142447292				386	-71.8552152
5138500	-1.9754703	1.08251147E-5	-0.0116915041	-0.0142461041				387	-71.1169308
5138750	-1.9545841	1.05919601E-5	-0.0116870122	-0.0142477122				388	-70.3650276
5139000	-1.933473	1.09058221E-5	-0.0116822063	-0.0142490063				389	-69.605028
5139250	-1.9130725	1.00763296E-5	-0.01167823	-0.01425113				390	-68.87061
5139500	-1.8925271	1.08923708E-5	-0.0116734376	-0.0142524376				391	-68.1309756
5139750	-1.8716837	1.00225247E-5	-0.0116695151	-0.0142546151				392	-67.3806132
5140000	-1.8510555	9.8162725E-6	-0.0116657989	-0.0142569989				393	-66.637998
5140250	-1.8304367	1.01346183E-5	-0.0116617642	-0.0142590642				394	-65.8957212
5140500	-1.8095991	1.01929069E-5	-0.0116576713	-0.0142610713				395	-65.1455676
5140750	-1.7884545	1.00718459E-5	-0.0116536995	-0.0142631995				396	-64.384362
5141000	-1.7674476	1.062783E-5	-0.0116491717	-0.0142647717				397	-63.6281136
5141250	-1.7467036	9.4889592E-6	-0.0116457827	-0.0142674827				398	-62.8813296
5141500	-1.7259823	9.475508E-6	-0.0116424072	-0.0142702072				399	-62.1353628
5141750	-1.705375	9.3903169E-6	-0.0116391169	-0.0142730169				400	-61.3935
5142000	-1.6845013	9.493443E-6	-0.0116357234	-0.0142757234				401	-60.6420468
5142250	-1.66459	9.004715E-6	-0.0116328187	-0.0142789187				402	-59.92524
5142500	-1.6434975	9.9418173E-6	-0.0116289769	-0.0142811769				403	-59.16591
5142750	-1.6225218	8.2335112E-6	-0.0116268434	-0.0142851434				404	-58.4107848
5143000	-1.6018197	9.1168086E-6	-0.0116238266	-0.0142882266				405	-57.6655092
5143250	-1.5811238	7.6416571E-6	-0.0116222849	-0.0142927849				406	-56.9204568
5143500	-1.5605441	9.1392273E-6	-0.0116192457	-0.0142958457				407	-56.1795876
5143750	-1.5397315	9.0854224E-6	-0.0116162603	-0.0142989603				408	-55.430334
5144000	-1.5196334	8.9464263E-6	-0.0116134138	-0.0143022138				409	-54.7068024
5144250	-1.4985936	8.829849E-6	-0.011610684	-0.014305584				410	-53.9493696
5144500	-1.4776045	9.179581E-6	-0.0116076044	-0.0143086044				411	-53.193762
5144750	-1.456803	8.6191131E-6	-0.0116050853	-0.0143121853				412	-52.444908
5145000	-1.4366907	8.7446579E-6	-0.0116024406	-0.0143156406				413	-51.7208652
5145250	-1.416189	7.8030718E-6	-0.0116007376	-0.0143200376				414	-50.982804
5145500	-1.3955689	8.3276698E-6	-0.0115985099	-0.0143239099				415	-50.2404804
5145750	-1.3747134	8.533922E-6	-0.011596076	-0.014327576				416	-49.4896824
5146000	-1.353588	8.7625929E-6	-0.0115934134	-0.0143310134				417	-48.729168
5146250	-1.3326547	8.0138078E-6	-0.0115914996	-0.0143351996				418	-47.9755692
5146500	-1.3118246	8.7536254E-6	-0.0115888459	-0.0143386459				419	-47.2256856
5146750	-1.2917195	8.1886737E-6	-0.0115867573	-0.0143426573				420	-46.501902
5147000	-1.2712187	7.9017142E-6	-0.0115849556	-0.0143469556				421	-45.7638732
5147250	-1.250615	8.9912638E-6	-0.0115820643	-0.0143501643				422	-45.02214
5147500	-1.2297484	8.5249545E-6	-0.0115796393	-0.0143538393				423	-44.2709424
5147750	-1.2086591	8.811914E-6	-0.0115769274	-0.0143572274				424	-43.5117276
5148000	-1.1877231	9.0540362E-6	-0.0115739734	-0.0143603734				425	-42.7580316
5148250	-1.1677297	7.4936936E-6	-0.0115725797	-0.0143650797				426	-42.0382692
5148500	-1.1470686	7.7896206E-6	-0.0115708901	-0.0143694901				427	-41.2944696
5148750	-1.12637	7.7896206E-6	-0.0115692005	-0.0143739005				428	-40.54932
5149000	-1.1057992	8.3949259E-6	-0.0115669055	-0.0143777055				429	-39.8087712
5149250	-1.0849216	9.0495524E-6	-0.011563956	-0.014380856				430	-39.0571776
5149500	-1.0638135	8.98678E-6	-0.0115610692	-0.0143840692				431	-38.297286
5149750	-1.0429933	9.0943898E-6	-0.0115580748	-0.0143871748				432	-37.5477588
5150000	-1.0220804	8.5697919E-6	-0.011555605	-0.014390805				433	-36.7948944
5150250	-1.0020786	8.0003565E-6	-0.0115537047	-0.0143950047				434	-36.0748296
5150500	-0.9796649879	8.5384057E-6	-0.0115512663	-0.0143986663				435	-35.2679395644
5150750	-0.9609156923	8.6235968E-6	-0.0115487427	-0.0144022427				436	-34.5929649228
5151000	-0.9400022809	8.6953367E-6	-0.0115461473	-0.0144057473				437	-33.8400821124
5151250	-0.9188647061	8.5697919E-6	-0.0115436775	-0.0144093775				438	-33.0791294196
5151500	-0.8981760765	8.4890845E-6	-0.0115412884	-0.0144130884				439	-32.334338754
5151750	-0.8780512788	9.0674874E-6	-0.011538321	-0.014416221				440	-31.6098460368
5152000	-0.8572880458	8.1438363E-6	-0.0115362771	-0.0144202771				441	-30.8623696488
5152250	-0.8367124918	7.9779378E-6	-0.0115343992	-0.0144244992				442	-30.1216497048
5152500	-0.8160743487	8.7177554E-6	-0.0115317814	-0.0144279814				443	-29.3786765532
5152750	-0.7953404006	8.7715603E-6	-0.0115291099	-0.0144314099				444	-28.6322544216
5153000	-0.7742528705	9.2737396E-6	-0.0115259361	-0.0144343361				445	-27.873103338
5153250	-0.7541776316	8.7446579E-6	-0.0115232915	-0.0144377915				446	-27.1503947376
5153500	-0.7334518108	8.0138078E-6	-0.0115213777	-0.0144419777				447	-26.4042651888
5153750	-0.7126467488	8.690853E-6	-0.0115187868	-0.0144454868				448	-25.6552829568
5154000	-0.6921104178	8.4397634E-6	-0.011516447	-0.014449247				449	-24.9159750408
5154250	-0.6714536349	8.0138078E-6	-0.0115145332	-0.0144534332				450	-24.1723308564
5154500	-0.6506896511	9.4082519E-6	-0.011511225	-0.014456225				451	-23.4248274396
5154750	-0.6306095535	9.0495524E-6	-0.0115082754	-0.0144593754				452	-22.701943926
5155000	-0.6095313433	8.3949259E-6	-0.0115059805	-0.0144631805				453	-21.9431283588
5155250	-0.5887839675	8.1617713E-6	-0.0115039187	-0.0144672187				454	-21.19622283
5155500	-0.5680005488	8.7536254E-6	-0.0115012651	-0.0144706651				455	-20.4480197568
5155750	-0.5473146136	8.7894953E-6	-0.0114985756	-0.0144740756				456	-19.7033260896
5156000	-0.5267986009	8.3500885E-6	-0.0114963255	-0.0144779255				457	-18.9647496324
5156250	-0.5058953045	8.6191131E-6	-0.0114938064	-0.0144815064				458	-18.212230962
5156500	-0.4848089228	8.6011781E-6	-0.0114913052	-0.0144851052				459	-17.4531212208
5156750	-0.4649264866	8.5563407E-6	-0.0114888489	-0.0144887489				460	-16.7373535176
5157000	-0.4440121035	8.4935683E-6	-0.0114864553	-0.0144924553				461	-15.984435726
5157250	-0.4232399923	7.8299743E-6	-0.0114847254	-0.0144968254				462	-15.2366397228
5157500	-0.4027125396	8.5787594E-6	-0.0114822466	-0.0145004466				463	-14.4976514256
5157750	-0.3821057573	8.4307959E-6	-0.0114799158	-0.0145042158				464	-13.7558072628
5158000	-0.3612536541	8.4307959E-6	-0.011477585	-0.014507985				465	-13.0051315476
5158250	-0.3408783233	9.5158617E-6	-0.0114741691	-0.0145106691				466	-12.2716196388
5158500	-0.3201920347	8.498052E-6	-0.0114717711	-0.0145143711				467	-11.5269132492
5158750	-0.2994335722	8.6684343E-6	-0.0114692027	-0.0145179027				468	-10.7796085992
5159000	-0.2786592967	7.7089132E-6	-0.0114675937	-0.0145223937				469	-10.0317346812
5159250	-0.2580062683	8.7939791E-6	-0.0114648998	-0.0145257998				470	-9.2882256588
5159500	-0.2378790411	8.672918E-6	-0.0114623268	-0.0145293268				471	-8.5636454796
5159750	-0.2174621904	9.2064834E-6	-0.0114592204	-0.0145323204				472	-7.8286388544
5160000	-0.1966515629	9.2109672E-6	-0.0114561094	-0.0145353094				473	-7.0794562644
5160250	-0.1756076288	8.5877269E-6	-0.0114536217	-0.0145389217				474	-6.3218746368
5160500	-0.1547181576	9.9597523E-6	-0.0114497619	-0.0145411619				475	-5.5698536736
5160750	-0.1340328408	8.7581091E-6	-0.0114471038	-0.0145446038				476	-4.8251822688
5161000	-0.1134146184	8.2424787E-6	-0.0114449613	-0.0145485613				477	-4.0829262624
5161250	-0.0904521343	8.8836539E-6	-0.0114421777	-0.0145518777				478	-3.2562768348
5161500	-0.0728834323	8.5966944E-6	-0.011439681	-0.014555481				479	-2.6238035628
5161750	-0.0520082263	8.7894953E-6	-0.0114369915	-0.0145588915				480	-1.8722961468
5162000	-0.031056327	9.3903169E-6	-0.0114337012	-0.0145617012				481	-1.118027772
5162250	-0.0101455993	9.982171E-6	-0.011429819	-0.014563919				482	-0.3652415748
5179500	0.0111567244	8.6101456E-6	-0.0114273088	-0.0145675088				483	0.4016420784
5179750	0.0314416707	9.2513209E-6	-0.0114241575	-0.0145704575				484	1.1319001452
5180000	0.0521479233	8.359056E-6	-0.0114218985	-0.0145742985				485	1.8773252388
5180250	0.0730850618	9.3634144E-6	-0.0114186351	-0.0145771351				486	2.6310622248
5180500	0.0940754943	8.8029465E-6	-0.0114159321	-0.0145805321				487	3.3867177948
5180750	0.1148414731	9.7983375E-6	-0.0114122338	-0.0145829338				488	4.1342930316
5181000	0.1391198471	8.6953367E-6	-0.0114096384	-0.0145864384				489	5.0083144956
5181250	0.1554059517	9.6548577E-6	-0.0114060836	-0.0145889836				490	5.5946142612
5181500	0.1760164248	9.1661297E-6	-0.0114030174	-0.0145920174				491	6.3365912928
5181750	0.1967471738	9.4261868E-6	-0.0113996913	-0.0145947913				492	7.0828982568
5182000	0.2177645886	1.05516064E-5	-0.0113952397	-0.0145964397				493	7.8395251896
5182250	0.2380380417	1.06233463E-5	-0.0113907163	-0.0145980163				494	8.5693695012
5182500	0.2586813333	1.00494271E-5	-0.0113867669	-0.0146001669				495	9.3125279988
5182750	0.279366101	9.6055366E-6	-0.0113832613	-0.0146027613				496	10.057179636
5183000	0.3000657982	1.05067689E-5	-0.0113788546	-0.0146044546				497	10.8023687352
5183250	0.3206481348	1.09641107E-5	-0.0113739905	-0.0146056905				498	11.5433328528
5183500	0.3413043683	1.11703629E-5	-0.0113689201	-0.0146067201				499	12.2869572588
5183750	0.3624003622	1.04843502E-5	-0.0113645358	-0.0146084358				500	13.0464130392
5184000	0.3832475885	1.05336714E-5	-0.0113601021	-0.0146101021				501	13.796913186
5184250	0.4040934897	9.78937E-6	-0.0113564127	-0.0146125127				502	14.5473656292
5184500	0.42394675	9.9104311E-6	-0.0113526023	-0.0146148023				503	15.262083
5184750	0.4446291766	1.05112527E-5	-0.011348191	-0.014616491				504	16.0066503576
5185000	0.4652308156	1.02556793E-5	-0.0113440353	-0.0146184353				505	16.7483093616
5185250	0.4859866976	1.04619315E-5	-0.0113396734	-0.0146201734				506	17.4955211136
5185500	0.5069154182	1.05247039E-5	-0.0113352487	-0.0146218487				507	18.2489550552
5185750	0.5278826113	9.9597523E-6	-0.011331389	-0.014624089				508	19.0037740068
5186000	0.5486772748	1.09372083E-5	-0.0113265518	-0.0146253518				509	19.7523818928
5186250	0.5687615903	1.07488911E-5	-0.0113219029	-0.0146268029				510	20.4754172508
5186500	0.5893479906	1.11479442E-5	-0.0113168549	-0.0146278549				511	21.2165276616
5186750	0.6098892487	1.21254002E-5	-0.0113108295	-0.0146279295				512	21.9560129532
5187000	0.6306089551	1.30176651E-5	-0.0113039119	-0.0146271119				513	22.7019223836
5187250	0.6516226154	1.29010878E-5	-0.0112971108	-0.0146264108				514	23.4584141544
5187500	0.6725729353	1.36274542E-5	-0.0112895833	-0.0146249833				515	24.2126256708
5187750	0.6934541728	1.34346532E-5	-0.0112822487	-0.0146237487				516	24.9643502208
5188000	0.7133386174	1.32328848E-5	-0.0112751158	-0.0146227158				517	25.6801902264
5188250	0.7340035084	1.39637349E-5	-0.011267252	-0.014620952				518	26.4241263024
5188500	0.7545852265	1.33315271E-5	-0.0112600205	-0.0146198205				519	27.165068154
5188750	0.7752537395	1.27127706E-5	-0.0112534077	-0.0146193077				520	27.909134622
5189000	0.7962689899	1.29638602E-5	-0.0112465439	-0.0146185439				521	28.6656836364
5189250	0.8172454146	1.3891995E-5	-0.0112387519	-0.0146168519				522	29.4208349256
5189500	0.838018523	1.33315271E-5	-0.0112315204	-0.0146157204				523	30.168666828
5189750	0.8579872004	1.26589656E-5	-0.0112249614	-0.0146152614				524	30.8875392144
5190000	0.8785688744	1.28652178E-5	-0.0112181962	-0.0146145962				525	31.6284794784
5190250	0.8991285957	1.37260965E-5	-0.0112105701	-0.0146130701				526	32.3686294452
5190500	0.9199605391	1.47663249E-5	-0.0112019038	-0.0146105038				527	33.1185794076
5190750	0.9408366528	1.33270434E-5	-0.0111946767	-0.0146093767				528	33.8701195008
5191000	0.9619142276	1.39457999E-5	-0.0111868309	-0.0146076309				529	34.6289121936
5191250	0.9826298704	1.33091084E-5	-0.0111796218	-0.0146065218				530	35.3746753344
5191500	1.002721	1.41565358E-5	-0.0111715653	-0.0146045653				531	36.097956
5191750	1.0232495	1.46452638E-5	-0.01116302	-0.01460212				532	36.836982
5192000	1.0438457	1.4241727E-5	-0.0111548783	-0.0146000783				533	37.5784452
5192250	1.064647	1.38695763E-5	-0.0111471087	-0.0145984087				534	38.327292
5192500	1.0857235	1.45242028E-5	-0.0111386845	-0.0145960845				535	39.086046
5192750	1.1066349	1.49277397E-5	-0.0111298568	-0.0145933568				536	39.8388564
5193000	1.1266055	1.44300442E-5	-0.0111215267	-0.0145911267				537	40.557798
5193250	1.1473724	1.5008447E-5	-0.0111126183	-0.0145883183				538	41.3054064
5193500	1.1680556	1.55375287E-5	-0.0111031807	-0.0145849807				539	42.0500016
5193750	1.1886422	1.68153955E-5	-0.0110924653	-0.0145803653				540	42.7911192
5194000	1.2138559	1.58827769E-5	-0.0110826826	-0.0145766826				541	43.6988124
5194250	1.2307013	1.58379395E-5	-0.0110729446	-0.0145730446				542	44.3052468
5194500	1.250766	1.73937984E-5	-0.0110616508	-0.0145678508				543	45.027576
5194750	1.2714995	1.74610545E-5	-0.0110502898	-0.0145625898				544	45.773982
5195000	1.292343	1.81246485E-5	-0.0110382651	-0.0145566651				545	46.524348
5195250	1.3129806	1.81650022E-5	-0.0110262001	-0.0145507001				546	47.2673016
5195500	1.3335969	1.65553384E-5	-0.0110157448	-0.0145463448				547	48.0094884
5195750	1.3543344	1.76762742E-5	-0.0110041685	-0.0145408685				548	48.7560384
5196000	1.3754016	1.67122694E-5	-0.0109935562	-0.0145363562				549	49.5144576
5196250	1.3963885	2.16354194E-5	-0.0109780208	-0.0145269208				550	50.269986
5196500	1.4171812	2.51417065E-5	-0.0109589791	-0.0145139791				551	51.0185232
5196750	1.4378398	2.23976557E-5	-0.0109426815	-0.0145037815				552	51.7622328
5197000	1.4578671	2.58053005E-5	-0.0109229762	-0.0144901762				553	52.4832156
5197250	1.4784571	2.69083013E-5	-0.0109021679	-0.0144754679				554	53.2244556
5197500	1.4992097	2.7280452E-5	-0.0108809874	-0.0144603874				555	53.9715492
5197750	1.5203005	2.87242173E-5	-0.0108583632	-0.0144438632				556	54.730818
5198000	1.5412233	2.81996193E-5	-0.0108362636	-0.0144278636				557	55.4840388
5198250	1.562	2.60429389E-5	-0.0108163206	-0.0144140206				558	56.232
5198500	1.582058	3.06387756E-5	-0.0107917819	-0.0143955819				559	56.954088
5198750	1.6026146	3.28537447E-5	-0.0107650281	-0.0143749281				560	57.6941256
5199000	1.6231503	2.52627676E-5	-0.0107458653	-0.0143618653				561	58.4334108
5199250	1.6439902	2.20479237E-5	-0.0107299174	-0.0143520174				562	59.1836472
5199500	1.6647874	2.32944043E-5	-0.010712723	-0.014340923				563	59.9323464
5199750	1.6850401	2.11332401E-5	-0.0106976898	-0.0143319898				564	60.6614436
5200000	1.7058493	2.12946549E-5	-0.0106824951	-0.0143228951				565	61.4105748
5200250	1.7266171	2.32899206E-5	-0.0106653052	-0.0143118052				566	62.1582156
5200500	1.7473274	2.24021394E-5	-0.0106490031	-0.0143016031				567	62.9037864
5200750	1.7679142	2.74104805E-5	-0.0106276926	-0.0142863926				568	63.6449112
5201000	1.7888076	2.66930816E-5	-0.0106070995	-0.0142718995				569	64.3970736
5201250	1.8091161	2.97823806E-5	-0.0105834171	-0.0142543171				570	65.1281796
5201500	1.8298402	3.27371674E-5	-0.0105567799	-0.0142337799				571	65.8742472
5201750	1.8508017	4.10814133E-5	-0.0105217985	-0.0142048985				572	66.6288612
5202000	1.8714768	4.36192119E-5	-0.0104842793	-0.0141734793				573	67.3731648
5202250	1.8921435	4.5991112E-5	-0.0104443882	-0.0141396882				574	68.117166
5202500	1.9127994	4.97260701E-5	-0.0104007621	-0.0141021621				575	68.8607784
5202750	1.9337244	5.24477021E-5	-0.0103544144	-0.0140619144				576	69.6140784
5203000	1.9539562	5.3864565E-5	-0.0103066499	-0.0140202499				577	70.3424232
5203250	1.9747583	7.3570616E-5	-0.0102391793	-0.0139588793				578	71.0912988
5203500	1.9956414	1.109784849E-4	-0.0101343008	-0.0138601008				579	71.8430904
5203750	2.0164324	1.425619715E-4	-0.0099978388	-0.0137297388				580	72.5915664
5204000	2.0370879	1.722488347E-4	-0.00983169	-0.01356969				581	73.3351644
5204250	2.0577077	2.422535162E-4	-0.0095955364	-0.0133396364				582	74.0774772
5204500	2.0784532	3.327399362E-4	-0.0092688965	-0.0130190965				583	74.8243152
5204750	2.0995836	4.603876192E-4	-0.0088146089	-0.0125709089				584	75.5850096
5205000	2.1199357	6.324333267E-4	-0.0081882756	-0.0119506756				585	76.3176852
5205250	2.1404936	8.669913809E-4	-0.0073273842	-0.0110958842				586	77.0577696
5205500	2.1612623	0.0010761849	-0.0062572993	-0.0100318993				587	77.8054428
5205750	2.1819191	0.0012490466	-0.0050143526	-0.0087950526				588	78.5490876
5206000	2.2025087	0.0014016688	-0.0036187838553	-0.0074055838553				589	79.2903132
5206250	2.2226224	0.0015532821	-0.0020716018	-0.0058645018				590	80.0144064
5206500	2.243424	0.0016952688	-3.82433E-4	-0.004181433				591	80.763264
5206750	2.2645513	0.0017690039	0.0013804709	-0.0024246291				592	81.5238468
5207000	2.2854679	0.0017895439	0.0031639148	-6.472852E-4				593	82.2768444
5207250	2.3061327	0.0018041206	0.0049619354	0.0011446354				594	83.0207772
5207500	2.3268114	0.0017933282	0.0067491637	0.0029257637				595	83.7652104
5207750	2.347482	0.0017763304	0.008519394	0.004689894				596	84.509352
5208000	2.3684628	0.0015929273	0.0101062214	0.0062706214				597	85.2646608
5208250	2.3885048	0.0012572026	0.0113573239	0.0075156239				598	85.9861728
5208500	2.4094619	3.694662761E-4	0.0117206902	0.0078728902				599	86.7406284
5208750	2.4304515	1.889328429E-4	0.0119035231	0.0080496231				600	87.496254
5209000	2.4512175	1.511573071E-4	0.0120485804	0.0081885804				601	88.24383
5209250	2.4718111	1.382889643E-4	0.0121807693	0.0083146693				602	88.9851996
5209500	2.4922621	5.65413596E-5	0.0122312107	0.0083590107				603	89.7214356
5209750	2.4825714	1.00180409E-5	0.0122351287	0.0083568287				604	89.3725704
5210000	2.4619618	4.5523581E-6	0.0122335811	0.0083491811				605	88.6306248
5210250	2.4417389	-2.3391551E-6	0.0122251419	0.0083346419				606	87.9026004
5210500	2.4209115	-1.99736884E-5	0.0121990682	0.0083024682				607	87.152814
5210750	2.4001326	-5.73590538E-5	0.0121356092	0.0082329092				608	86.4047736
5211000	2.3795221	-6.33403536E-5	0.0120661688	0.0081573688				609	85.6627956
5211250	2.3596008	-6.3232744E-5	0.0119968361	0.0080819361				610	84.9456288
5211500	2.3389079	-6.02376104E-5	0.0119304985	0.0080094985				611	84.2006844
5211750	2.3179677	-5.53055041E-5	0.011869093	0.007941993				612	83.4468372
5212000	2.2968899	-4.86650956E-5	0.0118143279	0.0078811279				613	82.6880364
5212250	2.2760513	-4.1387997E-5	0.0117668399	0.0078275399				614	81.9378468
5212500	2.255308	-3.61599644E-5	0.0117245799	0.0077791799				615	81.191088
5212750	2.2346632	-3.03938838E-5	0.011688086	0.007736586				616	80.4478752
5213000	2.2139667	-2.58697973E-5	0.0116561162	0.0076985162				617	79.7028012
5213250	2.1931014	-2.23500669E-5	0.0116276662	0.0076639662				618	78.9516504
5213500	2.1719416	-1.6086292E-5	0.0116054799	0.0076356799				619	78.1898976
5213750	2.1518853	-1.18760667E-5	0.0115875038	0.0076116038				620	77.4678708
5214000	2.1311211	-8.6432953E-6	0.0115727605	0.0075907605				621	76.7203596
5214250	2.1108078	-5.9485683E-6	0.0115607119	0.0075726119				622	75.9890808
5214500	2.0903407	-2.6350822E-6	0.0115519769	0.0075577769				623	75.2522652
5214750	2.0697476	-3.976943483E-7	0.0115454792	0.0075451792				624	74.5109136
5215000	2.0491247	1.2030019E-6	0.0115405822	0.0075341822				625	73.7684892
5215250	2.0281822	2.2163279E-6	0.0115366985	0.0075241985				626	73.0145592
5215500	2.0070946	2.0997506E-6	0.0115326983	0.0075140983				627	72.2554056
5215750	1.9861878	2.337389E-6	0.0115289356	0.0075042356				628	71.5027608
5216000	1.9662559	2.0145595E-6	0.0115248502	0.0074940502				629	70.7852124
5216250	1.9455242	2.3777426E-6	0.0115211279	0.0074842279				630	70.0388712
5216500	1.9247725	3.2027514E-6	0.0115182307	0.0074752307				631	69.29181
5216750	1.9041321	2.8350844E-6	0.0115149658	0.0074658658				632	68.5487556
5217000	1.8832998	3.6152557E-6	0.011512481	0.007457281				633	67.7987928
5217250	1.8621079	3.5345484E-6	0.0115099156	0.0074486156				634	67.0358844
5217500	1.8412403	3.1668814E-6	0.0115069825	0.0074395825				635	66.2846508
5217750	1.8206663	3.9963739E-6	0.0115048788	0.0074313788				636	65.5439868
5218000	1.7998874	4.3864596E-6	0.0115031653	0.0074235653				637	64.7959464
5218250	1.7798031	4.6689354E-6	0.0115017342	0.0074160342				638	64.0729116
5218500	1.7591316	4.6958378E-6	0.0115003301	0.0074085301				639	63.3287376
5218750	1.7383014	3.8394429E-6	0.0114980695	0.0074001695				640	62.5788504
5219000	1.7171746	4.4357807E-6	0.0114964053	0.0073924053				641	61.8182856
5219250	1.6962282	4.3595571E-6	0.0114946649	0.0073845649				642	61.0642152
5219500	1.676216	4.7541265E-6	0.011493319	0.007377119				643	60.343776
5219750	1.6555298	4.7092891E-6	0.0114919283	0.0073696283				644	59.5990728
5220000	1.6349901	4.1622724E-6	0.0114899905	0.0073615905				645	58.8596436
5220250	1.6142727	4.3326546E-6	0.0114882232	0.0073537232				646	58.1138172
5220500	1.5934698	4.9603787E-6	0.0114870836	0.0073464836				647	57.3649128
5220750	1.5723598	5.2787244E-6	0.0114862623	0.0073395623				648	56.6049528
5221000	1.5515283	4.8348339E-6	0.0114849971	0.0073321971				649	55.8550188
5221250	1.5314026	4.93796E-6	0.0114838351	0.0073249351				650	55.1304936
5221500	1.510797	5.1397284E-6	0.0114828748	0.0073178748				651	54.388692
5221750	1.4901736	5.0410861E-6	0.0114818159	0.0073107159				652	53.6462496
5222000	1.4694784	5.6732938E-6	0.0114813892	0.0073041892				653	52.9012224
5222250	1.4484897	5.4132367E-6	0.0114807024	0.0072974024				654	52.1456292
5222500	1.4275067	5.3101107E-6	0.0114799125	0.0072905125				655	51.3902412
5222750	1.406604	5.5342978E-6	0.0114793468	0.0072838468				656	50.637744
5223000	1.3864925	5.2069846E-6	0.0114784538	0.0072768538				657	49.91373
5223250	1.3659831	6.247213E-6	0.011478601	0.007270901				658	49.1753916
5223500	1.3453486	5.1576634E-6	0.0114776587	0.0072638587				659	48.4325496
5223750	1.3245911	5.5208466E-6	0.0114770796	0.0072571796				660	47.6852796
5224000	1.3035542	5.3728831E-6	0.0114763524	0.0072503524				661	46.9279512
5224250	1.2824857	6.0275096E-6	0.0114762799	0.0072441799				662	46.1694852
5224500	1.2617522	5.4132367E-6	0.0114755932	0.0072373932				663	45.4230792
5224750	1.2416844	6.247213E-6	0.0114757404	0.0072314404				664	44.7006384
5225000	1.2210204	5.269757E-6	0.0114749102	0.0072245102				665	43.9567344
5225250	1.2004304	5.3056269E-6	0.0114741158	0.0072176158				666	43.2154944
5225500	1.1797273	5.2204358E-6	0.0114732362	0.0072106362				667	42.4701828
5225750	1.1587835	5.3549481E-6	0.0114724912	0.0072037912				668	41.716206
5226000	1.1377814	5.6284564E-6	0.0114720196	0.0071972196				669	40.9601304
5226250	1.1169945	5.4625579E-6	0.0114713822	0.0071904822				670	40.211802
5226500	1.0969347	5.6150052E-6	0.0114708972	0.0071838972				671	39.4896492
5226750	1.0762917	5.1307609E-6	0.0114699279	0.0071768279				672	38.7465012
5227000	1.055707	4.570293E-6	0.0114683982	0.0071691982				673	38.005452
5227250	1.0349183	4.7137728E-6	0.011467012	0.007161712				674	37.2570588
5227500	1.0140445	5.915416E-6	0.0114668274	0.0071554274				675	36.505602
5227750	0.9910134083	4.7720615E-6	0.0114654995	0.0071479995				676	35.6764826988
5228000	0.9727518277	5.8660948E-6	0.0114652656	0.0071416656				677	35.0190657972
5228250	0.9520517771	5.3863343E-6	0.0114645519	0.0071348519				678	34.2738639756
5228500	0.9313431132	5.2294033E-6	0.0114636813	0.0071278813				679	33.5283520752
5228750	0.9108152388	5.3728831E-6	0.0114629542	0.0071210542				680	32.7893485968
5229000	0.8900628905	5.7674525E-6	0.0114626217	0.0071146217				681	32.042264058
5229250	0.8690732147	6.0588958E-6	0.0114625805	0.0071084805				682	31.2866357292
5229500	0.8481550066	5.6374239E-6	0.011462118	0.007101918				683	30.5335802376
5229750	0.8273211197	5.8302249E-6	0.0114618482	0.0070955482				684	29.7835603092
5230000	0.8067013267	6.1306356E-6	0.0114618788	0.0070894788				685	29.0412477612
5230250	0.7861257041	5.3504643E-6	0.0114611293	0.0070826293				686	28.3005253476
5230500	0.7653631082	5.4760091E-6	0.0114605053	0.0070759053				687	27.5530718952
5230750	0.7444449884	5.408753E-6	0.0114598141	0.0070691141				688	26.8000195824
5231000	0.724044148	5.8481598E-6	0.0114595622	0.0070627622				689	26.065589328
5231250	0.7027120634	5.0052161E-6	0.0114584674	0.0070555674				690	25.2976342824
5231500	0.682725762	5.5298141E-6	0.0114578973	0.0070488973				691	24.578127432
5231750	0.6621344147	5.3549481E-6	0.0114571522	0.0070420522				692	23.8368389292
5232000	0.6415571577	5.9737046E-6	0.0114570259	0.0070358259				693	23.0960576772
5232250	0.6207780422	5.1442122E-6	0.0114560701	0.0070287701				694	22.3480095192
5232500	0.599762085	5.1800821E-6	0.0114551502	0.0070217502				695	21.59143506
5232750	0.5788795666	4.8213827E-6	0.0114538716	0.0070143716				696	20.8396643976
5233000	0.5580479324	5.7315825E-6	0.0114535032	0.0070079032				697	20.0897255664
5233250	0.5374548183	5.3056269E-6	0.0114527088	0.0070010088				698	19.3483734588
5233500	0.5168689923	5.0276348E-6	0.0114516364	0.0069938364				699	18.6072837228
5233750	0.4960912902	4.7989639E-6	0.0114503354	0.0069864354				700	17.8592864472
5234000	0.4751730379	5.1890496E-6	0.0114494244	0.0069794244				701	17.1062293644
5234250	0.4541852614	5.3145944E-6	0.011448639	0.006972539				702	16.3506694104
5234500	0.4334008012	5.3056269E-6	0.0114478447	0.0069656447				703	15.6024288432
5234750	0.4133706386	5.7360662E-6	0.0114474807	0.0069591807				704	14.8813429896
5235000	0.3928364036	5.9198997E-6	0.0114473006	0.0069529006				705	14.1421105296
5235250	0.3722698801	5.6374239E-6	0.011446838	0.006946338				706	13.4017156836
5235500	0.3518074661	5.1486959E-6	0.0114458867	0.0069392867				707	12.6650687796
5235750	0.3307619148	5.3773668E-6	0.0114451641	0.0069324641				708	11.9074289328
5236000	0.3106354607	5.1800821E-6	0.0114442442	0.0069254442				709	11.1828765852
5236250	0.289658506	5.112826E-6	0.011443257	0.006918357				710	10.427706216
5236500	0.2688233824	4.570293E-6	0.0114417273	0.0069107273				711	9.6776417664
5236750	0.2482464346	4.8124152E-6	0.0114404397	0.0069033397				712	8.9368716456
5237000	0.2276581351	5.5118791E-6	0.0114398516	0.0068966516				713	8.1956928636
5237250	0.206896511	4.9469275E-6	0.0114386985	0.0068893985				714	7.448274396
5237500	0.1866570691	4.6958378E-6	0.0114372944	0.0068818944				715	6.7196544876
5237750	0.1659135107	4.6016792E-6	0.0114357961	0.0068742961				716	5.9728863852
5238000	0.1450130591	5.2204358E-6	0.0114349165	0.0068673165				717	5.2204701276
5238250	0.1243061179	5.1083422E-6	0.0114339248	0.0068602248				718	4.4750202444
5238500	0.1036450256	5.6732938E-6	0.0114334981	0.0068536981				719	3.7312209216
5238750	0.0808468765	4.6823866E-6	0.0114320805	0.0068461805				720	2.910487554
5239000	0.062474626	5.1666309E-6	0.0114311471	0.0068391471				721	2.249086536
5239250	0.0423140445	5.0231511E-6	0.0114300703	0.0068319703				722	1.523305602
5239500	0.0214754663	4.9065738E-6	0.0114288769	0.0068246769				723	0.7731167868
