Acquisition Time (ms)	Shunt Voltage (V)	Sample Voltage (V)	Integrated Sample Voltage (V)					
milliseconds	Volts	Volts	Volts					
7473750	0.0191976011	1.0609895E-5	-0.010489390105	-0.020989390105		1.0609895E-5	1	0.6911136396
7474000	0.038892464	1.08520172E-5	-0.0104855380878	-0.0209925380878		2.14619122E-5	2	1.400128704
7474250	0.0591957099	9.7041789E-6	-0.0104828339089	-0.0209968339089		3.11660911E-5	3	2.1310455564
7474500	0.0794957822	9.5472479E-6	-0.010480286661	-0.021001286661		4.0713339E-5	4	2.8618481592
7474750	0.0996976965	8.5608244E-6	-0.0104787258366	-0.0210067258366		4.92741634E-5	5	3.589117074
7475000	0.1243145103	8.4128609E-6	-0.0104773129757	-0.0210123129757		5.76870243E-5	6	4.4753223708
7475250	0.1408738087	9.0405849E-6	-0.0104752723908	-0.0210172723908		6.67276092E-5	7	5.0714571132
7475500	0.1613289787	8.3904422E-6	-0.0104738819486	-0.0210228819486		7.51180514E-5	8	5.8078432332
7475750	0.1811585636	9.4396381E-6	-0.0104714423105	-0.0210274423105		8.45576895E-5	9	6.5217082896
7476000	0.2007731272	7.9151654E-6	-0.0104705271451	-0.0210335271451		9.24728549E-5	10	7.2278325792
7476250	0.2210979946	7.659592E-6	-0.010469867553	-0.021039867553		1.00132447E-4	11	7.9595278056
7476500	0.2413251129	8.5608244E-6	-0.0104683067286	-0.0210453067286		1.086932714E-4	12	8.6877040644
7476750	0.2615602261	1.00359759E-5	-0.0104652707527	-0.0210492707527		1.187292473E-4	13	9.4161681396
7477000	0.2820258204	9.3768657E-6	-0.0104628938871	-0.0210538938871		1.281061129E-4	14	10.1529295344
7477250	0.302611293	8.829849E-6	-0.0104610640381	-0.0210590640381		1.369359619E-4	15	10.894006548
7477500	0.3231887266	9.8342075E-6	-0.0104582298306	-0.0210632298306		1.467701694E-4	16	11.6347941576
7477750	0.3431598776	1.10044644E-5	-0.0104542253662	-0.0210662253662		1.577746338E-4	17	12.3537555936
7478000	0.3631666741	1.00449434E-5	-0.0104511804228	-0.0210701804228		1.678195772E-4	18	13.0740002676
7478250	0.3835213565	9.843175E-6	-0.0104483372478	-0.0210743372478		1.776627522E-4	19	13.806768834
7478500	0.4037822652	1.21702376E-5	-0.0104431670102	-0.0210761670102		1.898329898E-4	20	14.5361615472
7478750	0.4241710472	1.40892797E-5	-0.0104360777305	-0.0210760777305		2.039222695E-4	21	15.2701576992
7479000	0.4449172558	1.35108768E-5	-0.0104295668537	-0.0210765668537		2.174331463E-4	22	16.0170212088
7479250	0.4653824525	1.23675223E-5	-0.0104241993313	-0.0210781993313		2.298006687E-4	23	16.75376829
7479500	0.485343091	1.25065184E-5	-0.010418692813	-0.021079692813		2.42307187E-4	24	17.472351276
7479750	0.5053760363	1.26365469E-5	-0.010413056266	-0.021081056266		2.54943734E-4	25	18.1935373068
7480000	0.5257112396	1.15290624E-5	-0.0104085272037	-0.0210835272037		2.664727963E-4	26	18.9256046256
7480250	0.5459261228	1.13900663E-5	-0.0104041371373	-0.0210861371373		2.778628627E-4	27	19.6533404208
7480500	0.5664297477	9.2513209E-6	-0.0104018858165	-0.0210908858165		2.871141835E-4	28	20.3914709172
7480750	0.5871528994	9.4306706E-6	-0.0103994551459	-0.0210954551459		2.965448541E-4	29	21.1375043784
7481000	0.6076127957	1.05560901E-5	-0.0103958990558	-0.0210988990558		3.071009442E-4	30	21.8740606452
7481250	0.6273638898	1.04484803E-5	-0.0103924505755	-0.0211024505755		3.175494245E-4	31	22.5851000328
7481500	0.6477087664	1.44614304E-5	-0.0103849891451	-0.0211019891451		3.320108549E-4	32	23.3175155904
7481750	0.6678921119	1.49546421E-5	-0.010377034503	-0.021101034503		3.46965497E-4	33	24.0441160284
7482000	0.6881820847	1.84340268E-5	-0.0103656004763	-0.0210966004763		3.653995237E-4	34	24.7745550492
7482250	0.7085939678	1.58782932E-5	-0.0103567221831	-0.0210947221831		3.812778169E-4	35	25.5093828408
7482500	0.7293323141	1.64208261E-5	-0.0103473013569	-0.0210923013569		3.976986431E-4	36	26.2559633076
7482750	0.7498950832	1.84205756E-5	-0.0103358807814	-0.0210878807814		4.161192186E-4	37	26.9962229952
7483000	0.7701992347	1.75596969E-5	-0.0103253210845	-0.0210843210845		4.336789155E-4	38	27.7271724492
7483250	0.7905011335	1.99450482E-5	-0.0103123760363	-0.0210783760363		4.536239637E-4	39	28.458040806
7483500	0.8101496199	1.6806428E-5	-0.0103025696083	-0.0210755696083		4.704303917E-4	40	29.1653863164
7483750	0.8302791217	1.72323836E-5	-0.0102923372246	-0.0210723372246		4.876627754E-4	41	29.8900483812
7484000	0.8504086677	1.54388864E-5	-0.0102838983383	-0.0210708983383		5.031016617E-4	42	30.6147120372
7484250	0.8707925467	1.74027659E-5	-0.0102734955724	-0.0210674955724		5.205044276E-4	43	31.3485316812
7484500	0.8912289443	1.62369926E-5	-0.0102642585798	-0.0210652585798		5.367414202E-4	44	32.0842419948
7484750	0.9116881338	1.66629482E-5	-0.0102545956315	-0.0210625956315		5.534043685E-4	45	32.8207728168
7485000	0.931382204	1.39323487E-5	-0.0102476632828	-0.0210626632828		5.673367172E-4	46	33.529759344
7485250	0.9517099867	1.11882979E-5	-0.0102434749849	-0.0210654749849		5.785250151E-4	47	34.2615595212
7485500	0.9719977951	1.52864391E-5	-0.0102351885458	-0.0210641885458		5.938114542E-4	48	34.9919206236
7485750	0.9921617057	1.42193082E-5	-0.0102279692376	-0.0210639692376		6.080307624E-4	49	35.7178214052
7486000	1.012734	1.40085723E-5	-0.0102209606653	-0.0210639606653		6.220393347E-4	50	36.458424
7486250	1.0334771	1.61159316E-5	-0.0102118447337	-0.0210618447337		6.381552663E-4	51	37.2051756
7486500	1.0540005	1.82591608E-5	-0.0102005855729	-0.0210575855729		6.564144271E-4	52	37.944018
7486750	1.0743778	1.81470672E-5	-0.0101894385057	-0.0210534385057		6.745614943E-4	53	38.6776008
7487000	1.0946665	1.80663598E-5	-0.0101783721458	-0.0210493721458		6.926278542E-4	54	39.407994
7487250	1.1149017	1.43403693E-5	-0.0101710317765	-0.0210490317765		7.069682235E-4	55	40.1364612
7487500	1.1345417	1.58917444E-5	-0.0101621400321	-0.0210471400321		7.228599679E-4	56	40.8435012
7487750	1.1550759	1.77031767E-5	-0.0101514368554	-0.0210434368554		7.405631446E-4	57	41.5827324
7488000	1.1757396	1.60935129E-5	-0.0101423433426	-0.0210413433426		7.566566574E-4	58	42.3266256
7488250	1.1961859	1.69140379E-5	-0.0101324293047	-0.0210384293047		7.735706953E-4	59	43.0626924
7488500	1.2211546	2.59263615E-5	-0.0101135029432	-0.0210265029432		7.994970568E-4	60	43.9615656
7488751	1.2371489	2.28594812E-5	-0.0100976434619	-0.0210176434619		8.223565381E-4	61	44.5373604
7489000	1.2573366	2.77422775E-5	-0.0100769011844	-0.0210039011844		8.500988156E-4	62	45.2641176
7489250	1.2779003	4.06106203E-5	-0.0100432905641	-0.0209772905641		8.907094359E-4	63	46.0044108
7489500	1.2986378	3.82701064E-5	-0.0100120204577	-0.0209530204577		9.289795423E-4	64	46.7509608
7489750	1.3191913	3.43737336E-5	-0.0099846467241	-0.0209326467241		9.633532759E-4	65	47.4908868
7490000	1.3389415	1.59814193E-5	-0.0099756653049	-0.0209306653049		9.793346951E-4	66	48.201894
7490250	1.3592338	2.63612846E-5	-0.009956304	-0.020918304		0.001005696	67	48.9324168
7490500	1.3795075	4.96274277E-5	-0.0099136766	-0.0208826766		0.0010553234	68	49.66227
7490750	1.3998133	7.17412488E-5	-0.0098489353	-0.0208249353		0.0011270647	69	50.3932788
7491000	1.420365	6.25495754E-5	-0.0097933858	-0.0207763858		0.0011896142	70	51.13314
7491250	1.4411024	7.1301842E-5	-0.0097290839	-0.0207190839		0.0012609161	71	51.8796864
7491500	1.4606272	6.934693E-5	-0.009666737	-0.020663737		0.001330263	72	52.5825792
7491750	1.4811544	4.84302683E-5	-0.0096253067	-0.0206293067		0.0013786933	73	53.3215584
7492000	1.5016214	5.68238354E-5	-0.0095754829	-0.0205864829		0.0014355171	74	54.0583704
7492250	1.5219022	4.2726947E-5	-0.0095397559	-0.0205577559		0.0014782441	75	54.7884792
7492500	1.5421683	5.0093737E-5	-0.0094966622	-0.0205216622		0.0015283378	76	55.5180588
7492750	1.5627605	6.19666888E-5	-0.0094416955	-0.0204736955		0.0015903045	77	56.259378
7493000	1.5834552	6.0007293E-5	-0.0093886882	-0.0204276882		0.0016503118	78	57.0043872
7493250	1.6038109	5.62095626E-5	-0.0093394787	-0.0203854787		0.0017065213	79	57.7371924
7493500	1.6236533	8.11571094E-5	-0.0092653216	-0.0203183216		0.0017876784	80	58.4515188
7493750	1.6439033	6.75579165E-5	-0.0092047636	-0.0202647636		0.0018552364	81	59.1805188
7494000	1.6640834	9.88185735E-5	-0.0091129451	-0.0201799451		0.0019540549	82	59.9070024
7494250	1.6843856	9.22050524E-5	-0.00902774	-0.02010174		0.00204626	83	60.6378816
7494500	1.7050135	1.019975474E-4	-0.0089327425	-0.0200137425		0.0021482575	84	61.380486
7494750	1.7257715	1.284247294E-4	-0.0088113177	-0.0198993177		0.0022766823	85	62.127774
7495000	1.746161	1.127899171E-4	-0.0087055278	-0.0198005278		0.0023894722	86	62.861796
7495250	1.7661232	1.468573974E-4	-0.0085656704	-0.0196676704		0.0025363296	87	63.5804352
7495500	1.786257	1.609722208E-4	-0.0084116982	-0.0195206982		0.0026973018	88	64.305252
7495750	1.8065516	2.086164752E-4	-0.0082100817	-0.0193260817		0.0029059183	89	65.0358576
7496000	1.8267954	2.731958275E-4	-0.0079438859	-0.0190668859		0.0031791141	90	65.7646344
7496250	1.8474594	3.168674855E-4	-0.0076340184	-0.0187640184		0.0034959816	91	66.5085384
7496500	1.868163	3.583690119E-4	-0.0072826494	-0.0184196494		0.0038543506	92	67.253868
7496750	1.8887102	3.952747016E-4	-0.0068943747	-0.0180383747		0.0042496253	93	67.9935672
7497000	1.9084965	5.121031125E-4	-0.0063892716	-0.0175402716		0.0047617284	94	68.705874
7497250	1.9286597	6.80010325E-4	-0.0057162613	-0.0168742613		0.0054417387	95	69.4317492
7497500	1.9489797	8.495047827E-4	-0.0048737565	-0.0160387565		0.0062912435	96	70.1632692
7497750	1.9693247	0.0010560081	-0.0038247484	-0.0149967484		0.0073472516	97	70.8956892
7498000	1.9898305	0.0012832711	-0.0025484774	-0.0137274774		0.0086305226	98	71.633898
7498250	2.0099027	0.0013436985	-0.0012117789	-0.0123977789		0.0099742211	99	72.3564972
7498500	2.0302312	0.0015428484	3.24069499999998E-4	-0.0108689305		0.0115170695	100	73.0883232
7498750	2.0507254	0.0016233137	0.0019403832	-0.0092596168		0.0131403832	101	73.8261144
7499000	2.0705001	0.0016041815	0.0035375647	-0.0076694353		0.0147445647	102	74.5380036
7499250	2.0907038	0.001607625	0.0051381897	-0.0060758103		0.0163521897	103	75.2653368
7499500	2.1110279	0.0016097638	0.0067409535	-0.0044800465		0.0179619535	104	75.9970044
7499750	2.1313608	0.0015510043	0.0082849578	-0.0029430422		0.0195129578	105	76.7289888
7500000	2.1520172	0.0013469312	0.0096248891	-0.0016101109		0.0208598891	106	77.4726192
7500250	2.1726228	9.180791501E-4	0.0105359682	-7.060318E-4		0.0217779682	107	78.2144208
7500500	2.1932154	2.666361113E-4	0.0107956043	-4.53395700000001E-4		0.0220446043	108	78.9557544
7500750	2.2136531	1.576587346E-4	0.0109462631	-3.097369E-4		0.0222022631	109	79.6915116
7501000	2.2333386	1.401721364E-4	0.0110794352	-1.83564800000001E-4		0.0223424352	110	80.4001896
7501250	2.2536172	1.31922049E-4	0.0112043573	-6.56427000000001E-5		0.0224743573	111	81.1302192
7501500	2.2739809	1.379123299E-4	0.0113352696	5.82696000000008E-5		0.0226122696	112	81.8633124
7501750	2.2945112	1.391901967E-4	0.0114674598	1.83459799999997E-4		0.0227514598	113	82.6024032
7502000	2.3152037	1.346885186E-4	0.0115951483	3.04148299999998E-4		0.0228861483	114	83.3473332
7502250	2.3357847	1.225734446E-4	0.0117107218	4.12721799999998E-4		0.0230087218	115	84.0882492
7502500	2.3561832	1.09090829E-4	0.0118128126	5.07812599999997E-4		0.0231178126	116	84.8225952
7502750	2.3763357	1.047505657E-4	0.0119105631	5.98563099999998E-4		0.0232225631	117	85.5480852
7503000	2.396056	1.173364327E-4	0.0120208996	7.01899599999996E-4		0.0233398996	118	86.258016
7503250	2.4164509	1.298505597E-4	0.0121437501	8.17750099999997E-4		0.0234697501	119	86.9922324
7503500	2.4369923	1.287789451E-4	0.0122655291	9.32529099999999E-4		0.0235985291	120	87.7317228
7504000	2.4336843	-1.28266181E-5	0.0122457025	9.05702499999998E-4		0.0235857025	121	87.6126348
7504250	2.4133286	-7.44286252E-5	0.0121642738	8.17273800000001E-4		0.0235112738	122	86.8798296
7504501	2.3931654	-8.32929652E-5	0.0120739809	7.199809E-4		0.0234279809	123	86.1539544
7504750	2.3728361	-9.3941831E-5	0.011973039	6.12038999999998E-4		0.023334039	124	85.4220996
7505000	2.3521774	-9.3740063E-5	0.011872299	5.04298999999996E-4		0.023240299	125	84.6783864
7505250	2.3315099	-8.79784662E-5	0.0117773205	4.02320499999994E-4		0.0231523205	126	83.9343564
7505500	2.3111173	-8.26204053E-5	0.0116877001	3.05700099999999E-4		0.0230697001	127	83.2002228
7505750	2.290755	-7.39040284E-5	0.0116067961	2.17796099999999E-4		0.0229957961	128	82.46718
7506000	2.2710204	-7.42582433E-5	0.0115255378	1.29537799999998E-4		0.0229215378	129	81.7567344
7506250	2.2508051	-7.72488932E-5	0.0114412889	3.82888999999973E-5		0.0228442889	130	81.0289836
7506500	2.2303746	-8.2490377E-5	0.0113517986	-5.82014000000044E-5		0.0227617986	131	80.2934856
7506751	2.2096692	-8.21630645E-5	0.0112626355	-1.54364500000002E-4		0.0226796355	132	79.5480912
7507000	2.1890841	-7.77779737E-5	0.0111778575	-2.46142499999999E-4		0.0226018575	133	78.8070276
7507250	2.1691151	-7.24782013E-5	0.0110983793	-3.32620700000003E-4		0.0225293793	134	78.0881436
7507500	2.1486695	-6.58646952E-5	0.0110255146	-4.12485400000001E-4		0.0224635146	135	77.352102
7507750	2.1285353	-6.05873415E-5	0.0109579273	-4.87072700000002E-4		0.0224029273	136	76.6272708
7508000	2.1083863	-5.66999451E-5	0.0108942273	-5.57772700000002E-4		0.0223462273	137	75.9019068
7508250	2.0879844	-5.11356325E-5	0.0108360917	-6.22908300000001E-4		0.0222950917	138	75.1674384
7508500	2.067328	-4.37016032E-5	0.0107853901	-6.80609900000006E-4		0.0222513901	139	74.423808
7508751	2.0465718	-3.61465132E-5	0.0107422436	-7.30756400000003E-4		0.0222152436	140	73.6765848
7509000	2.0261948	-2.39462758E-5	0.0107112973	-7.687027E-4		0.0221912973	141	72.9430128
7509250	2.0058146	-1.3517113E-5	0.0106907802	-7.96219799999999E-4		0.0221777802	142	72.2093256
7509500	1.9855342	-5.5226127E-6	0.0106782576	-8.15742400000001E-4		0.0221722576	143	71.4792312
7509750	1.9656967	-2.856007701E-7	0.010670972	-8.30027999999998E-4		0.022171972	144	70.7650812
7510000	1.9454471	9.025911583E-7	0.0106648746	-8.431254E-4		0.0221728746	145	70.0360956
7510250	1.9248268	1.7589861E-6	0.0106596336	-8.553664E-4		0.0221746336	146	69.2937648
7510500	1.9041219	2.8844056E-6	0.010655518	-8.66482E-4		0.022177518	147	68.5483884
7510750	1.8836067	3.2924262E-6	0.0106518104	-8.77189600000003E-4		0.0221808104	148	67.8098412
7511000	1.8637394	4.7182566E-6	0.0106495287	-8.86471300000002E-4		0.0221855287	149	67.0946184
7511250	1.8436346	4.4402645E-6	0.0106469689	-8.96031100000002E-4		0.0221899689	150	66.3708456
7511500	1.8233756	3.8663454E-6	0.0106438353	-9.06164700000002E-4		0.0221938353	151	65.6415216
7511750	1.8029313	4.0860488E-6	0.0106409213	-9.16078700000001E-4		0.0221979213	152	64.9055268
7512000	1.782368	4.0591463E-6	0.0106379805	-9.26019499999998E-4		0.0222019805	153	64.165248
7512250	1.7616795	3.5704183E-6	0.0106345509	-9.36449100000002E-4		0.0222055509	154	63.420462
7512500	1.7416349	4.2833335E-6	0.0106318342	-9.46165800000001E-4		0.0222098342	155	62.6988564
7512750	1.7207829	5.74055E-6	0.0106305748	-9.54425200000003E-4		0.0222155748	156	61.9481844
7513000	1.7010376	4.1533049E-6	0.0106277281	-9.64271899999999E-4		0.0222197281	157	61.2373536
7513250	1.6809119	4.1667562E-6	0.0106248948	-9.74105199999999E-4		0.0222238948	158	60.5128284
7513500	1.6604845	4.5478743E-6	0.0106224427	-9.835573E-4		0.0222284427	159	59.777442
7513750	1.6397136	5.6194889E-6	0.0106210622	-9.91937799999999E-4		0.0222340622	160	59.0296896
7514000	1.6194257	4.7317078E-6	0.0106187939	-0.0010012061		0.0222387939	161	58.2993252
7514250	1.5994866	5.4535904E-6	0.0106172475	-0.0010097525		0.0222442475	162	57.5815176
7514500	1.5790686	4.9693462E-6	0.0106152168	-0.0010187832		0.0222492168	163	56.8464696
7514751	1.5586978	5.7943549E-6	0.0106140112	-0.0010269888		0.0222550112	164	56.1131208
7515000	1.5385381	4.9962486E-6	0.0106120074	-0.0010359926		0.0222600074	165	55.3873716
7515250	1.5181063	5.0545373E-6	0.010610062	-0.001044938		0.022265062	166	54.6518268
7515500	1.4973684	5.5342978E-6	0.0106085963	-0.0010534037		0.0222705963	167	53.9052624
7515750	1.4767646	5.4849766E-6	0.0106070813	-0.0010619187		0.0222760813	168	53.1635256
7516000	1.4568803	5.3056269E-6	0.0106053869	-0.0010706131		0.0222813869	169	52.4476908
7516250	1.4367599	5.059021E-6	0.0106034459	-0.0010795541		0.0222864459	170	51.7233564
7516500	1.4162871	4.4671669E-6	0.0106009131	-0.0010890869		0.0222909131	171	50.9863356
7516751	1.3960312	5.076956E-6	0.01059899	-0.00109801		0.02229599	172	50.2571232
7517001	1.3755361	4.2160773E-6	0.0105962061	-0.0011077939		0.0223002061	173	49.5192996
7517250	1.3549639	4.7361915E-6	0.0105939423	-0.0011170577		0.0223049423	174	48.7787004
7517500	1.3343214	4.8662201E-6	0.0105918085	-0.0011261915		0.0223098085	175	48.0355704
7517750	1.314344	4.6823866E-6	0.0105894909	-0.0011355091		0.0223144909	176	47.316384
7518000	1.2940681	4.8213827E-6	0.0105873123	-0.0011446877		0.0223193123	177	46.5864516
7518250	1.2738184	5.6553589E-6	0.0105859676	-0.0011530324		0.0223249676	178	45.8574624
7518500	1.2536833	4.1667562E-6	0.0105831344	-0.0011628656		0.0223291344	179	45.1325988
7518750	1.2331209	4.4626832E-6	0.0105805971	-0.0011724029		0.0223335971	180	44.3923524
7519000	1.2125661	4.6868704E-6	0.0105782839	-0.0011817161		0.0223382839	181	43.6523796
7519250	1.1919485	4.7048053E-6	0.0105759888	-0.0011910112		0.0223429888	182	42.910146
7519500	1.1714619	4.3909433E-6	0.0105733797	-0.0012006203		0.0223473797	183	42.1726284
7519751	1.1511851	4.7003216E-6	0.01057108	-0.00120992		0.02235208	184	41.4426636
7520000	1.131561	5.5253303E-6	0.0105696053	-0.0012183947		0.0223576053	185	40.736196
7520250	1.1112811	4.6868704E-6	0.0105672922	-0.0012277078		0.0223622922	186	40.0061196
7520500	1.0907864	5.2876919E-6	0.0105655799	-0.0012364201		0.0223675799	187	39.2683104
7520750	1.0700708	4.6465167E-6	0.0105632264	-0.0012457736		0.0223722264	188	38.5225488
7521000	1.0494737	4.3909433E-6	0.0105606174	-0.0012553826		0.0223766174	189	37.7810532
7521250	1.0291162	4.3461059E-6	0.0105579635	-0.0012650365		0.0223809635	190	37.0481832
7521500	1.0087824	5.6688101E-6	0.0105566323	-0.00127336770000001		0.0223866323	191	36.3161664
7521750	0.9867343587	6.1530544E-6	0.0105557853	-0.0012812147		0.0223927853	192	35.5224369132
7522000	0.9688215915	5.1800821E-6	0.0105539654	-0.0012900346		0.0223979654	193	34.877577294
7522250	0.9483665098	4.8213827E-6	0.0105517868	-0.0012992132		0.0224027868	194	34.1411943528
7522500	0.9277160184	5.601554E-6	0.0105503884	-0.0013076116		0.0224083884	195	33.3977766624
7522750	0.906972725	5.6688101E-6	0.0105490572	-0.0013159428		0.0224140572	196	32.6510181
7523001	0.8873757413	3.5210971E-6	0.0105455783	-0.0013264217		0.0224175783	197	31.9455266868
7523250	0.8669743708	4.1667562E-6	0.010542745	-0.001336255		0.022421745	198	31.2110773488
7523500	0.8467530387	4.5344231E-6	0.0105402794	-0.0013457206		0.0224262794	199	30.4831093932
7523750	0.8265215475	3.2341376E-6	0.0105365136	-0.0013564864		0.0224295136	200	29.75477571
7524000	0.8060273751	3.7946055E-6	0.0105333082	-0.0013666918		0.0224333082	201	29.0169855036
7524250	0.7861216404	3.960504E-6	0.0105302687	-0.0013767313		0.0224372687	202	28.3003790544
7524500	0.7658010575	5.1262772E-6	0.010528395	-0.001385605		0.022442395	203	27.56883807
7524750	0.7452376259	4.8079314E-6	0.0105262029	-0.0013947971		0.0224472029	204	26.8285545324
7525000	0.7247776855	5.2563057E-6	0.0105244592	-0.0014035408		0.0224524592	205	26.091996678
7525250	0.7045919989	5.233887E-6	0.0105226931	-0.0014123069		0.0224576931	206	25.3653119604
7525500	0.6843484492	5.5118791E-6	0.010521205	-0.001420795		0.022463205	207	24.6365441712
7525750	0.6639362128	3.6421582E-6	0.0105178471	-0.0014311529		0.0224668471	208	23.9017036608
7526000	0.6442261971	4.1802074E-6	0.0105150273	-0.0014409727		0.0224710273	209	23.1921430956
7526250	0.6236781367	3.3686499E-6	0.010511396	-0.001451604		0.022474396	210	22.4524129212
7526500	0.6030143058	3.4134873E-6	0.0105078095	-0.0014621905		0.0224778095	211	21.7085150088
7526750	0.5826257447	6.0095746E-6	0.0105068191	-0.0014701809		0.0224838191	212	20.9745268092
7527000	0.5630820305	2.8171495E-6	0.0105026362	-0.0014813638		0.0224866362	213	20.270953098
7527251	0.5427474014	3.4583247E-6	0.0104990945	-0.0014919055		0.0224900945	214	19.5389064504
7527500	0.5224942667	3.5255809E-6	0.0104956201	-0.0015023799		0.0224936201	215	18.8097936012
7527750	0.5027996223	2.6377997E-6	0.0104912579	-0.0015137421		0.0224962579	216	18.1007864028
7528000	0.4824642865	3.6376745E-6	0.0104878956	-0.0015241044		0.0224998956	217	17.368714314
7528251	0.4616874678	3.785638E-6	0.0104846812	-0.0015343188		0.0225036812	218	16.6207488408
7528501	0.4412527487	3.4807435E-6	0.010481162	-0.001544838		0.022507162	219	15.8850989532
7528750	0.4208221815	3.0906578E-6	0.0104772526	-0.0015557474		0.0225102526	220	15.149598534
7529000	0.4005735522	4.4985531E-6	0.0104747512	-0.0015652488		0.0225147512	221	14.4206478792
7529250	0.3804092	3.646642E-6	0.0104713978	-0.0015756022		0.0225183978	222	13.6947312
7529500	0.3602523567	4.0053414E-6	0.0104684032	-0.0015855968		0.0225224032	223	12.9690848412
7529751	0.3402479896	3.0727228E-6	0.0104644759	-0.0015965241		0.0225254759	224	12.2489276256
7530000	0.3196216152	3.7273493E-6	0.0104612032	-0.0016067968		0.0225292032	225	11.5063781472
7530250	0.2991546958	5.3414969E-6	0.0104595447	-0.0016154553		0.0225345447	226	10.7695690488
7530501	0.2786414417	3.9784389E-6	0.0104565232	-0.0016254768		0.0225385232	227	10.0310919012
7530750	0.2583946234	4.3147197E-6	0.0104538379	-0.0016351621		0.0225428379	228	9.3022064424
7531001	0.2382884877	5.8122899E-6	0.0104526502	-0.0016433498		0.0225486502	229	8.5783855572
7531251	0.2179068172	5.076956E-6	0.0104507271	-0.0016522729		0.0225537271	230	7.8446454192
7531500	0.1980568256	4.13537E-6	0.0104478625	-0.0016621375		0.0225578625	231	7.1300457216
7531751	0.1773212178	5.5791352E-6	0.0104464416	-0.0016705584		0.0225634416	232	6.3835638408
7532000	0.1568994406	5.722615E-6	0.0104451643	-0.0016788357		0.0225691643	233	5.6483798616
7532250	0.1364704636	5.7629687E-6	0.0104439272	-0.0016870728		0.0225749272	234	4.9129366896
7532500	0.1163012968	6.193408E-6	0.0104431206	-0.00169487940000001		0.0225811206	235	4.1868466848
7532750	0.0946639151	5.0904072E-6	0.010441211	-0.001703789		0.022586211	236	3.4079009436
7533000	0.0764669634	5.6822613E-6	0.0104398933	-0.0017121067		0.0225918933	237	2.7528106824
7533250	0.0559750404	5.0052161E-6	0.0104378985	-0.0017211015		0.0225968985	238	2.0151014544
7533500	0.0352535725	4.6375492E-6	0.0104355361	-0.0017304639		0.0226015361	239	1.26912861
7533750	0.0147654444	3.8618616E-6	0.0104323979	-0.0017406021		0.0226053979	240	0.5315559984
7545250	-0.0019292856	5.1621471E-6	0.0104305601	-0.0017494399		0.0226105601	241	-0.0694542816
7545500	-0.0197034971	4.1981424E-6	0.0104277582	-0.0017592418		0.0226147582	242	-0.7093258956
7545750	-0.0399461862	5.6150052E-6	0.0104263732	-0.0017676268		0.0226203732	243	-1.4380627032
7546000	-0.060171291	4.8213827E-6	0.0104241946	-0.0017768054		0.0226251946	244	-2.166166476
7546250	-0.0805004668	4.7855127E-6	0.0104219801	-0.0017860199		0.0226299801	245	-2.8980168048
7546500	-0.101082273	5.3235619E-6	0.0104203037	-0.0017946963		0.0226353037	246	-3.638961828
7546750	-0.125794271	4.5523581E-6	0.010417856	-0.001804144		0.022639856	247	-4.528593756
7547000	-0.1418812557	4.6330654E-6	0.0104154891	-0.0018135109		0.0226444891	248	-5.1077252052
7547251	-0.1618949656	3.9201503E-6	0.0104124092	-0.0018235908		0.0226484092	249	-5.8282187616
7547500	-0.1821173794	3.4762597E-6	0.0104088855	-0.0018341145		0.0226518855	250	-6.5562256584
7547750	-0.2023256146	2.4136126E-6	0.0104042991	-0.0018457009		0.0226542991	251	-7.2837221256
7548000	-0.222565078	1.9293683E-6	0.0103992285	-0.0018577715		0.0226562285	252	-8.012342808
7548250	-0.2432433718	2.6736697E-6	0.0103949022	-0.0018690978		0.0226589022	253	-8.7567613848
7548500	-0.2638094292	3.2700075E-6	0.0103911722	-0.0018798278		0.0226621722	254	-9.4971394512
7548750	-0.284282376	3.9470527E-6	0.0103881192	-0.0018898808		0.0226661192	255	-10.234165536
7549000	-0.304547679	4.7899964E-6	0.0103859092	-0.0018990908		0.0226709092	256	-10.963716444
7549250	-0.3241888137	4.3595571E-6	0.0103832688	-0.0019087312		0.0226752688	257	-11.6707972932
7549500	-0.3444023051	3.7632193E-6	0.010380032	-0.001918968		0.022679032	258	-12.3984829836
7549750	-0.3646451255	4.7317078E-6	0.0103777637	-0.0019282363		0.0226837637	259	-13.127224518
7550000	-0.3851517299	3.4090036E-6	0.0103741727	-0.0019388273		0.0226871727	260	-13.8654622764
7550250	-0.405848531	1.7903723E-6	0.0103689631	-0.0019510369		0.0226889631	261	-14.610547116
7550500	-0.4263490399	4.6734191E-6	0.0103666365	-0.0019603635		0.0226936365	262	-15.3485654364
7550750	-0.4467069235	4.3685246E-6	0.010364005	-0.001969995		0.022698005	263	-16.081449246
7551000	-0.4668772607	3.9739552E-6	0.010360979	-0.001980021		0.022701979	264	-16.8075813852
7551250	-0.4872691995	3.8932478E-6	0.0103578722	-0.0019901278		0.0227058722	265	-17.541691182
7551500	-0.5067875854	2.0773319E-6	0.0103529496	-0.0020020504		0.0227079496	266	-18.2443530744
7551750	-0.5273904808	3.735094694E-7	0.0103463231	-0.0020156769		0.0227083231	267	-18.9860573088
7552000	-0.5480841457	2.0324944E-6	0.0103413556	-0.0020276444		0.0227103556	268	-19.7310292452
7552250	-0.5685193271	2.8036982E-6	0.0103371593	-0.0020388407		0.0227131593	269	-20.4666957756
7552500	-0.5888678466	2.5929623E-6	0.0103327522	-0.0020502478		0.0227157522	270	-21.1992424776
7552750	-0.6090101799	4.5344231E-6	0.0103302866	-0.0020597134		0.0227202866	271	-21.9243664764
7553000	-0.6293120116	1.6155063E-6	0.0103249021	-0.0020720979		0.0227219021	272	-22.6552324176
7553250	-0.6499945456	7.635951214E-7	0.0103186657	-0.0020853343		0.0227226657	273	-23.3998036416
7553500	-0.6706193494	1.4540916E-6	0.0103131198	-0.0020978802		0.0227241198	274	-24.1422965784
7553750	-0.6910176486	-6.71202679E-7	0.0103054486	-0.0021125514		0.0227234486	275	-24.8766353496
7554000	-0.7109389104	-8.371011746E-7	0.0102976115	-0.0021273885		0.0227226115	276	-25.5938007744
7554250	-0.7314299228	1.3509655E-6	0.0102919625	-0.0021400375		0.0227239625	277	-26.3314772208
7554500	-0.7511603254	2.52448405E-7	0.0102852149	-0.0021537851		0.0227242149	278	-27.0417717144
7554750	-0.7721103538	-1.5275976E-6	0.0102766873	-0.0021693127		0.0227226873	279	-27.7959727368
7555000	-0.7928046814	-5.187554127E-7	0.0102691686	-0.0021838314		0.0227221686	280	-28.5409685304
7555250	-0.8126751917	6.021803689E-7	0.0102627708	-0.0021972292		0.0227227708	281	-29.2563069012
7555500	-0.8331270693	-7.115563671E-7	0.0102550592	-0.0022119408		0.0227220592	282	-29.9925744948
7555750	-0.8533583613	-1.3706666E-6	0.0102466885	-0.0022273115		0.0227206885	283	-30.7209010068
7556000	-0.873582321	-1.8818133E-6	0.0102378067	-0.0022431933		0.0227188067	284	-31.448963556
7556250	-0.893979516	-2.39296E-6	0.0102284138	-0.0022595862		0.0227164138	285	-32.183262576
7556500	-0.9146781722	-3.8501766E-6	0.0102175636	-0.0022774364		0.0227125636	286	-32.9284141992
7556750	-0.9352107045	-2.6933708E-6	0.0102078702	-0.0022941298		0.0227098702	287	-33.667585362
7557000	-0.9556707094	-3.1776151E-6	0.0101976926	-0.0023113074		0.0227066926	288	-34.4041455384
7557250	-0.9759917993	-5.1818483E-6	0.0101855108	-0.0023304892		0.0227015108	289	-35.1357047748
7557500	-0.9955851861	-4.4868681E-6	0.0101740239	-0.0023489761		0.0226970239	290	-35.8410666996
7557750	-1.0157638	-3.6439244E-6	0.01016338	-0.00236662		0.02269338	291	-36.5674968
7558000	-1.0361289	-7.5178783E-6	0.0101488621	-0.0023881379		0.0226858621	292	-37.3006404
7558250	-1.0568877	-5.5943526E-6	0.0101362677	-0.0024077323		0.0226802677	293	-38.0479572
7558500	-1.0774763	-2.3436389E-6	0.0101269241	-0.0024240759		0.0226779241	294	-38.7891468
7558750	-1.0979145	-3.4107697E-6	0.0101165133	-0.0024414867		0.0226745133	295	-39.524922
7559000	-1.1182046	-6.5045525E-6	0.0101030088	-0.0024619912		0.0226680088	296	-40.2553656
7559250	-1.1383916	-3.6932455E-6	0.0100923155	-0.0024796845		0.0226643155	297	-40.9820976
7559500	-1.1587076	-4.3344208E-6	0.0100809811	-0.0024980189		0.0226599811	298	-41.7134736
7559750	-1.1784344	-7.0291504E-6	0.010066952	-0.002519048		0.022652952	299	-42.4236384
7560000	-1.199078	-1.09748364E-5	0.0100489771	-0.0025440229		0.0226419771	300	-43.166808
7560250	-1.2237022	-1.9897465E-5	0.0100220797	-0.0025779203		0.0226220797	301	-44.0532792
7560500	-1.2401171	-1.78842689E-5	0.0099971954	-0.0026098046		0.0226041954	302	-44.6442156
7560750	-1.2598788	-1.51895454E-5	0.0099750058	-0.0026389942		0.0225890058	303	-45.3556368
7561000	-1.2801127	-2.63316218E-5	0.0099416742	-0.0026793258		0.0225626742	304	-46.0840572
7561250	-1.3003377	-1.22975376E-5	0.0099223767	-0.0027056233		0.0225503767	305	-46.8121572
7561500	-1.3208144	-2.52420747E-5	0.0098901346	-0.0027448654		0.0225251346	306	-47.5493184
7561750	-1.3413785	-3.20887349E-5	0.0098510459	-0.0027909541		0.0224930459	307	-48.289626
7562000	-1.3619928	-3.76306288E-5	0.0098064153	-0.0028425847		0.0224554153	308	-49.0317408
7562250	-1.3824495	-4.8037373E-5	0.0097513779	-0.0029046221		0.0224073779	309	-49.768182
7562500	-1.4026411	-3.9424122E-5	0.0097049538	-0.0029580462		0.0223679538	310	-50.4950796
7562750	-1.4224625	-2.0955626E-5	0.0096769981	-0.0029930019		0.0223469981	311	-51.20865
7563000	-1.4425525	-1.7664566E-5	0.00965233359999999	-0.00302466640000001		0.0223293336	312	-51.93189
7563250	-1.4630025	-2.35382561E-5	0.0096217953	-0.0030622047		0.0223057953	313	-52.66809
7563500	-1.4837532	-2.34485815E-5	0.0095913467	-0.0030996533		0.0222823467	314	-53.4151152
7563750	-1.5042736	-2.94433324E-5	0.0095549034	-0.0031430966		0.0222529034	315	-54.1538496
7564000	-1.5246643	-3.59402615E-5	0.0095119631	-0.0031930369		0.0222169631	316	-54.8879148
7564250	-1.5449735	-4.48225365E-5	0.0094601406	-0.0032518594		0.0221721406	317	-55.619046
7564500	-1.5652587	-4.85305836E-5	0.00940461	-0.00331439		0.02212361	318	-56.3493132
7564750	-1.5856271	-2.73673641E-5	0.0093702426	-0.0033557574		0.0220962426	319	-57.0825756
7565000	-1.6062816	-5.66775264E-5	0.0093065651	-0.0034264349		0.0220395651	320	-57.8261376
7565250	-1.6263507	-6.50710745E-5	0.009234494	-0.003505506		0.021974494	321	-58.5486252
7565500	-1.6466225	-8.2624889E-5	0.0091448692	-0.0036021308		0.0218918692	322	-59.27841
7565750	-1.6668648	-8.12932203E-5	0.0090565759	-0.0036974241		0.0218105759	323	-60.0071328
7566000	-1.6871874	-8.4790532E-5	0.0089647854	-0.0037962146		0.0217257854	324	-60.7387464
7566250	-1.7074209	-9.94747575E-5	0.0088583106	-0.0039096894		0.0216263106	325	-61.4671524
7566500	-1.7279083	-1.104688707E-4	0.0087408418	-0.0040341582		0.0215158418	326	-62.2046988
7566750	-1.7486519	-1.275967306E-4	0.008606245	-0.004175755		0.021388245	327	-62.9514684
7567000	-1.7692413	-1.469395545E-4	0.0084523055	-0.0043366945		0.0212413055	328	-63.6926868
7567250	-1.7888083	-1.903196709E-4	0.0082549858	-0.0045410142		0.0210509858	329	-64.3970988
7567500	-1.8092569	-2.213874565E-4	0.0080265984	-0.0047764016		0.0208295984	330	-65.1332484
7567750	-1.8295519	-2.541725119E-4	0.0077654259	-0.0050445741		0.0205754259	331	-65.8638684
7568000	-1.8498597	-3.037536309E-4	0.0074546722	-0.0053623278		0.0202716722	332	-66.5949492
7568250	-1.8702371	-4.145959933E-4	0.0070330762	-0.0057909238		0.0198570762	333	-67.3285356
7568500	-1.8909522	-5.040778519E-4	0.0065219984	-0.0063090016		0.0193529984	334	-68.0742792
7568750	-1.9115301	-6.618648983E-4	0.0058531335	-0.0069848665		0.0186911335	335	-68.8150836
7569000	-1.9320148	-7.885796753E-4	0.0050575538	-0.0077874462		0.0179025538	336	-69.5525328
7569250	-1.9517043	-9.184734191E-4	0.0041320804	-0.0087199196		0.0169840804	337	-70.2613548
7569500	-1.971891	-0.0011001812	0.0030248992	-0.0098341008		0.0158838992	338	-70.988076
7569750	-1.9921177	-0.0013040565	0.0017138427	-0.0111521573		0.0145798427	339	-71.7162372
7570000	-2.0126252	-0.0014647849	2.42057800000001E-4	-0.0126309422		0.0131150578	340	-72.4545072
7570250	-2.0333514	-0.0015876616	-0.0013526038	-0.0142326038		0.0115273962	341	-73.2006504
7570500	-2.053891	-0.0016436679	-0.0030032717	-0.0158902717		0.0098837283	342	-73.940076
7570750	-2.0743071	-0.0015815458	-0.0045918175	-0.0174858175		0.0083021825	343	-74.6750556
7571000	-2.0940318	-0.0015596652	-0.0061584827	-0.0190594827		0.0067425173	344	-75.3851448
7571250	-2.1142398	-0.0015445998	-0.0077100825	-0.0206180825		0.0051979175	345	-76.1126328
7571500	-2.1344604	-0.0013990937	-0.0091161762	-0.0220311762		0.0037988238	346	-76.8405744
7571750	-2.1550418	-0.001146404	-0.0102695802	-0.0231915802		0.0026524198	347	-77.5815048
7572000	-2.1757444	-3.580785394E-4	-0.0106346587	-0.0235636587		0.0022943413	348	-78.3267984
7572250	-2.1956402	-1.751332674E-4	-0.010816792	-0.023752792		0.002119208	349	-79.0430472
7572500	-2.2161766	-1.368690903E-4	-0.0109606611	-0.0239036611		0.0019823389	350	-79.7823576
7572750	-2.2364475	-1.204137904E-4	-0.0110880749	-0.0240380749		0.0018619251	351	-80.51211
7573000	-2.2567233	-1.132891387E-4	-0.011208364	-0.024165364		0.001748636	352	-81.2420388
7573250	-2.2769692	-1.183871431E-4	-0.0113337512	-0.0242977512		0.0016302488	353	-81.9708912
7573500	-2.2975203	-1.229470995E-4	-0.0114636983	-0.0244346983		0.0015073017	354	-82.7107308
7573750	-2.318145	-1.201985712E-4	-0.0115908968	-0.0245688968		0.0013871032	355	-83.45322
7574000	-2.3387317	-1.107109923E-4	-0.0117086078	-0.0246936078		0.0012763922	356	-84.1943412
7574250	-2.3591835	-9.81879261E-5	-0.0118137957	-0.0248057957		0.0011782043	357	-84.930606
7574500	-2.3795052	-9.63047583E-5	-0.0119171005	-0.0249161005		0.0010818995	358	-85.6621872
7574750	-2.3997253	-1.09993595E-4	-0.0120340940981	-0.0250400940981		9.719059019E-4	359	-86.3901108
7575000	-2.4193177	-1.093120676E-4	-0.0121504061656	-0.0251634061656		8.625938344E-4	360	-87.0954372
7575250	-2.4398407	-1.156161961E-4	-0.0122730223617	-0.0252930223617		7.469776383E-4	361	-87.8342652
7575500	-2.4468528	5.9198997E-6	-0.012274102462	-0.025301102462		7.52897538E-4	362	-88.0867008
7575750	-2.4274739	4.31573864E-5	-0.0122379450756	-0.0252719450756		7.960549244E-4	363	-87.3890604
7576000	-2.4072694	9.14293649E-5	-0.0121535157108	-0.0251945157108		8.874842892E-4	364	-86.6616984
7576250	-2.3869695	9.26220405E-5	-0.0120678936702	-0.0251158936702		9.801063298E-4	365	-85.930902
7576500	-2.3666928	1.014864007E-4	-0.0119734073	-0.0250284073		0.0010815927	366	-85.2009408
7576750	-2.3461791	1.092522438E-4	-0.011871155	-0.024933155		0.001190845	367	-84.4624476
7577000	-2.3256685	1.006031033E-4	-0.0117775519	-0.0248465519		0.0012914481	368	-83.724066
7577250	-2.3058565	1.039793619E-4	-0.0116805726	-0.0247565726		0.0013954274	369	-83.010834
7577500	-2.2852961	9.72268447E-5	-0.0115903457	-0.0246733457		0.0014926543	370	-82.2706596
7577750	-2.264883	8.97838311E-5	-0.0115075619	-0.0245975619		0.0015824381	371	-81.535788
7578000	-2.2445903	8.84835456E-5	-0.0114260783	-0.0245230783		0.0016709217	372	-80.8052508
7578250	-2.2243243	9.48101072E-5	-0.0113382682	-0.0244422682		0.0017657318	373	-80.0756748
7578500	-2.2038797	9.622697E-5	-0.0112490413	-0.0243600413		0.0018619587	374	-79.3396692
7578751	-2.1830969	9.30748986E-5	-0.0111629664	-0.0242809664		0.0019550336	375	-78.5914884
7579000	-2.1634328	8.83714521E-5	-0.0110815949	-0.0242065949		0.0020434051	376	-77.8835808
7579250	-2.1429138	8.25784559E-5	-0.0110060165	-0.0241380165		0.0021259835	377	-77.1448968
7579500	-2.1225261	7.66509475E-5	-0.0109363655	-0.0240753655		0.0022026345	378	-76.4109396
7579750	-2.1022214	7.04050934E-5	-0.0108729604	-0.0240189604		0.0022730396	379	-75.6799704
7580000	-2.0820472	6.67642939E-5	-0.0108131961	-0.0239661961		0.0023398039	380	-74.9536992
7580250	-2.0614831	5.91464144E-5	-0.0107610497	-0.0239210497		0.0023989503	381	-74.2133916
7580500	-2.0417201	5.04120828E-5	-0.0107176376	-0.0238846376		0.0024493624	382	-73.5019236
7580750	-2.0211316	4.01712135E-5	-0.0106844664	-0.0238584664		0.0024895336	383	-72.7607376
7581000	-2.0005894	2.91815591E-5	-0.0106622849	-0.0238432849		0.0025187151	384	-72.0212184
7581250	-1.9802049	1.80394574E-5	-0.0106512454	-0.0238392454		0.0025367546	385	-71.2873764
7581500	-1.9603483	1.48021948E-5	-0.0106434432	-0.0238384432		0.0025515568	386	-70.5725388
7581750	-1.9397348	1.27127706E-5	-0.0106377304	-0.0238397304		0.0025642696	387	-69.8304528
7582000	-1.9191311	1.17353146E-5	-0.0106329951	-0.0238419951		0.0025760049	388	-69.0887196
7582250	-1.8994024	1.09910132E-5	-0.0106290041	-0.0238450041		0.0025869959	389	-68.3784864
7582500	-1.8786468	1.03543217E-5	-0.0106256498	-0.0238486498		0.0025973502	390	-67.6312848
7582750	-1.8582182	1.1291424E-5	-0.0106213584	-0.0238513584		0.0026086416	391	-66.8958552
7583000	-1.8377691	1.05650576E-5	-0.0106177933	-0.0238547933		0.0026192067	392	-66.1596876
7583250	-1.8174653	9.6369228E-6	-0.0106151564	-0.0238591564		0.0026288436	393	-65.4287508
7583500	-1.7971516	9.1706135E-6	-0.0106129858	-0.0238639858		0.0026380142	394	-64.6974576
7583750	-1.7766722	9.0316174E-6	-0.0106109541	-0.0238689541		0.0026470459	395	-63.9601992
7584000	-1.7559366	9.4172194E-6	-0.0106085369	-0.0238735369		0.0026564631	396	-63.2137176
7584250	-1.7354532	8.98678E-6	-0.0106065501	-0.0238785501		0.0026654499	397	-62.4763152
7584500	-1.7156916	8.8612352E-6	-0.0106046889	-0.0238836889		0.0026743111	398	-61.7648976
7584750	-1.6952598	9.2333859E-6	-0.0106024555	-0.0238884555		0.0026835445	399	-61.0293528
7585000	-1.6750558	8.9509101E-6	-0.0106005046	-0.0238935046		0.0026924954	400	-60.3020088
7585250	-1.6548	8.6011781E-6	-0.0105989034	-0.0238989034		0.0027010966	401	-59.5728
7585500	-1.6342168	8.9822963E-6	-0.0105969211	-0.0239039211		0.0027100789	402	-58.8318048
7585750	-1.6135414	8.7894953E-6	-0.0105951316	-0.0239091316		0.0027188684	403	-58.0874904
7586000	-1.5936733	8.7715603E-6	-0.0105933601	-0.0239143601		0.0027276399	404	-57.3722388
7586250	-1.5733819	9.2558046E-6	-0.0105911043	-0.0239191043		0.0027368957	405	-56.6417484
7586500	-1.5530785	8.8253653E-6	-0.0105892789	-0.0239242789		0.0027457211	406	-55.910826
7586750	-1.5327911	9.2692558E-6	-0.0105870097	-0.0239290097		0.0027549903	407	-55.1804796
7587000	-1.5124302	9.0943898E-6	-0.0105849153	-0.0239339153		0.0027640847	408	-54.4474872
7587250	-1.4918434	8.6818855E-6	-0.0105832334	-0.0239392334		0.0027727666	409	-53.7063624
7587500	-1.4722435	8.3321535E-6	-0.0105819012	-0.0239449012		0.0027810988	410	-53.000766
7587750	-1.4515797	8.847784E-6	-0.0105800534	-0.0239500534		0.0027899466	411	-52.2568692
7588000	-1.43109	9.4306706E-6	-0.0105776228	-0.0239546228		0.0027993772	412	-51.51924
7588250	-1.4106882	8.3142185E-6	-0.0105763086	-0.0239603086		0.0028076914	413	-50.7847752
7588500	-1.3904248	9.1302598E-6	-0.0105741783	-0.0239651783		0.0028168217	414	-50.0552928
7588750	-1.3701335	1.00494271E-5	-0.0105711289	-0.0239691289		0.0028268711	415	-49.324806
7589000	-1.3504703	8.672918E-6	-0.010569456	-0.023974456		0.002835544	416	-48.6169308
7589250	-1.3298358	8.4173446E-6	-0.0105680386	-0.0239800386		0.0028439614	417	-47.8740888
7589500	-1.3091577	8.2110925E-6	-0.0105668275	-0.0239858275		0.0028521725	418	-47.1296772
7589750	-1.288783	8.9643613E-6	-0.0105648632	-0.0239908632		0.0028611368	419	-46.396188
7590000	-1.2683473	9.0674874E-6	-0.0105627957	-0.0239957957		0.0028702043	420	-45.6605028
7590250	-1.2480835	8.3859584E-6	-0.0105614097	-0.0240014097		0.0028785903	421	-44.931006
7590500	-1.2278002	9.1212923E-6	-0.0105592884	-0.0240062884		0.0028877116	422	-44.2008072
7590750	-1.2071778	7.2470877E-6	-0.0105590413	-0.0240130413		0.0028949587	423	-43.4584008
7591001	-1.1862328	8.847784E-6	-0.0105571935	-0.0240181935		0.0029038065	424	-42.7043808
7591250	-1.165994	9.4710243E-6	-0.0105547225	-0.0240227225		0.0029132775	425	-41.975784
7591500	-1.1457164	8.9733288E-6	-0.0105527492	-0.0240277492		0.0029222508	426	-41.2457904
7591750	-1.126047	8.4935683E-6	-0.0105512556	-0.0240332556		0.0029307444	427	-40.537692
7592000	-1.1057868	1.02242931E-5	-0.0105480313	-0.0240370313		0.0029409687	428	-39.8083248
7592250	-1.0854949	8.5473732E-6	-0.010546484	-0.024042484		0.002949516	429	-39.0778164
7592500	-1.0650022	9.2064834E-6	-0.0105442775	-0.0240472775		0.0029587225	430	-38.3400792
7592750	-1.044276	8.3052511E-6	-0.0105429722	-0.0240529722		0.0029670278	431	-37.593936
7593000	-1.0237685	9.6234715E-6	-0.0105403487	-0.0240573487		0.0029766513	432	-36.855666
7593250	-1.0038496	9.7669513E-6	-0.0105375818	-0.0240615818		0.0029864182	433	-36.1385856
7593500	-0.9820581701	9.4396381E-6	-0.0105351422	-0.0240661422		0.0029958578	434	-35.3540941236
7593750	-0.9635308295	9.650374E-6	-0.0105324918	-0.0240704918		0.0030055082	435	-34.687109862
7594000	-0.9432844755	9.8655937E-6	-0.0105296262	-0.0240746262		0.0030153738	436	-33.958241118
7594250	-0.9226690358	9.2064834E-6	-0.0105274197	-0.0240794197		0.0030245803	437	-33.2160852888
7594500	-0.90204887	1.08251147E-5	-0.0105235946	-0.0240825946		0.0030354054	438	-32.47375932
7594750	-0.8820447008	9.7490163E-6	-0.0105208456	-0.0240868456		0.0030451544	439	-31.7536092288
7595000	-0.8619351418	9.2782233E-6	-0.0105185674	-0.0240915674		0.0030544326	440	-31.0296651048
7595250	-0.8421785462	8.6146293E-6	-0.0105169527	-0.0240969527		0.0030630473	441	-30.3184276632
7595500	-0.8219329432	8.9240076E-6	-0.0105150287	-0.0241020287		0.0030719713	442	-29.5895859552
7595750	-0.8018317764	9.5741504E-6	-0.0105124546	-0.0241064546		0.0030815454	443	-28.8659439504
7596000	-0.781528973	9.4082519E-6	-0.0105100463	-0.0241110463		0.0030909537	444	-28.135043028
7596250	-0.7608195834	9.8700774E-6	-0.0105071762	-0.0241151762		0.0031008238	445	-27.3895050024
7596500	-0.7403231381	9.6638252E-6	-0.0105045124	-0.0241195124		0.0031104876	446	-26.6516329716
7596750	-0.7207002015	8.1303851E-6	-0.010503382	-0.024125382		0.003118618	447	-25.945207254
7597000	-0.7003057892	7.9465516E-6	-0.0105024355	-0.0241314355		0.0031265645	448	-25.2110084112
7597250	-0.6799547078	8.7222392E-6	-0.0105007132	-0.0241367132		0.0031352868	449	-24.4783694808
7597500	-0.6602433425	8.4038934E-6	-0.0104993093	-0.0241423093		0.0031436907	450	-23.76876033
7597750	-0.6401935898	9.6279553E-6	-0.0104966814	-0.0241466814		0.0031533186	451	-23.0469692328
7598000	-0.6198689222	9.1571623E-6	-0.0104945242	-0.0241515242		0.0031624758	452	-22.3152811992
7598250	-0.5991453982	1.11300092E-5	-0.0104903942	-0.0241543942		0.0031736058	453	-21.5692343352
7598500	-0.5786197564	9.4127356E-6	-0.0104879815	-0.0241589815		0.0031830185	454	-20.8303112304
7598750	-0.5581582055	8.0989989E-6	-0.0104868825	-0.0241648825		0.0031911175	455	-20.093695398
7599000	-0.5384081914	9.1571623E-6	-0.0104847253	-0.0241697253		0.0032002747	456	-19.3826948904
7599250	-0.5182669181	1.03901916E-5	-0.0104813351	-0.0241733351		0.0032106649	457	-18.6576090516
7599500	-0.4980565186	9.4127356E-6	-0.0104789224	-0.0241779224		0.0032200776	458	-17.9300346696
7599750	-0.4777377698	9.6369228E-6	-0.0104762855	-0.0241822855		0.0032297145	459	-17.1985597128
7600000	-0.457154221	1.02018744E-5	-0.0104730836	-0.0241860836		0.0032399164	460	-16.457551956
7600250	-0.436468595	8.9778125E-6	-0.0104711058	-0.0241911058		0.0032488942	461	-15.71286942
7600500	-0.416090614	8.6235968E-6	-0.0104694822	-0.0241964822		0.0032575178	462	-14.979262104
7600750	-0.3957405485	9.6727927E-6	-0.0104668094	-0.0242008094		0.0032671906	463	-14.246659746
7601000	-0.3760577613	9.0495524E-6	-0.0104647598	-0.0242057598		0.0032762402	464	-13.5380794068
7601250	-0.3560093779	1.04081266E-5	-0.0104613517	-0.0242093517		0.0032866483	465	-12.8163376044
7601500	-0.3356481374	9.9238823E-6	-0.0104584278	-0.0242134278		0.0032965722	466	-12.0833329464
7601750	-0.3150061073	9.5741504E-6	-0.0104558537	-0.0242178537		0.0033061463	467	-11.3402198628
7602000	-0.2945116496	1.08520172E-5	-0.0104520017	-0.0242210017		0.0033169983	468	-10.6024193856
7602250	-0.2740359643	9.6189878E-6	-0.0104493827	-0.0242253827		0.0033266173	469	-9.8652947148
7602500	-0.2537187172	1.04081266E-5	-0.0104459745	-0.0242289745		0.0033370255	470	-9.1338738192
7602750	-0.2341032895	9.7310814E-6	-0.0104432435	-0.0242332435		0.0033467565	471	-8.427718422
7603000	-0.2139682443	1.02646468E-5	-0.0104399788	-0.0242369788		0.0033570212	472	-7.7028567948
7603250	-0.1936146452	7.3771162E-6	-0.0104396017	-0.0242436017		0.0033643983	473	-6.9701272272
7603500	-0.173008923	9.0316174E-6	-0.0104375701	-0.0242485701		0.0033734299	474	-6.228321228
7603750	-0.1523106201	9.7221139E-6	-0.010434848	-0.024252848		0.003383152	475	-5.4831823236
7604000	-0.1319338759	9.0630036E-6	-0.010432785	-0.024257785		0.003392215	476	-4.7496195324
7604250	-0.11227843	1.03946754E-5	-0.0104293903	-0.0242613903		0.0034026097	477	-4.04202348
7604500	-0.0904027248	9.5965691E-6	-0.0104267937	-0.0242657937		0.0034122063	478	-3.2544980928
7604750	-0.0718960823	9.8745612E-6	-0.0104239192	-0.0242699192		0.0034220808	479	-2.5882589628
7605000	-0.0515720379	9.4979267E-6	-0.0104214212	-0.0242744212		0.0034315788	480	-1.8565933644
7605250	-0.0309667606	8.8522677E-6	-0.010419569	-0.024279569		0.003440431	481	-1.1148033816
7605500	-0.0103520832	9.9507848E-6	-0.0104166182	-0.0242836182		0.0034503818	482	-0.3726749952
7617750	0.0099363868	7.834458E-6	-0.0104157837	-0.0242897837		0.0034582163	483	0.3577099248
7618000	0.0298322233	7.556466E-6	-0.0104152273	-0.0242962273		0.0034657727	484	1.0739600388
7618250	0.0501097407	7.7716856E-6	-0.0104144556	-0.0243024556		0.0034735444	485	1.8039506652
7618500	0.0702264417	7.8882629E-6	-0.0104135673	-0.0243085673		0.0034814327	486	2.5281519012
7618750	0.0906789674	8.0362265E-6	-0.0104125311	-0.0243145311		0.0034894689	487	3.2644428264
7619000	0.110706754	8.0631289E-6	-0.010411468	-0.024320468		0.003497532	488	3.985443144
7619250	0.1351057314	1.01615207E-5	-0.0104083064	-0.0243243064		0.0035076936	489	4.8638063304
7619500	0.1515078274	1.04978014E-5	-0.0104048086	-0.0243278086		0.0035181914	490	5.4542817864
7619750	0.1718971394	9.9328498E-6	-0.0104018758	-0.0243318758		0.0035281242	491	6.1882970184
7620000	0.1920718275	8.4711496E-6	-0.0104004046	-0.0243374046		0.0035365954	492	6.91458579
7620250	0.2123073383	9.0181662E-6	-0.0103983865	-0.0243423865		0.0035456135	493	7.6430641788
7620500	0.2319941645	8.672918E-6	-0.0103967136	-0.0243477136		0.0035542864	494	8.351789922
7620750	0.2523727431	1.06816349E-5	-0.0103930319	-0.0243510319		0.0035649681	495	9.0854187516
7621000	0.272967094	8.6594668E-6	-0.0103913724	-0.0243563724		0.0035736276	496	9.826815384
7621250	0.2934995622	9.6458903E-6	-0.0103887266	-0.0243607266		0.0035832734	497	10.5659842392
7621500	0.3139217811	1.1134493E-5	-0.0103845921	-0.0243635921		0.0035944079	498	11.3011841196
7621750	0.3341086161	1.12600378E-5	-0.010380332	-0.024366332		0.003605668	499	12.0279101796
7622000	0.3543049477	1.26051607E-5	-0.0103747269	-0.0243677269		0.0036182731	500	12.7549781172
7622250	0.3746461139	1.25020346E-5	-0.0103692248	-0.0243692248		0.0036307752	501	13.4872601004
7622500	0.3942890349	1.23764898E-5	-0.0103638483	-0.0243708483		0.0036431517	502	14.1944052564
7622750	0.4149626716	1.08968546E-5	-0.0103599515	-0.0243739515		0.0036540485	503	14.9386561776
7623000	0.4355093185	1.15963185E-5	-0.0103553552	-0.0243763552		0.0036656448	504	15.678335466
7623250	0.4559006181	1.03812241E-5	-0.0103519739	-0.0243799739		0.0036760261	505	16.4124222516
7623500	0.4760911192	1.00180409E-5	-0.0103489559	-0.0243839559		0.0036860441	506	17.1392802912
7623750	0.4963341389	1.03722566E-5	-0.0103455836	-0.0243875836		0.0036964164	507	17.8680290004
7624000	0.51638621	1.15514811E-5	-0.0103410322	-0.0243900322		0.0037079678	508	18.58990356
7624250	0.5362693737	1.11210417E-5	-0.0103369111	-0.0243929111		0.0037190889	509	19.3056974532
7624500	0.5570340897	1.19729529E-5	-0.0103319382	-0.0243949382		0.0037310618	510	20.0532272292
7624750	0.5775491106	1.29997301E-5	-0.0103259384	-0.0243959384		0.0037440616	511	20.7917679816
7625000	0.5978444722	1.46856175E-5	-0.0103182528	-0.0243952528		0.0037587472	512	21.5224009992
7625250	0.6181398779	1.22419775E-5	-0.0103130108	-0.0243970108		0.0037709892	513	22.2530356044
7625500	0.6383636393	1.47349387E-5	-0.0103052759	-0.0243962759		0.0037857241	514	22.9810910148
7625750	0.6588618313	1.59231306E-5	-0.0102963528	-0.0243943528		0.0038016472	515	23.7190259268
7626000	0.6793491574	1.50712194E-5	-0.0102882816	-0.0243932816		0.0038167184	516	24.4565696664
7626250	0.6991132376	1.54926913E-5	-0.0102797889	-0.0243917889		0.0038322111	517	25.1680765536
7626500	0.719558646	1.6142834E-5	-0.010270646	-0.024389646		0.003848354	518	25.904111256
7626750	0.7399302015	1.46093939E-5	-0.0102630366	-0.0243890366		0.0038629634	519	26.637487254
7627000	0.7601792283	1.68961029E-5	-0.0102531405	-0.0243861405		0.0038798595	520	27.3664522188
7627250	0.7803225997	1.77435303E-5	-0.010242397	-0.024382397		0.003897603	521	28.0916135892
7627500	0.8002020971	1.58782932E-5	-0.0102335187	-0.0243805187		0.0039134813	522	28.8072754956
7627750	0.8204209556	1.75507294E-5	-0.010222968	-0.024376968		0.003931032	523	29.5351544016
7628000	0.8409861541	1.48111623E-5	-0.0102151568	-0.0243761568		0.0039458432	524	30.2755015476
7628250	0.8615525451	1.54613051E-5	-0.0102066955	-0.0243746955		0.0039613045	525	31.0158916236
7628500	0.8819275459	1.34122345E-5	-0.0102002833	-0.0243752833		0.0039747167	526	31.7493916524
7628750	0.9022143826	1.42641457E-5	-0.0101930191	-0.0243750191		0.0039889809	527	32.4797177736
7629000	0.9220303189	1.01256508E-5	-0.0101898935	-0.0243788935		0.0039991065	528	33.1930914804
7629250	0.9428860259	1.25917095E-5	-0.0101843018	-0.0243803018		0.0040116982	529	33.9438969324
7629500	0.963540316	1.4887386E-5	-0.0101764144	-0.0243794144		0.0040265856	530	34.687451376
7629750	0.9840547626	1.15963185E-5	-0.0101718181	-0.0243818181		0.0040381819	531	35.4259714536
7630000	1.0037035	1.25244533E-5	-0.0101662936	-0.0243832936		0.0040507064	532	36.133326
7630250	1.0240646	1.29459252E-5	-0.0101603477	-0.0243843477		0.0040636523	533	36.8663256
7630500	1.0442865	1.64432448E-5	-0.0101509044	-0.0243819044		0.0040800956	534	37.594314
7630750	1.0645799	1.85506041E-5	-0.0101393538	-0.0243773538		0.0040986462	535	38.3248764
7631000	1.0840889	1.86806327E-5	-0.0101276732	-0.0243726732		0.0041173268	536	39.0272004
7631250	1.1045769	1.88196287E-5	-0.0101158536	-0.0243678536		0.0041361464	537	39.7647684
7631500	1.1252909	1.80932623E-5	-0.0101047603	-0.0243637603		0.0041542397	538	40.5104724
7631750	1.1457653	2.14515859E-5	-0.0100903087	-0.0243563087		0.0041756913	539	41.2475508
7632000	1.1661306	2.74642854E-5	-0.0100698444	-0.0243428444		0.0042031556	540	41.9807016
7632250	1.1864146	2.67648215E-5	-0.0100500796	-0.0243300796		0.0042299204	541	42.7109256
7632500	1.2111565	2.95626772E-5	-0.010027517	-0.024314517		0.004259483	542	43.601634
7632750	1.2273042	3.07643204E-5	-0.0100037526	-0.0242977526		0.0042902474	543	44.1829512
7633000	1.2473542	3.98752864E-5	-0.0099708773	-0.0242718773		0.0043301227	544	44.9047512
7633250	1.2677472	2.56169833E-5	-0.0099522604	-0.0242602604		0.0043557396	545	45.6388992
7633500	1.2881956	2.9688222E-5	-0.0099295721	-0.0242445721		0.0043854279	546	46.3750416
7633750	1.308463	2.66661792E-5	-0.009909906	-0.024231906		0.004412094	547	47.104668
7634000	1.3287233	4.74617798E-5	-0.0098694442	-0.0241984442		0.0044595558	548	47.8340388
7634250	1.3490496	5.72587585E-5	-0.0098191854	-0.0241551854		0.0045168146	549	48.5657856
7634500	1.3696614	7.04140608E-5	-0.0097557714	-0.0240987714		0.0045872286	550	49.3078104
7634750	1.3894312	6.21908759E-5	-0.0097005805	-0.0240505805		0.0046494195	551	50.0195232
7635000	1.4098176	5.3864565E-5	-0.0096537159	-0.0240107159		0.0047032841	552	50.7534336
7635250	1.4303808	6.85891774E-5	-0.0095921267	-0.0239561267		0.0047718733	553	51.4937088
7635500	1.4507236	4.47311802E-5	-0.0095543956	-0.0239253956		0.0048166044	554	52.2260496
7635750	1.4706301	4.20319669E-5	-0.0095193636	-0.0238973636		0.0048586364	555	52.9426836
7636000	1.4905884	3.98349327E-5	-0.0094865287	-0.0238715287		0.0048984713	556	53.6611824
7636250	1.5108558	5.30171375E-5	-0.0094405115	-0.0238325115		0.0049514885	557	54.3908088
7636500	1.5314872	5.21203889E-5	-0.0093953911	-0.0237943911		0.0050036089	558	55.1335392
7636750	1.5520982	5.45371264E-5	-0.009347854	-0.023753854		0.005058146	559	55.8755352
7637000	1.5725755	4.41213912E-5	-0.0093107326	-0.0237237326		0.0051022674	560	56.612718
7637250	1.5921862	6.19666888E-5	-0.0092557659	-0.0236757659		0.0051642341	561	57.3187032
7637500	1.6124153	5.77161003E-5	-0.0092050498	-0.0236320498		0.0052219502	562	58.0469508
7637750	1.6326279	9.89530858E-5	-0.0091130967	-0.0235470967		0.0053209033	563	58.7746044
7638000	1.6529119	9.45321151E-5	-0.0090255646	-0.0234665646		0.0054154354	564	59.5048284
7638250	1.6734529	1.039569432E-4	-0.0089286077	-0.0233766077		0.0055193923	565	60.2443044
7638500	1.6941609	1.145071907E-4	-0.0088211005	-0.0232761005		0.0056338995	566	60.9897924
7638750	1.7145794	1.150631749E-4	-0.0087130373	-0.0231750373		0.0057489627	567	61.7248584
7639000	1.7342044	1.256492924E-4	-0.008594388	-0.023063388		0.005874612	568	62.4313584
7639250	1.7545943	1.333254606E-4	-0.0084680626	-0.0229440626		0.0060079374	569	63.1653948
7639500	1.774852	1.765756468E-4	-0.0082984869	-0.0227814869		0.0061845131	570	63.894672
7639750	1.7950802	2.284346198E-4	-0.0080770523	-0.0225670523		0.0064129477	571	64.6228872
7640000	1.815713	2.948029856E-4	-0.0077892493	-0.0222862493		0.0067077507	572	65.365668
7640250	1.836438	3.334573351E-4	-0.007462792	-0.021966792		0.007041208	573	66.111768
7640500	1.8568449	3.89472738E-4	-0.0070803192	-0.0215913192		0.0074306808	574	66.8464164
7640750	1.8767612	4.615175225E-4	-0.0066258017	-0.0211438017		0.0078921983	575	67.5634032
7641000	1.896846	6.029796181E-4	-0.0060298221	-0.0205548221		0.0084951779	576	68.286456
7641250	1.9170132	7.527276711E-4	-0.0052840944	-0.0198160944		0.0092479056	577	69.0124752
7641500	1.9373581	9.55469084E-4	-0.0043356253	-0.0188746253		0.0102033747	578	69.7448916
7641750	1.9580292	0.0010671053	-0.00327552	-0.01782152		0.01127048	579	70.4890512
7642000	1.9786295	0.0012345597	-0.0020479603	-0.0166009603		0.0125050397	580	71.230662
7642250	1.9991838	0.0013672695	-6.876908E-4	-0.0152476908		0.0138723092	581	71.9706168
7642500	2.0194339	0.0014974774	8.02786599999999E-4	-0.0137642134		0.0153697866	582	72.6996204
7642750	2.0396505	0.0015377863	0.0023335728	-0.0122404272		0.0169075728	583	73.427418
7643000	2.0599781	0.0015984334	0.0039250062	-0.0106559938		0.0185060062	584	74.1592116
7643250	2.0805579	0.0015332935	0.0054512997	-0.0091367003		0.0200392997	585	74.9000844
7643500	2.1002528	0.0015900802	0.0070343799	-0.0075606201		0.0216293799	586	75.6091008
7643750	2.1209141	0.001503943	0.0085313228	-0.0060706772		0.0231333228	587	76.3529076
7644000	2.1412991	0.0012660356	0.0097903584	-0.0048186416		0.0243993584	588	77.0867676
7644250	2.1616811	5.850805156E-4	0.0103684389	-0.0042475611		0.0249844389	589	77.8205196
7644500	2.1815658	2.006578312E-4	0.0105620967	-0.0040609033		0.0251850967	590	78.5363688
7644750	2.2016617	1.494265822E-4	0.0107045233	-0.0039254767		0.0253345233	591	79.2598212
7645000	2.2220637	1.473954466E-4	0.0108449188	-0.0037920812		0.0254819188	592	79.9942932
7645250	2.2425722	1.453508597E-4	0.0109832696	-0.0036607304		0.0256272696	593	80.7325992
7645500	2.263233	1.382799968E-4	0.0111145496	-0.0035364504		0.0257655496	594	81.476388
7645750	2.2837517	1.259138333E-4	0.0112334635	-0.0034245365		0.0258914635	595	82.2150612
7646000	2.3040579	1.168163185E-4	0.0113432798	-0.0033217202		0.0260082798	596	82.9460844
7646250	2.3237382	1.130723929E-4	0.0114493522	-0.0032226478		0.0261213522	597	83.6545752
7646500	2.3439704	1.181659251E-4	0.0115605181	-0.0031184819		0.0262395181	598	84.3829344
7646750	2.3642374	1.290838396E-4	0.0116826019	-0.0030033981		0.0263686019	599	85.1125464
7647000	2.3849187	1.32307651E-4	0.0118079096	-0.0028850904		0.0265009096	600	85.8570732
7647250	2.4055729	1.234432908E-4	0.0119243529	-0.0027756471		0.0266243529	601	86.6006244
7647500	2.426002	1.105704643E-4	0.0120279233	-0.0026790767		0.0267349233	602	87.336072
7647750	2.4456288	5.57208346E-5	0.0120766442	-0.0026373558		0.0267906442	603	88.0426368
7648000	2.4392939	-1.555722195E-7	0.0120694886	-0.0026515114		0.0267904886	604	87.8145804
7648250	2.419455	-7.02228837E-5	0.0119922657	-0.0027357343		0.0267202657	605	87.10038
7648500	2.39918	-9.60177994E-5	0.0118892479	-0.0028457521		0.0266242479	606	86.37048
7648750	2.3785998	-8.58935303E-5	0.0117963544	-0.0029456456		0.0265383544	607	85.6295928
7649000	2.3581751	-9.16909971E-5	0.0116976634	-0.0030513366		0.0264466634	608	84.8943036
7649250	2.3374319	-8.16564027E-5	0.011609007	-0.003146993		0.026365007	609	84.1475484
7649500	2.3177133	-8.11362897E-5	0.0115208707	-0.0032421293		0.0262838707	610	83.4376788
7649750	2.2974534	-7.61010576E-5	0.0114377696	-0.0033322304		0.0262077696	611	82.7083224
7650000	2.277292	-8.07641398E-5	0.0113500055	-0.0034269945		0.0261270055	612	81.982512
7650250	2.2569297	-8.71982966E-5	0.0112558072	-0.0035281928		0.0260398072	613	81.2494692
7650500	2.2362003	-8.63329362E-5	0.0111624743	-0.0036285257		0.0259534743	614	80.5032108
7650750	2.2155867	-8.14411835E-5	0.0110740331	-0.0037239669		0.0258720331	615	79.7611212
7651000	2.1951303	-7.49487382E-5	0.0109920843	-0.0038129157		0.0257970843	616	79.0246908
7651250	2.1753855	-7.152765E-5	0.0109135567	-0.0038984433		0.0257255567	617	78.313878
7651500	2.1552348	-6.76940583E-5	0.0108388626	-0.0039801374		0.0256578626	618	77.5884528
7651750	2.1349976	-6.63803245E-5	0.0107654823	-0.0040605177		0.0255914823	619	76.8599136
7652000	2.1145636	-6.49500137E-5	0.0106935323	-0.0041394677		0.0255265323	620	76.1242896
7652250	2.0940743	-6.04931832E-5	0.0106260391	-0.0042139609		0.0254660391	621	75.3866748
7652500	2.0733653	-5.33416291E-5	0.0105656975	-0.0042813025		0.0254126975	622	74.6411508
7652750	2.0528902	-4.49884346E-5	0.010513709	-0.004340291		0.025367709	623	73.9040472
7653000	2.0332412	-3.51376733E-5	0.0104715714	-0.0043894286		0.0253325714	624	73.1966832
7653250	2.0128949	-2.28925986E-5	0.0104416788	-0.0044263212		0.0253096788	625	72.4642164
7653500	1.9926952	-1.33736335E-5	0.0104213051	-0.0044536949		0.0252963051	626	71.7370272
7653750	1.9724211	-3.3031599E-6	0.010411002	-0.004470998		0.025293002	627	71.0071596
7654000	1.9516462	1.403548269E-7	0.0104041423	-0.0044848577		0.0252931423	628	70.2592632
7654250	1.9310054	1.6827625E-6	0.0103988251	-0.0044971749		0.0252948251	629	69.5161944
7654500	1.9114757	2.2208116E-6	0.0103940459	-0.0045089541		0.0252970459	630	68.8131252
7654750	1.890953	2.1759742E-6	0.0103892219	-0.0045207781		0.0252992219	631	68.074308
7655000	1.8706308	3.0144342E-6	0.0103852363	-0.0045317637		0.0253022363	632	67.3427088
7655250	1.8504048	4.7855127E-6	0.0103830218	-0.0045409782		0.0253070218	633	66.6145728
7655500	1.8300068	4.3999108E-6	0.0103804217	-0.0045505783		0.0253114217	634	65.8802448
7655750	1.8090265	4.0681138E-6	0.0103774899	-0.0045605101		0.0253154899	635	65.124954
7656000	1.7887395	5.0007324E-6	0.0103754906	-0.0045695094		0.0253204906	636	64.394622
7656250	1.7682346	5.547749E-6	0.0103740383	-0.0045779617		0.0253260383	637	63.6564456
7656500	1.7485111	3.785638E-6	0.010370824	-0.00458817600000001		0.025329824	638	62.9463996
7656750	1.7283716	4.6465167E-6	0.0103684705	-0.00459752950000001		0.0253344705	639	62.2213776
7657000	1.708113	4.8527689E-6	0.0103663233	-0.0046066767		0.0253393233	640	61.492068
7657250	1.6876616	5.1531796E-6	0.0103644764	-0.0046155236		0.0253444764	641	60.7558176
7657500	1.667113	5.6239727E-6	0.0103631004	-0.0046238996		0.0253501004	642	60.016068
7657750	1.6464406	5.3370131E-6	0.0103614374	-0.0046325626		0.0253554374	643	59.2718616
7658000	1.6260016	4.4043945E-6	0.0103588418	-0.0046421582		0.0253598418	644	58.5360576
7658250	1.6063245	4.9065738E-6	0.0103567484	-0.0046512516		0.0253647484	645	57.827682
7658500	1.5861449	5.0052161E-6	0.0103547536	-0.0046602464		0.0253697536	646	57.1012164
7658750	1.5659581	5.4715254E-6	0.0103532251	-0.0046687749		0.0253752251	647	56.3744916
7659000	1.545508	4.5433906E-6	0.0103507685	-0.0046782315		0.0253797685	648	55.638288
7659250	1.5248248	4.9558949E-6	0.0103487244	-0.0046872756		0.0253847244	649	54.8936928
7659500	1.5045307	5.6060377E-6	0.0103473305	-0.0046956695		0.0253903305	650	54.1631052
7659750	1.4845399	4.6196142E-6	0.0103449501	-0.0047050499		0.0253949501	651	53.4434364
7660000	1.4642497	4.2878172E-6	0.0103422379	-0.0047147621		0.0253992379	652	52.7129892
7660250	1.4444653	5.0007324E-6	0.0103402386	-0.0047237614		0.0254042386	653	52.0007508
7660500	1.4242468	5.2428545E-6	0.0103384815	-0.0047325185		0.0254094815	654	51.2728848
7660750	1.40404	5.1307609E-6	0.0103366122	-0.0047413878		0.0254146122	655	50.54544
7661000	1.3838804	3.5659346E-6	0.0103331782	-0.0047518218		0.0254181782	656	49.8196944
7661250	1.3640339	4.5747768E-6	0.010330753	-0.004761247		0.025422753	657	49.1052204
7661500	1.3433486	4.6375492E-6	0.0103283905	-0.0047706095		0.0254273905	658	48.3605496
7661750	1.3227105	4.745159E-6	0.0103261357	-0.0047798643		0.0254321357	659	47.617578
7662000	1.3023067	4.1264025E-6	0.0103232621	-0.0047897379		0.0254362621	660	46.8830412
7662250	1.2819979	4.2833335E-6	0.0103205454	-0.0047994546		0.0254405454	661	46.1519244
7662500	1.2617629	3.8887641E-6	0.0103174342	-0.0048095658		0.0254444342	662	45.4234644
7662750	1.2413133	4.6465167E-6	0.0103150807	-0.0048189193		0.0254490807	663	44.6872788
7663000	1.2207612	6.0588958E-6	0.0103141396	-0.0048268604		0.0254551396	664	43.9474032
7663250	1.2001279	5.1666309E-6	0.0103123062	-0.0048356938		0.0254603062	665	43.2046044
7663500	1.1799193	6.1216682E-6	0.0103114279	-0.0048435721		0.0254664279	666	42.4770948
7663750	1.1600047	4.7137728E-6	0.0103091416	-0.0048528584		0.0254711416	667	41.7601692
7664000	1.1398398	5.8840298E-6	0.0103080257	-0.0048609743		0.0254770257	668	41.0342328
7664250	1.1196436	4.7944802E-6	0.0103058202	-0.0048701798		0.0254818202	669	40.3071696
7664500	1.0993223	4.8079314E-6	0.0103036281	-0.0048793719		0.0254866281	670	39.5756028
7664750	1.0785576	5.8929973E-6	0.0103025211	-0.0048874789		0.0254925211	671	38.8280736
7665000	1.0579819	5.0096999E-6	0.0103005308	-0.0048964692		0.0254975308	672	38.0873484
7665250	1.03755	3.6914794E-6	0.0102972223	-0.0049067777		0.0255012223	673	37.3518
7665500	1.017811	4.6554842E-6	0.0102948777	-0.0049161223		0.0255058777	674	36.641196
7665750	0.9956162269	5.0500535E-6	0.0102929278	-0.0049250722		0.0255109278	675	35.8421841684
7666000	0.9773198399	3.9291178E-6	0.0102898569	-0.0049351431		0.0255148569	676	35.1835142364
7666250	0.956844219	3.942569E-6	0.0102867995	-0.0049452005		0.0255187995	677	34.446391884
7666500	0.9361200514	3.0144342E-6	0.0102828139	-0.0049561861		0.0255218139	678	33.7003218504
7666750	0.9156319744	5.0007324E-6	0.0102808147	-0.0049651853		0.0255268147	679	32.9627510784
7667000	0.8952203123	4.6958378E-6	0.0102785105	-0.0049744895		0.0255315105	680	32.2279312428
7667250	0.8755987698	4.2609148E-6	0.0102757714	-0.0049842286		0.0255357714	681	31.5215557128
7667500	0.8553666602	3.924634E-6	0.010272696	-0.004994304		0.025539696	682	30.7931997672
7667750	0.8352457716	3.4672922E-6	0.0102691633	-0.0050048367		0.0255431633	683	30.0688477776
7668000	0.8148242152	4.0501788E-6	0.0102662135	-0.0050147865		0.0255472135	684	29.3336717472
7668250	0.7950751087	4.6330654E-6	0.0102638466	-0.0050241534		0.0255518466	685	28.6227039132
7668500	0.7744627363	5.4177205E-6	0.0102622643	-0.0050327357		0.0255572643	686	27.8806585068
7668750	0.7541041669	4.6151305E-6	0.0102598794	-0.0050421206		0.0255618794	687	27.1477500084
7669000	0.7336531489	4.763094E-6	0.0102576425	-0.0050513575		0.0255666425	688	26.4115133604
7669250	0.7134901218	4.763094E-6	0.0102554056	-0.0050605944		0.0255714056	689	25.6856443848
7669500	0.6932624292	4.0008577E-6	0.0102524065	-0.0050705935		0.0255754065	690	24.9574474512
7669750	0.6734822268	3.7318331E-6	0.0102491383	-0.0050808617		0.0255791383	691	24.2453601648
7670000	0.6532968494	4.3685246E-6	0.0102465068	-0.0050904932		0.0255835068	692	23.5186865784
7670250	0.632567558	3.9694715E-6	0.0102434763	-0.0051005237		0.0255874763	693	22.772432088
7670500	0.6120471042	4.781029E-6	0.0102412573	-0.0051097427		0.0255922573	694	22.0336957512
7670750	0.5916612375	4.9065738E-6	0.0102391639	-0.00511883610000001		0.0255971639	695	21.29980455
7671000	0.5713550983	6.2875667E-6	0.0102384515	-0.0051265485		0.0256034515	696	20.5687835388
7671250	0.5512544398	6.3503391E-6	0.0102378018	-0.0051341982		0.0256098018	697	19.8451598328
7671500	0.5307799231	6.2158268E-6	0.0102370176	-0.0051419824		0.0256160176	698	19.1080772316
7671750	0.5107118623	4.117435E-6	0.0102341351	-0.0051518649		0.0256201351	699	18.3856270428
7672000	0.4905620863	4.4581995E-6	0.0102315933	-0.0051614067		0.0256245933	700	17.6602351068
7672250	0.4699875237	5.3370131E-6	0.0102299303	-0.0051700697		0.0256299303	701	16.9195508532
7672500	0.4496014804	4.5927118E-6	0.010227523	-0.005179477		0.025634523	702	16.1856532944
7672750	0.429477279	4.4940694E-6	0.0102250171	-0.0051889829		0.0256390171	703	15.461182044
7673000	0.4092232609	2.8799219E-6	0.010220897	-0.005200103		0.025641897	704	14.7320373924
7673250	0.3892718098	4.4940694E-6	0.0102183911	-0.0052096089		0.0256463911	705	14.0137851528
7673500	0.3688728245	3.2296538E-6	0.0102146207	-0.0052203793		0.0256496207	706	13.279421682
7673750	0.3485279921	3.4000361E-6	0.0102110207	-0.0052309793		0.0256530207	707	12.5470077156
7674000	0.3280268408	2.2701328E-6	0.0102062909	-0.0052427091		0.0256552909	708	11.8089662688
7674250	0.3076760453	3.4224548E-6	0.0102027133	-0.0052532867		0.0256587133	709	11.0763376308
7674500	0.2874900054	2.9023406E-6	0.0101986157	-0.0052643843		0.0256616157	710	10.3496401944
7674750	0.2672735763	4.7855127E-6	0.0101964012	-0.0052735988		0.0256664012	711	9.6218487468
7675000	0.2468029025	4.6465167E-6	0.0101940477	-0.0052829523		0.0256710477	712	8.88490449
7675250	0.2261168981	3.4897109E-6	0.0101905374	-0.0052934626		0.0256745374	713	8.1402083316
7675500	0.2057096087	3.3686499E-6	0.0101869061	-0.0053040939		0.0256779061	714	7.4055459132
7675750	0.1853157914	2.0011082E-6	0.0101819072	-0.0053160928		0.0256799072	715	6.6713684904
7676000	0.1650301914	2.8664706E-6	0.0101777736	-0.0053272264		0.0256827736	716	5.9410868904
7676250	0.1453133293	2.2656491E-6	0.0101730393	-0.0053389607		0.0256850393	717	5.2312798548
7676500	0.1253147485	5.6867451E-6	0.010171726	-0.005347274		0.025690726	718	4.511330946
7676750	0.1047577658	6.5700425E-6	0.0101712961	-0.0053547039		0.0256972961	719	3.7712795688
7677000	0.0823183931	6.1754731E-6	0.0101704716	-0.0053625284		0.0257034716	720	2.9634621516
7677250	0.0636287785	5.9557697E-6	0.0101694273	-0.0053705727		0.0257094273	721	2.290636026
7677500	0.043844751	7.5340472E-6	0.0101699614	-0.0053770386		0.0257169614	722	1.578411036
7677750	0.0237863861	5.408753E-6	0.0101683701	-0.0053856299		0.0257223701	723	0.8563098996
7678000	0.0035991195	6.368274E-6	0.0101677384	-0.0053932616		0.0257287384	724	0.129568302
7693750	-0.0188491738	6.0857982E-6	0.0101668242	-0.0054011758		0.0257348242	725	-0.6785702568
7694000	-0.0392148682	4.6330654E-6	0.0101644573	-0.0054105427		0.0257394573	726	-1.4117352552
7694250	-0.0588947296	6.1575381E-6	0.0101636148	-0.0054183852		0.0257456148	727	-2.1202102656
7694500	-0.0786666248	5.9781884E-6	0.010162593	-0.005426407		0.025751593	728	-2.8319984928
7694750	-0.0986470465	6.5341725E-6	0.0101621272	-0.0054338728		0.0257581272	729	-3.551293674
7695000	-0.1188833214	7.0184168E-6	0.0101621456	-0.0054408544		0.0257651456	730	-4.2797995704
7695250	-0.1434153288	5.1576634E-6	0.0101603032	-0.0054496968		0.0257703032	731	-5.1629518368
7695500	-0.1596187018	4.3371384E-6	0.0101576404	-0.0054593596		0.0257746404	732	-5.7462732648
7695750	-0.1803073755	4.4537157E-6	0.0101550941	-0.0054689059		0.0257790941	733	-6.491065518
7696000	-0.2006339425	6.229278E-6	0.0101543234	-0.0054766766		0.0257853234	734	-7.22282193
7696250	-0.2203375338	6.0095746E-6	0.0101533329	-0.0054846671		0.0257913329	735	-7.9321512168
7696500	-0.2405848154	5.5791352E-6	0.0101519121	-0.0054930879		0.0257969121	736	-8.6610533544
7696750	-0.2600660984	2.7633446E-6	0.0101476754	-0.0055043246		0.0257996754	737	-9.3623795424
7697000	-0.2802784856	6.335665707E-7	0.010141309	-0.005517691		0.025800309	738	-10.0900254816
7697250	-0.3005177282	9.294936171E-7	0.0101352385	-0.0055307615		0.0258012385	739	-10.8186382152
7697500	-0.3211404559	1.3464817E-6	0.010129585	-0.005543415		0.025802585	740	-11.5610564124
7697750	-0.3417352681	2.703833775E-7	0.0101228554	-0.0055571446		0.0258028554	741	-12.3024696516
7698000	-0.3620284424	2.5705436E-6	0.0101184259	-0.0055685741		0.0258054259	742	-13.0330239264
7698250	-0.3817404703	2.3284215E-6	0.0101137543	-0.0055802457		0.0258077543	743	-13.7426569308
7698500	-0.4019733524	4.6913541E-6	0.0101114457	-0.0055895543		0.0258124457	744	-14.4710406864
7698750	-0.4220559235	3.3013937E-6	0.0101077471	-0.0056002529		0.0258157471	745	-15.194013246
7699000	-0.4423756882	4.9155413E-6	0.0101056626	-0.0056093374		0.0258206626	746	-15.9255247752
7699250	-0.4629955007	3.5255809E-6	0.0101021882	-0.0056198118		0.0258241882	747	-16.6678380252
7699500	-0.4825689669	1.8083073E-6	0.0100969965	-0.0056320035		0.0258259965	748	-17.3724828084
7699750	-0.5030978772	2.4719013E-6	0.0100924684	-0.0056435316		0.0258284684	749	-18.1115235792
7700000	-0.5235711774	2.4853525E-6	0.0100879537	-0.0056550463		0.0258309537	750	-18.8485623864
7700250	-0.5438455794	1.5258315E-6	0.0100824796	-0.0056675204		0.0258324796	751	-19.5784408584
7700500	-0.5639796087	3.27449918E-8	0.0100755123	-0.0056814877		0.0258325123	752	-20.3032659132
7700750	-0.5843208402	1.358710837E-7	0.0100686482	-0.0056953518		0.0258326482	753	-21.0355502472
7701000	-0.6049796991	2.2208116E-6	0.010063869	-0.005707131		0.025834869	754	-21.7792691676
7701250	-0.6254577696	1.9607545E-6	0.0100588298	-0.0057191702		0.0258368298	755	-22.5164797056
7701500	-0.6458821292	2.9740805E-6	0.0100548038	-0.0057301962		0.0258398038	756	-23.2517566512
7701750	-0.6655826287	-1.2047681E-6	0.0100465991	-0.0057454009		0.0258385991	757	-23.9609746332
7702000	-0.685712771	2.82612487E-8	0.0100396273	-0.0057593727		0.0258386273	758	-24.685659756
7702250	-0.7058742742	3.4807435E-6	0.0100361081	-0.0057698919		0.0258421081	759	-25.4114738712
7702500	-0.7261674043	4.048956713E-7	0.010029513	-0.005783487		0.025842513	760	-26.1420265548
7702750	-0.7468461398	-1.4289553E-6	0.010021084	-0.005798916		0.025841084	761	-26.8864610328
7703000	-0.7673051288	-5.815278164E-7	0.0100135025	-0.0058134975		0.0258405025	762	-27.6229846368
7703250	-0.7876764843	-1.6038212E-6	0.0100048987	-0.0058291013		0.0258388987	763	-28.3563534348
7703500	-0.8073940776	-3.1596801E-6	0.009994739	-0.005846261		0.025835739	764	-29.0661867936
7703750	-0.8274693165	-5.2087507E-6	0.0099825302	-0.0058654698		0.0258305302	765	-29.788895394
7704000	-0.8476454841	-4.6168966E-6	0.0099709133	-0.0058840867		0.0258259133	766	-30.5152374276
7704250	-0.868039543	-3.4197372E-6	0.0099604936	-0.0059015064		0.0258224936	767	-31.249423548
7704500	-0.8885614745	-2.497308251E-7	0.0099532439	-0.0059157561		0.0258222439	768	-31.988213082
7704750	-0.9091453325	8.801724427E-7	0.009947124	-0.005928876		0.025823124	769	-32.72923197
7705000	-0.929642617	1.2343881E-6	0.0099413584	-0.0059416416		0.0258243584	770	-33.467134212
7705250	-0.9492422319	8.129162958E-7	0.0099351714	-0.0059548286		0.0258251714	771	-34.1727203484
7705500	-0.9688171556	1.5886039E-6	0.00992976	-0.00596724		0.02582676	772	-34.8774176016
7705750	-0.9890626262	-7.160401102E-7	0.0099220439	-0.0059819561		0.0258260439	773	-35.6062545432
7706000	-1.0091773	-4.0878149E-6	0.0099109561	-0.0060000439		0.0258219561	774	-36.3303828
7706250	-1.0295799	-2.0073581E-6	0.0099019487	-0.0060160513		0.0258199487	775	-37.0648764
7706500	-1.0501918	-3.5407983E-6	0.0098914079	-0.0060335921		0.0258164079	776	-37.8069048
7706750	-1.0707644	-3.3793835E-6	0.0098810286	-0.0060509714		0.0258130286	777	-38.5475184
7707000	-1.0911355	-5.8544097E-6	0.0098681742	-0.0060708258		0.0258071742	778	-39.280878
7707250	-1.1108131	-4.4061607E-6	0.009856768	-0.006089232		0.025802768	779	-39.9892716
7707500	-1.1309723	-4.6168966E-6	0.0098451511	-0.0061078489		0.0257981511	780	-40.7150028
7707750	-1.1511704	-1.04188535E-5	0.0098277322	-0.0061322678		0.0257877322	781	-41.4421344
7708000	-1.1715574	-1.09210316E-5	0.0098098112	-0.0061571888		0.0257768112	782	-42.1760664
7708250	-1.1922328	-1.4171738E-5	0.0097886395	-0.0061853605		0.0257626395	783	-42.9203808
7708500	-1.2168492	-2.11349753E-5	0.0097605045	-0.0062204955		0.0257415045	784	-43.8065712
7708750	-1.2331687	-2.77036441E-5	0.0097258009	-0.0062621991		0.0257138009	785	-44.3940732
7709000	-1.2528671	-2.5354168E-5	0.0096934467	-0.0063015533		0.0256884467	786	-45.1032156
7709250	-1.2730805	-2.66230644E-5	0.0096598236	-0.0063421764		0.0256618236	787	-45.830898
7709500	-1.2931665	-2.79323144E-5	0.0096248913	-0.0063841087		0.0256338913	788	-46.553994
7709750	-1.3135947	-2.41166577E-5	0.0095937746	-0.0064222254		0.0256097746	789	-47.2894092
7710000	-1.3338193	-3.80520997E-5	0.0095487225	-0.0064742775		0.0255717225	790	-48.0174948
7710250	-1.3538678	-3.49179704E-5	0.0095068046	-0.0065231954		0.0255368046	791	-48.7392408
7710500	-1.374439	-4.57551529E-5	0.0094540494	-0.0065829506		0.0254910494	792	-49.479804
7710750	-1.3948516	-2.75601646E-5	0.0094194893	-0.0066245107		0.0254634893	793	-50.2146576
7711000	-1.4144889	-3.83300912E-5	0.0093741592	-0.0066768408		0.0254251592	794	-50.9216004
7711250	-1.4341125	-3.46041091E-5	0.0093325551	-0.0067254449		0.0253905551	795	-51.62805
7711500	-1.4542916	-5.53010204E-5	0.009270254	-0.006794746		0.025335254	796	-52.3544976
7711750	-1.4745041	-4.90013756E-5	0.0092142527	-0.0068577473		0.0252862527	797	-53.0821476
7712000	-1.4948383	-3.4420276E-5	0.0091728324	-0.0069061676		0.0252518324	798	-53.8141788
7712250	-1.5155106	-3.16403616E-5	0.009134192	-0.006951808		0.025220192	799	-54.5583816
7712500	-1.5360639	-2.98648033E-5	0.0090973272	-0.0069956728		0.0251903272	800	-55.2983004
7712750	-1.5558603	-4.26030887E-5	0.0090477241	-0.0070522759		0.0251477241	801	-56.0109708
7713000	-1.5759713	-4.32397787E-5	0.0089974844	-0.0071095156		0.0251044844	802	-56.7349668
7713250	-1.5962346	-5.30770888E-5	0.0089374073	-0.0071765927		0.0250514073	803	-57.4644456
7713500	-1.616403	-6.12240316E-5	0.0088691832	-0.0072518168		0.0249901832	804	-58.190508
7713750	-1.6367706	-9.86542343E-5	0.008763529	-0.007364471		0.024891529	805	-58.9237416
7714000	-1.6571408	-9.90039655E-5	0.008657525	-0.007477475		0.024792525	806	-59.6570688
7714250	-1.6772233	-9.99903868E-5	0.0085505346	-0.0075914654		0.0246925346	807	-60.3800388
7714500	-1.6975512	-1.354118771E-4	0.0084081228	-0.0077408772		0.0245571228	808	-61.1118432
7714750	-1.7179891	-1.417832616E-4	0.0082593395	-0.0078966605		0.0244153395	809	-61.8476076
7715000	-1.7382591	-1.379362188E-4	0.0081144033	-0.0080485967		0.0242774033	810	-62.5773276
7715250	-1.7583558	-1.698245275E-4	0.0079375788	-0.0082324212		0.0241075788	811	-63.3008088
7715500	-1.7784396	-2.006008705E-4	0.0077299779	-0.0084470221		0.0239069779	812	-64.0238256
7715750	-1.7985416	-2.72824841E-4	0.0074501531	-0.0087338469		0.0236341531	813	-64.7474976
7716000	-1.8190446	-3.169716757E-4	0.0071261814	-0.00906481860000001		0.0233171814	814	-65.4856056
7716250	-1.8396826	-4.168154411E-4	0.0067023659	-0.0094956341		0.0229003659	815	-66.2285736
7716500	-1.8600841	-4.43412945E-4	0.006251953	-0.009953047		0.022456953	816	-66.9630276
7716750	-1.8803425	-5.353339543E-4	0.005709619	-0.010502381		0.021921619	817	-67.69233
7717000	-1.9004975	-6.671691544E-4	0.0050354499	-0.0111835501		0.0212544499	818	-68.41791
7717250	-1.9209395	-8.262609671E-4	0.0042021889	-0.0120238111		0.0204281889	819	-69.153822
7717500	-1.9413441	-0.0010051036	0.0031900853	-0.0130429147		0.0194230853	820	-69.8883876
7717750	-1.9612839	-0.0011511702	0.0020319151	-0.0142080849		0.0182719151	821	-70.6062204
7718000	-1.9817237	-0.0013784416	6.464735E-4	-0.0156005265		0.0168934735	822	-71.3420532
7718250	-2.0021509	-0.0014205708	-7.81097400000002E-4	-0.0170350974		0.0154729026	823	-72.0774324
7718500	-2.0218337	-0.0014691072	-0.0022572046	-0.0185182046		0.0140037954	824	-72.7860132
7718750	-2.0415847	-0.0015222798	-0.0037864844	-0.0200544844		0.0124815156	825	-73.4970492
7719000	-2.0616859	-0.0015004889	-0.0052939732	-0.0215689732		0.0109810268	826	-74.2206924
7719250	-2.0818485	-0.001551294	-0.0068522673	-0.0231342673		0.0094297327	827	-74.946546
7719500	-2.1022165	-0.0014934763	-0.0083527436	-0.0246417436		0.0079362564	828	-75.679794
7719750	-2.1230078	-0.0013418499	-0.0097015935	-0.0259975935		0.0065944065	829	-76.4282808
7720001	-2.1435411	-8.392144716E-4	-0.0105478079	-0.0268508079		0.0057551921	830	-77.1674796
7720250	-2.1631374	-2.460659227E-4	-0.0108008739	-0.0271108739		0.0055091261	831	-77.8729464
7720500	-2.1836159	-1.435184663E-4	-0.0109513923	-0.0272683923		0.0053656077	832	-78.6101724
7720750	-2.2038703	-1.249737468E-4	-0.0110833661	-0.0274073661		0.0052406339	833	-79.3393308
7721000	-2.224127	-1.240007767E-4	-0.0112143668	-0.0275453668		0.0051166332	834	-80.068572
7721250	-2.2445756	-1.270586826E-4	-0.0113484255	-0.0276864255		0.0049895745	835	-80.8047216
7721500	-2.2642366	-1.244715687E-4	-0.0114798971	-0.0278248971		0.0048651029	836	-81.5125176
7721750	-2.2847539	-1.209114847E-4	-0.0116078086	-0.0279598086		0.0047441914	837	-82.2511404
7722000	-2.3053491	-1.115853202E-4	-0.0117263939	-0.0280853939		0.0046326061	838	-82.9925676
7722250	-2.3255683	-1.03797076E-4	-0.011837191	-0.028203191		0.004528809	839	-83.7204588
7722500	-2.3453914	-9.65423961E-5	-0.0119407334	-0.0283137334		0.0044322666	840	-84.4340904
7722751	-2.3656677	-9.75288174E-5	-0.0120452622	-0.0284252622		0.0043347378	841	-85.1640372
7723000	-2.3857742	-8.40327812E-5	-0.012136295	-0.028523295		0.004250705	842	-85.8878712
7723250	-2.4055946	-1.083166789E-4	-0.0122516117	-0.0286456117		0.0041423883	843	-86.6014056
7723500	-2.4259889	-1.162304675E-4	-0.0123748421	-0.0287758421		0.0040261579	844	-87.3356004
7723750	-2.4453567	-2.3570901E-6	-0.0123841992	-0.0287921992		0.0040238008	845	-88.0328412
7724000	-2.432944	2.42853116E-5	-0.0123669139	-0.0287819139		0.0040480861	846	-87.585984
7724250	-2.4127778	8.79320452E-5	-0.0122859819	-0.0287079819		0.0041360181	847	-86.8600008
7724500	-2.3925194	9.47876885E-5	-0.0121981942	-0.0286271942		0.0042308058	848	-86.1306984
7724750	-2.3724107	1.063019408E-4	-0.0120988922	-0.0285348922		0.0043371078	849	-85.4067852
7725000	-2.3526089	1.063288433E-4	-0.0119995634	-0.0284425634		0.0044434366	850	-84.6939204
7725250	-2.3322258	1.093329512E-4	-0.0118972304	-0.0283472304		0.0045527696	851	-83.9601288
7725500	-2.3115686	1.049119805E-4	-0.0117993185	-0.0282563185		0.0046576815	852	-83.2164696
7725750	-2.2911645	9.78545688E-5	-0.0117084639	-0.0281724639		0.0047555361	853	-82.481922
7726000	-2.2707626	9.09540881E-5	-0.0116245098	-0.0280955098		0.0048464902	854	-81.7474536
7726250	-2.2504757	8.23273663E-5	-0.0115491824	-0.0280271824		0.0049288176	855	-81.0171252
7726500	-2.230829	8.90574648E-5	-0.011467125	-0.027952125		0.005017875	856	-80.309844
7726750	-2.2105786	9.53347051E-5	-0.0113787903	-0.0278707903		0.0051132097	857	-79.5808296
7727001	-2.1900885	9.82356869E-5	-0.0112875546	-0.0277865546		0.0052114454	858	-78.843186
7727250	-2.1695708	8.97300262E-5	-0.0112048245	-0.0277108245		0.0053011755	859	-78.1045488
7727500	-2.1496795	9.18329018E-5	-0.0111199916	-0.0276329916		0.0053930084	860	-77.388462
7727750	-2.1293462	8.44392093E-5	-0.0110425524	-0.0275625524		0.0054774476	861	-76.6564632
7728000	-2.1094246	7.80633266E-5	-0.0109714891	-0.0274984891		0.0055555109	862	-75.9392856
7728250	-2.0892816	7.28846033E-5	-0.0109056045	-0.0274396045		0.0056283955	863	-75.2141376
7728501	-2.0690789	6.72664732E-5	-0.010845338	-0.027386338		0.005695662	864	-74.4868404
7728750	-2.0489002	6.21325873E-5	-0.0107902054	-0.0273382054		0.0057577946	865	-73.7604072
7729000	-2.0283807	5.38555975E-5	-0.0107433498	-0.0272983498		0.0058116502	866	-73.0217052
7729250	-2.0087042	4.09379335E-5	-0.0107094119	-0.0272714119		0.0058525881	867	-72.3133512
7729500	-1.9880853	2.87376685E-5	-0.0106876742	-0.0272566742		0.0058813258	868	-71.5710708
7729750	-1.9675565	1.96805074E-5	-0.0106749937	-0.0272509937		0.0059010063	869	-70.832034
7730000	-1.9473929	1.40444423E-5	-0.0106679493	-0.0272509493		0.0059150507	870	-70.1061444
7730250	-1.9276348	1.20088229E-5	-0.0106629405	-0.0272529405		0.0059270595	871	-69.3948528
7730500	-1.9074196	1.13362614E-5	-0.0106586042	-0.0272556042		0.0059383958	872	-68.6671056
7730750	-1.8871933	1.07533748E-5	-0.0106548508	-0.0272588508		0.0059491492	873	-67.9389588
7731000	-1.8664836	1.01166833E-5	-0.0106517342	-0.0272627342		0.0059592658	874	-67.1934096
7731250	-1.8459775	8.515987E-6	-0.0106502182	-0.0272682182		0.0059677818	875	-66.45519
7731500	-1.8253978	9.336512E-6	-0.0106478817	-0.0272728817		0.0059771183	876	-65.7143208
7731750	-1.8057903	1.03408704E-5	-0.0106445408	-0.0272765408		0.0059874592	877	-65.0084508
7732000	-1.7855257	9.6593415E-6	-0.0106418814	-0.0272808814		0.0059971186	878	-64.2789252
7732250	-1.7655813	9.8342075E-6	-0.0106390472	-0.0272850472		0.0060069528	879	-63.5609268
7732500	-1.7455996	9.7221139E-6	-0.0106363251	-0.0272893251		0.0060166749	880	-62.8415856
7732750	-1.7253416	9.9283661E-6	-0.0106333968	-0.0272933968		0.0060266032	881	-62.1122976
7733000	-1.7047624	1.01480695E-5	-0.0106302487	-0.0272972487		0.0060367513	882	-61.3714464
7733250	-1.6842198	8.498052E-6	-0.0106287506	-0.0273027506		0.0060452494	883	-60.6319128
7733500	-1.6636784	9.6907277E-6	-0.0106260599	-0.0273070599		0.0060549401	884	-59.8924224
7733750	-1.6439885	9.5741504E-6	-0.0106234858	-0.0273114858		0.0060645142	885	-59.183586
7734000	-1.6237666	8.9240076E-6	-0.0106215617	-0.0273165617		0.0060734383	886	-58.4555976
7734250	-1.6035608	9.5472479E-6	-0.0106190145	-0.0273210145		0.0060829855	887	-57.7281888
7734500	-1.5839609	8.7760441E-6	-0.0106172385	-0.0273262385		0.0060917615	888	-57.0225924
7734750	-1.5637024	9.9687198E-6	-0.0106142697	-0.0273302697		0.0061017303	889	-56.2932864
7735000	-1.5431183	8.6101456E-6	-0.0106126596	-0.0273356596		0.0061103404	890	-55.5522588
7735250	-1.522475	9.7938538E-6	-0.0106098657	-0.0273398657		0.0061201343	891	-54.8091
7735500	-1.5020094	9.457573E-6	-0.0106074082	-0.0273444082		0.0061295918	892	-54.0723384
7735750	-1.4824001	9.1302598E-6	-0.0106052779	-0.0273492779		0.0061387221	893	-53.3664036
7736000	-1.4621404	8.8971052E-6	-0.0106033808	-0.0273543808		0.0061476192	894	-52.6370544
7736250	-1.4419065	9.6638252E-6	-0.010600717	-0.027358717		0.006157283	895	-51.908634
7736500	-1.4215959	8.7715603E-6	-0.0105989454	-0.0273639454		0.0061660546	896	-51.1774524
7736750	-1.4009976	9.6145041E-6	-0.0105963309	-0.0273683309		0.0061756691	897	-50.4359136
7737000	-1.3803079	9.8611099E-6	-0.0105934698	-0.0273724698		0.0061855302	898	-49.6910844
7737250	-1.359931	9.1975159E-6	-0.0105912723	-0.0273772723		0.0061947277	899	-48.957516
7737500	-1.3401938	8.8522677E-6	-0.01058942	-0.02738242		0.00620358	900	-48.2469768
7737750	-1.3199603	9.7535001E-6	-0.0105866665	-0.0273866665		0.0062133335	901	-47.5185708
7738000	-1.299722	9.2109672E-6	-0.0105844555	-0.0273914555		0.0062225445	902	-46.789992
7738250	-1.2794226	9.8342075E-6	-0.0105816213	-0.0273956213		0.0062323787	903	-46.0592136
7738500	-1.2587632	9.5203454E-6	-0.010579101	-0.027400101		0.006241899	904	-45.3154752
7738750	-1.2382383	9.475508E-6	-0.0105766255	-0.0274046255		0.0062513745	905	-44.5765788
7739000	-1.2177469	1.0296033E-5	-0.0105733295	-0.0274083295		0.0062616705	906	-43.8388884
7739250	-1.1980369	1.01929069E-5	-0.0105701365	-0.0274121365		0.0062718635	907	-43.1293284
7739500	-1.177832	9.8880124E-6	-0.0105672485	-0.0274162485		0.0062817515	908	-42.401952
7739750	-1.1576818	1.02332606E-5	-0.0105640153	-0.0274200153		0.0062919847	909	-41.6765448
7740000	-1.137353	1.04260616E-5	-0.0105605892	-0.0274235892		0.0063024108	910	-40.944708
7740250	-1.1167787	1.06009275E-5	-0.0105569883	-0.0274269883		0.0063130117	911	-40.2040332
7740500	-1.0961617	9.300642E-6	-0.0105546876	-0.0274316876		0.0063223124	912	-39.4618212
7740750	-1.0757032	8.9060726E-6	-0.0105527816	-0.0274367816		0.0063312184	913	-38.7253152
7741000	-1.0560948	9.300642E-6	-0.0105504809	-0.0274414809		0.0063405191	914	-38.0194128
7741250	-1.0358867	9.4844755E-6	-0.0105479965	-0.0274459965		0.0063500035	915	-37.2919212
7741500	-1.0156943	7.870328E-6	-0.0105471261	-0.0274521261		0.0063578739	916	-36.5649948
7741750	-0.9929576814	8.9015889E-6	-0.0105452245	-0.0274572245		0.0063667755	917	-35.7464765304
7742001	-0.9747161216	9.3140933E-6	-0.0105429104	-0.0274619104		0.0063760896	918	-35.0897803776
7742250	-0.9549462308	1.00404596E-5	-0.01053987	-0.02746587		0.00638613	919	-34.3780643088
7742500	-0.9345842394	1.08923708E-5	-0.0105359776	-0.0274689776		0.0063970224	920	-33.6450326184
7742750	-0.9140685359	8.1617713E-6	-0.0105348158	-0.0274748158		0.0064051842	921	-32.9064672924
7743000	-0.8938539403	8.7939791E-6	-0.0105330219	-0.0274800219		0.0064139781	922	-32.1787418508
7743250	-0.873633205	9.1706135E-6	-0.0105308512	-0.0274848512		0.0064231488	923	-31.45079538
7743501	-0.8532418846	8.9105564E-6	-0.0105289407	-0.0274899407		0.0064320593	924	-30.7167078456
7743750	-0.8327478245	8.5608244E-6	-0.0105273799	-0.0274953799		0.0064406201	925	-29.978921682
7744000	-0.8131700297	9.9552685E-6	-0.0105244246	-0.0274994246		0.0064505754	926	-29.2741210692
7744250	-0.7926575948	9.9149148E-6	-0.0105215097	-0.0275035097		0.0064604903	927	-28.5356734128
7744500	-0.772239949	1.02018744E-5	-0.0105183078	-0.0275073078		0.0064706922	928	-27.800638164
7744750	-0.7519824642	1.05829926E-5	-0.0105147248	-0.0275107248		0.0064812752	929	-27.0713687112
7745000	-0.7318979054	1.04619315E-5	-0.0105112629	-0.0275142629		0.0064917371	930	-26.3483245944
7745250	-0.7115602959	1.02691305E-5	-0.0105079938	-0.0275179938		0.0065020062	931	-25.6161706524
7745500	-0.6910185762	1.0157037E-5	-0.0105048367	-0.0275218367		0.0065121633	932	-24.8766687432
7745750	-0.6703874562	9.5651829E-6	-0.0105022715	-0.0275262715		0.0065217285	933	-24.1339484232
7746000	-0.6499880085	1.15200949E-5	-0.0104977514	-0.0275287514		0.0065332486	934	-23.399568306
7746250	-0.629703094	1.10358506E-5	-0.0104937156	-0.0275317156		0.0065442844	935	-22.669311384
7746500	-0.6095983494	8.4666658E-6	-0.0104922489	-0.0275372489		0.0065527511	936	-21.9455405784
7746750	-0.5899665345	7.4219537E-6	-0.010491827	-0.027543827		0.006560173	937	-21.238795242
7747000	-0.5696268049	7.7447832E-6	-0.0104910822	-0.0275500822		0.0065679178	938	-20.5065649764
7747250	-0.5491378685	8.498052E-6	-0.0104895841	-0.0275555841		0.0065764159	939	-19.768963266
7747501	-0.5283922595	9.3992844E-6	-0.0104871849	-0.0275601849		0.0065858151	940	-19.022121342
7747750	-0.5081184317	9.0450687E-6	-0.0104851398	-0.0275651398		0.0065948602	941	-18.2922635412
7748001	-0.488412411	1.02467118E-5	-0.0104818931	-0.0275688931		0.0066051069	942	-17.582846796
7748251	-0.4682393794	9.0630036E-6	-0.0104798301	-0.0275738301		0.0066141699	943	-16.8566176584
7748500	-0.4481366225	1.11210417E-5	-0.010475709	-0.027576709		0.006625291	944	-16.13291841
7748750	-0.4277620426	1.03408704E-5	-0.0104723682	-0.0275803682		0.0066356318	945	-15.3994335336
7749000	-0.407596785	1.08295984E-5	-0.0104685386	-0.0275835386		0.0066464614	946	-14.67348426
7749250	-0.3873746363	1.02287769E-5	-0.0104653098	-0.0275873098		0.0066566902	947	-13.9454869068
7749500	-0.3670609228	1.01794557E-5	-0.0104621303	-0.0275911303		0.0066668697	948	-13.2141932208
7749750	-0.3467973866	9.8028213E-6	-0.0104593275	-0.0275953275		0.0066766725	949	-12.4847059176
7750000	-0.3264569944	1.26230957E-5	-0.0104537044	-0.0275967044		0.0066892956	950	-11.7524517984
7750250	-0.3064029572	1.02422281E-5	-0.0104504622	-0.0276004622		0.0066995378	951	-11.0305064592
7750500	-0.2860301	1.07354398E-5	-0.0104467267	-0.0276037267		0.0067102733	952	-10.2970836
7750750	-0.265327866	9.9552685E-6	-0.0104437715	-0.0276077715		0.0067202285	953	-9.551803176
7751000	-0.2448065529	9.8745612E-6	-0.0104408969	-0.0276118969		0.0067301031	954	-8.8130359044
7751251	-0.2243569279	1.03588054E-5	-0.0104375381	-0.0276155381		0.0067404619	955	-8.0768494044
7751500	-0.2048442841	1.01929069E-5	-0.0104343452	-0.0276193452		0.0067506548	956	-7.3743942276
7751750	-0.1853843352	9.8162725E-6	-0.0104315289	-0.0276235289		0.0067604711	957	-6.6738360672
7752001	-0.1656345419	7.8613605E-6	-0.0104306676	-0.0276296676		0.0067683324	958	-5.9628435084
7752250	-0.145561114	7.6640758E-6	-0.0104300035	-0.0276360035		0.0067759965	959	-5.240200104
7752500	-0.1254169697	7.6640758E-6	-0.0104293394	-0.0276423394		0.0067836606	960	-4.5150109092
7752750	-0.1050419481	7.8479093E-6	-0.0104284915	-0.0276484915		0.0067915085	961	-3.7815101316
7753000	-0.0824993261	7.5250798E-6	-0.0104279664	-0.0276549664		0.0067990336	962	-2.9699757396
7753250	-0.0639048872	8.6325643E-6	-0.0104263339	-0.0276603339		0.0068076661	963	-2.3005759392
7753500	-0.0440632358	7.8165231E-6	-0.0104255173	-0.0276665173		0.0068154827	964	-1.5862764888
7753750	-0.0240636429	8.7177554E-6	-0.0104237996	-0.0276717996		0.0068242004	965	-0.8662911444
7754000	-0.0042133961	7.4847261E-6	-0.0104233149	-0.0276783149		0.0068316851	966	-0.1516822596
