Acquisition Time (ms)	Shunt Voltage (V)	Sample Voltage (V)	Integrated Sample Voltage (V)		
milliseconds	Volts	Volts	Volts		
3.7945000E+6	3.1172888E-3	1.2167189E-6	1.2167189E-6
3.7947500E+6	14.6639241E-3	1.6382037E-6	2.8549226E-6
3.7950000E+6	27.3838966E-3	1.2256867E-6	4.0806093E-6
3.7952500E+6	39.2928711E-3	1.2974288E-6	5.3780381E-6
3.7955000E+6	52.0037968E-3	3.0282067E-6	8.4062447E-6
3.7957500E+6	63.9469022E-3	3.4721108E-6	11.8783556E-6
3.7960000E+6	76.6729043E-3	5.7813093E-6	17.6596649E-6
3.7962500E+6	88.6749879E-3	7.1488929E-6	24.8085578E-6
3.7965000E+6	101.3283569E-3	9.8212857E-6	34.6298434E-6
3.7967500E+6	112.5672418E-3	27.5640009E-6	62.1938444E-6
3.7970000E+6	127.4712816E-3	80.1688874E-6	142.3627318E-6
3.7972500E+6	137.1621513E-3	81.9176008E-6	224.2803326E-6
3.7975000E+6	150.3391228E-3	82.4960214E-6	306.7763539E-6
3.7977500E+6	161.9264510E-3	82.2763112E-6	389.0526652E-6
3.7980000E+6	174.9844686E-3	82.7022799E-6	471.7549451E-6
3.7982500E+6	186.6225056E-3	83.0475387E-6	554.8024837E-6
3.7985000E+6	199.6253089E-3	83.3614103E-6	638.1638941E-6
3.7987500E+6	211.3879979E-3	83.6349270E-6	721.7988211E-6
3.7990000E+6	224.3538738E-3	83.4286685E-6	805.2274896E-6
3.7992500E+6	235.5389764E-3	83.8949921E-6	889.1224817E-6
3.7995000E+6	248.5876297E-3	84.3747673E-6	973.4972491E-6
3.7997500E+6	260.1770781E-3	84.3209608E-6	1.0578182E-3
3.8000000E+6	273.3312571E-3	85.1818658E-6	1.1430001E-3
3.8002500E+6	284.8452606E-3	85.7647703E-6	1.2287648E-3
3.8005000E+6	297.9609220E-3	85.3343178E-6	1.3140992E-3
3.8007500E+6	309.5217031E-3	85.0742527E-6	1.3991734E-3
3.8010000E+6	322.6361719E-3	84.6572518E-6	1.4838307E-3
3.8012500E+6	334.2507539E-3	85.5764473E-6	1.5694071E-3
3.8015000E+6	347.3736594E-3	86.7646757E-6	1.6561718E-3
3.8017500E+6	358.9089978E-3	86.9216115E-6	1.7430934E-3
3.8020000E+6	372.0435204E-3	86.3521586E-6	1.8294456E-3
3.8022500E+6	383.5798305E-3	86.2490294E-6	1.9156946E-3
3.8025000E+6	396.2368595E-3	86.9171276E-6	2.0026117E-3
3.8027500E+6	408.0359457E-3	87.7018067E-6	2.0903135E-3
3.8030000E+6	420.8654643E-3	88.3968082E-6	2.1787103E-3
3.8032500E+6	432.7376985E-3	89.3339392E-6	2.2680443E-3
3.8035000E+6	445.5377105E-3	88.4954535E-6	2.3565397E-3
3.8037500E+6	457.3422740E-3	90.1679410E-6	2.4467077E-3
3.8040000E+6	470.2303198E-3	88.4012920E-6	2.5351090E-3
3.8042500E+6	482.0391679E-3	89.7285207E-6	2.6248375E-3
3.8045000E+6	494.9381241E-3	89.7464562E-6	2.7145839E-3
3.8047500E+6	506.4298652E-3	90.0334246E-6	2.8046174E-3
3.8050000E+6	518.9364019E-3	90.9795234E-6	2.8955969E-3
3.8052500E+6	531.1517160E-3	90.7194583E-6	2.9863163E-3
3.8055000E+6	543.6649226E-3	90.2038120E-6	3.0765202E-3
3.8057510E+6	555.8359327E-3	91.5355245E-6	3.1680557E-3
3.8060000E+6	568.3122561E-3	91.4010081E-6	3.2594567E-3
3.8062500E+6	580.4738135E-3	91.5131051E-6	3.3509698E-3
3.8065000E+6	593.0565902E-3	92.6116559E-6	3.4435814E-3
3.8067500E+6	605.1473407E-3	92.8627532E-6	3.5364442E-3
3.8070000E+6	617.7065298E-3	92.3829780E-6	3.6288272E-3
3.8072500E+6	629.9090342E-3	92.7596239E-6	3.7215868E-3
3.8075010E+6	642.4212249E-3	93.7998842E-6	3.8153867E-3
3.8077500E+6	654.2717709E-3	93.8805941E-6	3.9092673E-3
3.8080010E+6	666.3277585E-3	93.8312714E-6	4.0030986E-3
3.8082500E+6	678.9593446E-3	95.0822740E-6	4.0981808E-3
3.8085000E+6	691.0117985E-3	94.5890472E-6	4.1927699E-3
3.8087500E+6	703.5835765E-3	95.9117919E-6	4.2886817E-3
3.8090000E+6	715.7291438E-3	94.5442084E-6	4.3832259E-3
3.8092500E+6	728.3041463E-3	95.6024042E-6	4.4788283E-3
3.8095000E+6	740.3603547E-3	95.6606946E-6	4.5744890E-3
3.8097500E+6	752.9749791E-3	95.6741463E-6	4.6701631E-3
3.8100000E+6	765.0821172E-3	95.5172105E-6	4.7656803E-3
3.8102500E+6	777.6283199E-3	96.8534069E-6	4.8625337E-3
3.8105000E+6	789.7916442E-3	96.6471483E-6	4.9591809E-3
3.8107500E+6	802.2755209E-3	97.5618600E-6	5.0567427E-3
3.8110000E+6	813.7851956E-3	97.5259889E-6	5.1542687E-3
3.8112500E+6	826.9080128E-3	98.6693785E-6	5.2529381E-3
3.8115000E+6	838.3040343E-3	98.7590561E-6	5.3516972E-3
3.8117500E+6	851.2976941E-3	98.8173465E-6	5.4505145E-3
3.8120000E+6	863.0108226E-3	99.5885740E-6	5.5501031E-3
3.8122500E+6	875.9425098E-3	99.3957671E-6	5.6494989E-3
3.8125000E+6	887.6772382E-3	99.5347674E-6	5.7490336E-3
3.8127500E+6	900.6322922E-3	99.1357020E-6	5.8481693E-3
3.8130000E+6	912.3687874E-3	100.7857701E-6	5.9489551E-3
3.8132500E+6	925.3824569E-3	99.7948325E-6	6.0487499E-3
3.8135000E+6	937.0424471E-3	100.8619961E-6	6.1496119E-3
3.8137500E+6	950.0699865E-3	102.1533536E-6	6.2517653E-3
3.8140010E+6	961.6696826E-3	100.2611561E-6	6.3520264E-3
3.8142500E+6	974.4025540E-3	101.3955778E-6	6.4534220E-3
3.8145000E+6	985.8665996E-3	102.5120641E-6	6.5559341E-3
3.8147500E+6	999.0587660E-3	101.6601268E-6	6.6575942E-3
3.8150000E+6	1.0105353E+0	102.7541936E-6	6.7603484E-3
3.8152500E+6	1.0237133E+0	103.4222918E-6	6.8637707E-3
3.8155000E+6	1.0352825E+0	104.0096802E-6	6.9677804E-3
3.8157510E+6	1.0484071E+0	103.8617121E-6	7.0716421E-3
3.8160000E+6	1.0599602E+0	104.4894554E-6	7.1761315E-3
3.8162500E+6	1.0731244E+0	105.0813276E-6	7.2812129E-3
3.8165000E+6	1.0842035E+0	104.7853915E-6	7.3859983E-3
3.8167500E+6	1.0967794E+0	104.4849715E-6	7.4904832E-3
3.8170000E+6	1.1088215E+0	106.3682013E-6	7.5968514E-3
3.8172500E+6	1.1213883E+0	106.0050070E-6	7.7028564E-3
3.8175000E+6	1.1335037E+0	106.3457819E-6	7.8092022E-3
3.8177510E+6	1.1461216E+0	106.7986539E-6	7.9160009E-3
3.8180000E+6	1.1582868E+0	107.3008485E-6	8.0233017E-3
3.8182500E+6	1.1708265E+0	106.9511058E-6	8.1302528E-3
3.8185000E+6	1.1828464E+0	108.2245279E-6	8.2384774E-3
3.8187500E+6	1.1954867E+0	107.5967846E-6	8.3460741E-3
3.8190000E+6	1.2097487E+0	108.3724959E-6	8.4544466E-3
3.8192500E+6	1.2194870E+0	109.8476926E-6	8.5642943E-3
3.8195000E+6	1.2319797E+0	109.1706267E-6	8.6734650E-3
3.8197500E+6	1.2442216E+0	109.7042085E-6	8.7831692E-3
3.8200000E+6	1.2566440E+0	109.5203694E-6	8.8926895E-3
3.8202500E+6	1.2689006E+0	110.4485326E-6	9.0031381E-3
3.8205000E+6	1.2813875E+0	109.6817891E-6	9.1128199E-3
3.8207500E+6	1.2936454E+0	110.5561458E-6	9.2233760E-3
3.8210000E+6	1.3060490E+0	111.1121470E-6	9.3344881E-3
3.8212500E+6	1.3183573E+0	111.4215347E-6	9.4459097E-3
3.8215000E+6	1.3308117E+0	111.5246640E-6	9.5574343E-3
3.8217500E+6	1.3430452E+0	112.8339571E-6	9.6702683E-3
3.8220000E+6	1.3555348E+0	112.8698281E-6	9.7831381E-3
3.8222500E+6	1.3670706E+0	113.4168615E-6	9.8965550E-3
3.8225000E+6	1.3798056E+0	113.8383463E-6	10.0103933E-3
3.8227500E+6	1.3915477E+0	115.2731881E-6	10.1256665E-3
3.8230000E+6	1.4046133E+0	114.2329278E-6	10.2398995E-3
3.8232500E+6	1.4164699E+0	114.7351224E-6	10.3546346E-3
3.8235000E+6	1.4292789E+0	114.7171869E-6	10.4693518E-3
3.8237500E+6	1.4411020E+0	115.4256400E-6	10.5847774E-3
3.8240010E+6	1.4539779E+0	116.0040606E-6	10.7007815E-3
3.8242500E+6	1.4658852E+0	116.9501594E-6	10.8177316E-3
3.8245010E+6	1.4787517E+0	116.5376424E-6	10.9342693E-3
3.8247500E+6	1.4770063E+0	115.8605764E-6	11.0501298E-3
3.8250000E+6	1.4641759E+0	115.4525433E-6	11.1655824E-3
3.8252500E+6	1.4526450E+0	114.8158323E-6	11.2803982E-3
3.8255000E+6	1.4394537E+0	115.4704788E-6	11.3958687E-3
3.8257500E+6	1.4278961E+0	114.3495087E-6	11.5102182E-3
3.8260000E+6	1.4147677E+0	113.9728627E-6	11.6241911E-3
3.8262500E+6	1.4031829E+0	114.2598311E-6	11.7384509E-3
3.8265000E+6	1.3900233E+0	115.1072845E-6	11.8535582E-3
3.8267500E+6	1.3788131E+0	114.7216708E-6	11.9682799E-3
3.8270000E+6	1.3658557E+0	112.7173762E-6	12.0809972E-3
3.8272500E+6	1.3541337E+0	113.4437648E-6	12.1944410E-3
3.8275000E+6	1.3410926E+0	113.3989260E-6	12.3078399E-3
3.8277510E+6	1.3294178E+0	111.2825344E-6	12.4191225E-3
3.8280000E+6	1.3164720E+0	111.2690828E-6	12.5303915E-3
3.8282500E+6	1.3046939E+0	111.9461487E-6	12.6423377E-3
3.8285000E+6	1.2916978E+0	110.6861783E-6	12.7530239E-3
3.8287500E+6	1.2799909E+0	111.1883729E-6	12.8642122E-3
3.8290000E+6	1.2669302E+0	110.2960807E-6	12.9745083E-3
3.8292500E+6	1.2552634E+0	110.3050485E-6	13.0848134E-3
3.8295000E+6	1.2422758E+0	109.1123362E-6	13.1939257E-3
3.8297500E+6	1.2308304E+0	109.5293371E-6	13.3034550E-3
3.8300000E+6	1.2181644E+0	109.5383049E-6	13.4129933E-3
3.8302500E+6	1.2061448E+0	109.1078524E-6	13.5221012E-3
3.8305000E+6	1.1934707E+0	108.4890768E-6	13.6305903E-3
3.8307500E+6	1.1814436E+0	106.7672667E-6	13.7373575E-3
3.8310000E+6	1.1687268E+0	107.3277518E-6	13.8446853E-3
3.8312500E+6	1.1567419E+0	107.6550751E-6	13.9523404E-3
3.8315000E+6	1.1440527E+0	106.1081363E-6	14.0584485E-3
3.8317500E+6	1.1320870E+0	107.1708160E-6	14.1656193E-3
3.8320000E+6	1.1193270E+0	106.4533951E-6	14.2720727E-3
3.8322500E+6	1.1073823E+0	105.7135548E-6	14.3777863E-3
3.8325000E+6	1.0947212E+0	106.2964593E-6	14.4840827E-3
3.8327510E+6	1.0828633E+0	105.4265864E-6	14.5895093E-3
3.8330000E+6	1.0701104E+0	103.8617121E-6	14.6933710E-3
3.8332500E+6	1.0581625E+0	104.4804876E-6	14.7978515E-3
3.8335000E+6	1.0457852E+0	103.8168733E-6	14.9016684E-3
3.8337500E+6	1.0335544E+0	103.6554536E-6	15.0053238E-3
3.8340000E+6	1.0212007E+0	102.8304196E-6	15.1081543E-3
3.8342500E+6	1.0088314E+0	103.1263557E-6	15.2112806E-3
3.8345000E+6	995.0640739E-3	103.3236465E-6	15.3146043E-3
3.8347500E+6	984.1383020E-3	102.2026763E-6	15.4168069E-3
3.8350000E+6	971.7220518E-3	101.7677399E-6	15.5185747E-3
3.8352500E+6	959.4055850E-3	101.8932886E-6	15.6204680E-3
3.8355000E+6	947.0222426E-3	100.8619961E-6	15.7213300E-3
3.8357500E+6	934.7309977E-3	100.8440605E-6	15.8221740E-3
3.8360000E+6	922.1197746E-3	100.9561575E-6	15.9231302E-3
3.8362500E+6	910.3294343E-3	101.0727384E-6	16.0242029E-3
3.8365000E+6	898.4518553E-3	100.3687692E-6	16.1245717E-3
3.8367500E+6	885.6494580E-3	99.9338328E-6	16.2245055E-3
3.8370000E+6	873.7751919E-3	99.5257997E-6	16.3240313E-3
3.8372500E+6	860.9554794E-3	99.0460244E-6	16.4230773E-3
3.8375000E+6	849.0336848E-3	99.3060895E-6	16.5223834E-3
3.8377500E+6	836.3207348E-3	98.1671839E-6	16.6205506E-3
3.8380000E+6	824.3771194E-3	97.9743770E-6	16.7185250E-3
3.8382500E+6	811.6246359E-3	97.9788609E-6	16.8165039E-3
3.8385000E+6	799.6046039E-3	97.6425698E-6	16.9141464E-3
3.8387500E+6	786.9762864E-3	96.9386006E-6	17.0110850E-3
3.8390010E+6	774.9303258E-3	96.2884379E-6	17.1073735E-3
3.8392500E+6	762.2795250E-3	96.2794701E-6	17.2036529E-3
3.8395000E+6	751.0229088E-3	95.1629839E-6	17.2988159E-3
3.8397500E+6	738.0635260E-3	96.0283728E-6	17.3948443E-3
3.8400000E+6	726.4942198E-3	95.2347260E-6	17.4900790E-3
3.8402500E+6	713.3566052E-3	94.7280475E-6	17.5848071E-3
3.8405000E+6	701.7615912E-3	95.5934364E-6	17.6804005E-3
3.8407500E+6	688.7160741E-3	94.9343060E-6	17.7753348E-3
3.8410000E+6	677.4884343E-3	94.1675624E-6	17.8695024E-3
3.8412500E+6	664.4722470E-3	94.6114666E-6	17.9641138E-3
3.8415000E+6	652.7287727E-3	93.8447230E-6	18.0579586E-3
3.8417500E+6	639.7090959E-3	92.8358499E-6	18.1507944E-3
3.8420000E+6	628.1278192E-3	92.2663971E-6	18.2430608E-3
3.8422500E+6	615.0156915E-3	93.2393991E-6	18.3363002E-3
3.8425000E+6	603.4323829E-3	92.1318807E-6	18.4284321E-3
3.8427500E+6	590.3690205E-3	92.1184290E-6	18.5205505E-3
3.8430000E+6	578.7801022E-3	91.1678463E-6	18.6117184E-3
3.8432500E+6	565.7069779E-3	91.3337499E-6	18.7030521E-3
3.8435000E+6	554.3102939E-3	91.2216529E-6	18.7942738E-3
3.8437500E+6	541.4851041E-3	90.7373938E-6	18.8850112E-3
3.8440000E+6	529.6317311E-3	90.5983935E-6	18.9756096E-3
3.8442500E+6	516.7789342E-3	90.3966189E-6	19.0660062E-3
3.8445000E+6	504.9570113E-3	89.9302953E-6	19.1559365E-3
3.8447500E+6	492.1312031E-3	88.8227768E-6	19.2447592E-3
3.8450000E+6	480.2727062E-3	88.7151637E-6	19.3334744E-3
3.8452500E+6	467.4884192E-3	88.8765834E-6	19.4223510E-3
3.8455000E+6	455.5755914E-3	88.2309046E-6	19.5105819E-3
3.8457500E+6	442.8259349E-3	89.5043267E-6	19.6000862E-3
3.8460000E+6	430.9114727E-3	88.3071306E-6	19.6883934E-3
3.8462500E+6	418.0656549E-3	87.8766780E-6	19.7762700E-3
3.8465000E+6	406.2430252E-3	87.7735488E-6	19.8640436E-3
3.8467500E+6	393.4141692E-3	88.3519694E-6	19.9523955E-3
3.8470000E+6	381.4978961E-3	87.4282900E-6	20.0398238E-3
3.8472500E+6	368.7757142E-3	86.3611264E-6	20.1261850E-3
3.8475000E+6	356.9011831E-3	87.2534186E-6	20.2134384E-3
3.8477500E+6	344.0365482E-3	86.4552879E-6	20.2998937E-3
3.8480000E+6	332.1942622E-3	85.2536079E-6	20.3851473E-3
3.8482500E+6	319.3854159E-3	86.1593518E-6	20.4713066E-3
3.8485010E+6	307.5259031E-3	85.6347378E-6	20.5569414E-3
3.8487500E+6	294.7327376E-3	84.7424455E-6	20.6416838E-3
3.8490000E+6	282.8469869E-3	84.9442202E-6	20.7266280E-3
3.8492500E+6	269.9419351E-3	85.3208661E-6	20.8119489E-3
3.8495000E+6	258.3594216E-3	84.1640249E-6	20.8961129E-3
3.8497500E+6	245.9140625E-3	84.4509933E-6	20.9805639E-3
3.8500000E+6	233.7578056E-3	83.2313778E-6	21.0637953E-3
3.8502500E+6	221.2424788E-3	84.6662196E-6	21.1484615E-3
3.8505000E+6	209.0622810E-3	83.6035399E-6	21.2320651E-3
3.8507500E+6	196.6437339E-3	83.7335724E-6	21.3157986E-3
3.8510000E+6	184.4163610E-3	84.0877990E-6	21.3998864E-3
3.8512500E+6	171.8985605E-3	82.7291832E-6	21.4826156E-3
3.8515000E+6	159.6974696E-3	83.1237647E-6	21.5657394E-3
3.8517500E+6	147.2771998E-3	82.2090530E-6	21.6479484E-3
3.8520000E+6	135.0518146E-3	82.4870536E-6	21.7304355E-3
3.8522500E+6	122.5431135E-3	74.9451666E-6	21.8053806E-3
3.8525000E+6	110.3500618E-3	9.5701884E-6	21.8149508E-3
3.8527500E+6	96.5809645E-3	7.8259588E-6	21.8227768E-3
3.8530000E+6	85.6801302E-3	6.4404397E-6	21.8292172E-3
3.8532500E+6	73.2044288E-3	4.1357252E-6	21.8333530E-3
3.8535000E+6	61.3631753E-3	2.7412383E-6	21.8360942E-3
3.8537500E+6	49.2229858E-3	1.6695909E-6	21.8377638E-3
3.8540000E+6	36.6091025E-3	2.0731401E-6	21.8398369E-3
3.8542500E+6	24.5360529E-3	1.8982688E-6	21.8417352E-3
3.8545000E+6	11.9998000E-3	1.7637524E-6	21.8434990E-3
3.8547510E+6	1.1240588E-3	1.7637524E-6	21.8452627E-3
