Acquisition Time (ms)	Shunt Voltage (V)	Sample Voltage (V)	Integrated Sample Voltage (V)		
milliseconds	Volts	Volts	Volts		
5.4695000E+6	8.5772824E-3	575.5240091E-9	575.5240091E-9
5.4697500E+6	21.1406442E-3	633.8144561E-9	1.2093385E-6
5.4700000E+6	32.8964408E-3	230.2652080E-9	1.4396037E-6
5.4702500E+6	45.2258834E-3	-182.2518013E-9	1.2573519E-6
5.4705000E+6	57.2690886E-3	77.8132698E-9	1.3351651E-6
5.4707500E+6	69.6988500E-3	-518.5428414E-9	816.6223003E-9
5.4710000E+6	81.8997430E-3	768.3308721E-9	1.5849532E-6
5.4712500E+6	94.4684328E-3	714.5243057E-9	2.2994775E-6
5.4715000E+6	106.5071325E-3	651.7499782E-9	2.9512275E-6
5.4717500E+6	119.0010569E-3	1.3332998E-6	4.2845273E-6
5.4720000E+6	133.9478810E-3	1.0463315E-6	5.3308587E-6
5.4722500E+6	143.6451114E-3	1.1673962E-6	6.4982550E-6
5.4725000E+6	155.7849365E-3	858.0084828E-9	7.3562635E-6
5.4727500E+6	168.3370139E-3	1.3602031E-6	8.7164666E-6
5.4730000E+6	180.4329767E-3	674.1693809E-9	9.3906359E-6
5.4732500E+6	192.9524998E-3	1.0508153E-6	10.4414513E-6
5.4735000E+6	205.0479767E-3	750.3953500E-9	11.1918466E-6
5.4737500E+6	217.5618459E-3	799.7180359E-9	11.9915647E-6
5.4740000E+6	229.7143040E-3	2.0686562E-6	14.0602209E-6
5.4742500E+6	242.2054248E-3	2.6694962E-6	16.7297171E-6
5.4745000E+6	254.2899914E-3	2.8264320E-6	19.5561492E-6
5.4747500E+6	266.1483999E-3	2.7322705E-6	22.2884197E-6
5.4750000E+6	278.6467649E-3	3.8084019E-6	26.0968216E-6
5.4752500E+6	290.7811127E-3	3.1761747E-6	29.2729963E-6
5.4755000E+6	303.3413177E-3	4.1536607E-6	33.4266570E-6
5.4757500E+6	315.4561859E-3	5.6198896E-6	39.0465466E-6
5.4760000E+6	327.9294173E-3	5.5750508E-6	44.6215974E-6
5.4762500E+6	339.9737436E-3	6.4583753E-6	51.0799727E-6
5.4765000E+6	352.5761766E-3	7.1892478E-6	58.2692205E-6
5.4767500E+6	364.7406935E-3	9.0635099E-6	67.3327303E-6
5.4770000E+6	377.2378658E-3	9.2742522E-6	76.6069826E-6
5.4772500E+6	389.4190354E-3	10.2696737E-6	86.8766563E-6
5.4775000E+6	401.5110227E-3	10.1979316E-6	97.0745879E-6
5.4777500E+6	413.1530352E-3	12.8479050E-6	109.9224930E-6
5.4780000E+6	426.0700133E-3	38.9171865E-6	148.8396794E-6
5.4782500E+6	437.8675977E-3	58.8211322E-6	207.6608116E-6
5.4785000E+6	450.7164634E-3	72.2727738E-6	279.9335853E-6
5.4787500E+6	462.4243797E-3	81.9176008E-6	361.8511861E-6
5.4790000E+6	475.3775342E-3	84.6751873E-6	446.5263735E-6
5.4792500E+6	487.0202093E-3	85.2222207E-6	531.7485942E-6
5.4795000E+6	500.0333929E-3	85.2177369E-6	616.9663311E-6
5.4797500E+6	511.7420601E-3	86.7288046E-6	703.6951357E-6
5.4800000E+6	524.6973790E-3	87.3834512E-6	791.0785868E-6
5.4802500E+6	535.7122006E-3	87.6883550E-6	878.7669419E-6
5.4805000E+6	548.8552925E-3	88.0067106E-6	966.7736524E-6
5.4807500E+6	560.4098455E-3	87.3251607E-6	1.0540988E-3
5.4810010E+6	573.5233867E-3	88.4506147E-6	1.1425494E-3
5.4812500E+6	585.0858021E-3	88.0919043E-6	1.2306413E-3
5.4815000E+6	598.1394026E-3	88.1815819E-6	1.3188229E-3
5.4817500E+6	609.4333438E-3	89.2352938E-6	1.4080582E-3
5.4820000E+6	622.3203736E-3	89.4639717E-6	1.4975222E-3
5.4822500E+6	634.0409230E-3	89.8899404E-6	1.5874121E-3
5.4825000E+6	646.9326350E-3	90.7149744E-6	1.6781271E-3
5.4827500E+6	658.6914810E-3	90.3203929E-6	1.7684475E-3
5.4830000E+6	671.6155707E-3	92.2350099E-6	1.8606825E-3
5.4832500E+6	683.3227361E-3	91.7462669E-6	1.9524288E-3
5.4835000E+6	696.2258444E-3	91.0647171E-6	2.0434935E-3
5.4837500E+6	707.9456870E-3	92.2798487E-6	2.1357733E-3
5.4840000E+6	720.8640786E-3	92.5937203E-6	2.2283671E-3
5.4842500E+6	732.6415208E-3	92.3067520E-6	2.3206738E-3
5.4845000E+6	745.5254586E-3	93.2483669E-6	2.4139222E-3
5.4847500E+6	756.9987802E-3	93.7371099E-6	2.5076593E-3
5.4850000E+6	769.6126536E-3	94.2527561E-6	2.6019120E-3
5.4852500E+6	781.5678860E-3	94.4993696E-6	2.6964114E-3
5.4855000E+6	794.1644000E-3	94.3514015E-6	2.7907628E-3
5.4857500E+6	806.1645549E-3	95.1136612E-6	2.8858765E-3
5.4860000E+6	818.7813878E-3	95.7683078E-6	2.9816448E-3
5.4862500E+6	830.7677169E-3	96.2077281E-6	3.0778525E-3
5.4865000E+6	843.4117153E-3	96.7771809E-6	3.1746297E-3
5.4867500E+6	855.4154038E-3	96.0866633E-6	3.2707163E-3
5.4870000E+6	868.0075007E-3	96.7547615E-6	3.3674711E-3
5.4872500E+6	880.1039935E-3	96.8668585E-6	3.4643380E-3
5.4875000E+6	892.6406993E-3	97.2076334E-6	3.5615456E-3
5.4877500E+6	904.7340118E-3	97.9654092E-6	3.6595110E-3
5.4880000E+6	916.7877466E-3	98.0999256E-6	3.7576109E-3
5.4882500E+6	929.1391089E-3	99.4137026E-6	3.8570246E-3
5.4885000E+6	941.3097215E-3	98.9518629E-6	3.9559765E-3
5.4887500E+6	953.6911204E-3	98.8397659E-6	4.0548163E-3
5.4890000E+6	965.8793132E-3	98.9249597E-6	4.1537412E-3
5.4892500E+6	978.3809027E-3	99.8710585E-6	4.2536123E-3
5.4895000E+6	990.6216596E-3	100.5436405E-6	4.3541559E-3
5.4897500E+6	1.0030313E+0	101.7094495E-6	4.4558654E-3
5.4900000E+6	1.0152512E+0	101.0637707E-6	4.5569291E-3
5.4902500E+6	1.0276945E+0	100.6153826E-6	4.6575445E-3
5.4905000E+6	1.0400092E+0	101.2296743E-6	4.7587742E-3
5.4907500E+6	1.0520148E+0	101.4269650E-6	4.8602012E-3
5.4910000E+6	1.0637465E+0	102.3551283E-6	4.9625563E-3
5.4912500E+6	1.0767231E+0	102.7048710E-6	5.0652612E-3
5.4915000E+6	1.0884033E+0	103.1622268E-6	5.1684234E-3
5.4917500E+6	1.1013270E+0	103.0277104E-6	5.2714511E-3
5.4920000E+6	1.1130970E+0	103.9513897E-6	5.3754025E-3
5.4922500E+6	1.1259296E+0	104.2652614E-6	5.4796678E-3
5.4925000E+6	1.1376453E+0	103.6554536E-6	5.5833232E-3
5.4927500E+6	1.1505585E+0	104.5567136E-6	5.6878799E-3
5.4930000E+6	1.1624446E+0	105.2875861E-6	5.7931675E-3
5.4932500E+6	1.1752543E+0	105.3817476E-6	5.8985493E-3
5.4935000E+6	1.1869798E+0	106.6327503E-6	6.0051820E-3
5.4937500E+6	1.1999135E+0	105.8480712E-6	6.1110301E-3
5.4940000E+6	1.2147662E+0	106.6103309E-6	6.2176404E-3
5.4942500E+6	1.2245379E+0	105.8839423E-6	6.3235244E-3
5.4945000E+6	1.2363183E+0	107.5967846E-6	6.4311211E-3
5.4947500E+6	1.2492008E+0	107.5474619E-6	6.5386686E-3
5.4950000E+6	1.2610734E+0	108.0541404E-6	6.6467227E-3
5.4952500E+6	1.2738405E+0	108.6280771E-6	6.7553508E-3
5.4955000E+6	1.2856797E+0	108.7446580E-6	6.8640955E-3
5.4957500E+6	1.2984914E+0	109.1975300E-6	6.9732930E-3
5.4960000E+6	1.3096058E+0	109.0988846E-6	7.0823919E-3
5.4962500E+6	1.3227779E+0	109.3230786E-6	7.1917150E-3
5.4965000E+6	1.3342919E+0	110.0539511E-6	7.3017689E-3
5.4967500E+6	1.3474238E+0	110.3947261E-6	7.4121636E-3
5.4970000E+6	1.3589948E+0	111.1704374E-6	7.5233341E-3
5.4972500E+6	1.3721103E+0	111.9102777E-6	7.6352444E-3
5.4975000E+6	1.3837197E+0	111.2152762E-6	7.7464596E-3
5.4977500E+6	1.3967621E+0	111.9551165E-6	7.8584148E-3
5.4980000E+6	1.4083576E+0	113.0581511E-6	7.9714729E-3
5.4982500E+6	1.4210143E+0	113.6365717E-6	8.0851095E-3
5.4985000E+6	1.4326236E+0	112.8339571E-6	8.1979434E-3
5.4987500E+6	1.4456397E+0	113.8787012E-6	8.3118221E-3
5.4990000E+6	1.4572731E+0	113.3361517E-6	8.4251583E-3
5.4992500E+6	1.4703432E+0	114.0894436E-6	8.5392477E-3
5.4997500E+6	1.4667811E+0	114.2508633E-6	8.6534986E-3
5.5000000E+6	1.4551468E+0	113.2644096E-6	8.7667630E-3
5.5002500E+6	1.4420959E+0	112.7442795E-6	8.8795073E-3
5.5005000E+6	1.4305111E+0	113.0895383E-6	8.9925968E-3
5.5007500E+6	1.4175168E+0	112.0582457E-6	9.1046551E-3
5.5010000E+6	1.4058723E+0	111.7936968E-6	9.2164488E-3
5.5012500E+6	1.3928810E+0	111.4484380E-6	9.3278972E-3
5.5015000E+6	1.3812441E+0	112.6321825E-6	9.4405294E-3
5.5017500E+6	1.3681090E+0	112.0403102E-6	9.5525697E-3
5.5020000E+6	1.3565625E+0	111.4305025E-6	9.6640002E-3
5.5022500E+6	1.3435036E+0	110.3274679E-6	9.7743277E-3
5.5025000E+6	1.3321206E+0	110.4350810E-6	9.8847627E-3
5.5027500E+6	1.3194007E+0	110.0494673E-6	9.9948122E-3
5.5030000E+6	1.3074755E+0	109.6145309E-6	10.1044267E-3
5.5032500E+6	1.2946282E+0	108.5473673E-6	10.2129741E-3
5.5035000E+6	1.2827979E+0	108.7805291E-6	10.3217546E-3
5.5037500E+6	1.2700936E+0	108.6998192E-6	10.4304545E-3
5.5040000E+6	1.2581390E+0	107.8568497E-6	10.5383113E-3
5.5042500E+6	1.2453509E+0	107.5519458E-6	10.6458633E-3
5.5045000E+6	1.2334494E+0	107.7985592E-6	10.7536618E-3
5.5047500E+6	1.2206854E+0	106.3816530E-6	10.8600435E-3
5.5050000E+6	1.2088404E+0	107.2201387E-6	10.9672636E-3
5.5052500E+6	1.1960265E+0	106.0274264E-6	11.0732910E-3
5.5055000E+6	1.1841606E+0	105.7583936E-6	11.1790494E-3
5.5057500E+6	1.1714389E+0	105.8166840E-6	11.2848661E-3
5.5060000E+6	1.1595155E+0	104.4491005E-6	11.3893152E-3
5.5062500E+6	1.1467466E+0	103.9424220E-6	11.4932576E-3
5.5065000E+6	1.1348579E+0	103.9513897E-6	11.5972090E-3
5.5067500E+6	1.1226940E+0	103.5343889E-6	11.7007434E-3
5.5070000E+6	1.1104699E+0	102.3327089E-6	11.8030761E-3
5.5072500E+6	1.0980970E+0	103.3057109E-6	11.9063818E-3
5.5075000E+6	1.0858275E+0	102.8931939E-6	12.0092750E-3
5.5077500E+6	1.0734822E+0	102.6241611E-6	12.1118992E-3
5.5080000E+6	1.0612052E+0	102.8349035E-6	12.2147341E-3
5.5082500E+6	1.0487561E+0	101.8977725E-6	12.3166319E-3
5.5085000E+6	1.0365472E+0	101.3866101E-6	12.4180185E-3
5.5087500E+6	1.0241048E+0	101.4493844E-6	12.5194679E-3
5.5090000E+6	1.0118459E+0	100.5257050E-6	12.6199936E-3
5.5092500E+6	998.0799260E-3	99.6558322E-6	12.7196494E-3
5.5095000E+6	987.2530540E-3	100.5301889E-6	12.8201796E-3
5.5097500E+6	974.8401167E-3	99.3778316E-6	12.9195574E-3
5.5100000E+6	962.5816912E-3	100.1804462E-6	13.0197379E-3
5.5102510E+6	950.0805876E-3	99.1715731E-6	13.1189094E-3
5.5105000E+6	937.9480950E-3	98.5527976E-6	13.2174622E-3
5.5107500E+6	925.4462405E-3	97.8622800E-6	13.3153245E-3
5.5110000E+6	913.2817236E-3	97.7143119E-6	13.4130388E-3
5.5112500E+6	900.8152504E-3	97.5394406E-6	13.5105783E-3
5.5115000E+6	888.6136295E-3	98.0192158E-6	13.6085975E-3
5.5117500E+6	876.1968492E-3	98.0012803E-6	13.7065988E-3
5.5120000E+6	863.9633365E-3	96.0597600E-6	13.8026585E-3
5.5122500E+6	851.5838811E-3	96.6381806E-6	13.8992967E-3
5.5125000E+6	839.6093899E-3	96.3108573E-6	13.9956076E-3
5.5127500E+6	826.8447151E-3	96.3915672E-6	14.0919991E-3
5.5130000E+6	814.7464996E-3	95.2840487E-6	14.1872832E-3
5.5132500E+6	802.1968515E-3	94.6338860E-6	14.2819171E-3
5.5135000E+6	790.1328247E-3	94.2482723E-6	14.3761653E-3
5.5137500E+6	778.2566151E-3	94.9298221E-6	14.4710952E-3
5.5140000E+6	765.7407140E-3	93.7909164E-6	14.5648861E-3
5.5142500E+6	753.7997931E-3	93.9164651E-6	14.6588025E-3
5.5145000E+6	741.1410415E-3	92.9569147E-6	14.7517594E-3
5.5147500E+6	729.0543106E-3	93.3380445E-6	14.8450975E-3
5.5150000E+6	716.5377028E-3	92.1318807E-6	14.9372294E-3
5.5152500E+6	704.2106348E-3	91.6969442E-6	15.0289263E-3
5.5155000E+6	691.8750418E-3	91.9659771E-6	15.1208923E-3
5.5157500E+6	679.9779832E-3	90.9705556E-6	15.2118628E-3
5.5160000E+6	667.2261181E-3	91.1902657E-6	15.3030531E-3
5.5162500E+6	655.1709697E-3	90.1993281E-6	15.3932524E-3
5.5165000E+6	642.5953930E-3	90.8405231E-6	15.4840930E-3
5.5167500E+6	630.5696187E-3	89.8495855E-6	15.5739426E-3
5.5170000E+6	617.9972224E-3	89.9392631E-6	15.6638818E-3
5.5172500E+6	605.8031547E-3	88.9528094E-6	15.7528346E-3
5.5175000E+6	593.3014327E-3	88.6613571E-6	15.8414960E-3
5.5177500E+6	581.2393053E-3	89.4191329E-6	15.9309151E-3
5.5180000E+6	568.9706320E-3	88.5671956E-6	16.0194823E-3
5.5182500E+6	557.3287079E-3	88.6568732E-6	16.1081392E-3
5.5185000E+6	544.4214034E-3	87.9215168E-6	16.1960607E-3
5.5187500E+6	532.7953368E-3	88.0470655E-6	16.2841078E-3
5.5190000E+6	519.7516307E-3	86.6436109E-6	16.3707514E-3
5.5192500E+6	508.1582952E-3	85.8948028E-6	16.4566462E-3
5.5195000E+6	495.1265596E-3	86.3700942E-6	16.5430163E-3
5.5197500E+6	483.9774567E-3	84.8814458E-6	16.6278977E-3
5.5200000E+6	470.9252256E-3	85.3029306E-6	16.7132006E-3
5.5202500E+6	459.4087926E-3	83.5631849E-6	16.7967638E-3
5.5205010E+6	446.2395512E-3	82.4556665E-6	16.8792195E-3
5.5207500E+6	434.7302299E-3	64.1659178E-6	16.9433854E-3
5.5210000E+6	421.5764926E-3	36.8232143E-6	16.9802086E-3
5.5212500E+6	410.1361230E-3	10.9377719E-6	16.9911464E-3
5.5215000E+6	397.1037690E-3	9.6553821E-6	17.0008018E-3
5.5217500E+6	385.6918458E-3	10.6777069E-6	17.0114795E-3
5.5220000E+6	372.8942632E-3	8.1667338E-6	17.0196462E-3
5.5222500E+6	361.1129339E-3	7.5972809E-6	17.0272435E-3
5.5225000E+6	348.2792632E-3	6.9112472E-6	17.0341548E-3
5.5227500E+6	336.4883486E-3	6.5301174E-6	17.0406849E-3
5.5230000E+6	323.6387320E-3	5.8082126E-6	17.0464931E-3
5.5232500E+6	311.8725536E-3	4.7365651E-6	17.0512297E-3
5.5235000E+6	298.9603018E-3	5.1311466E-6	17.0563608E-3
5.5237500E+6	287.2173575E-3	3.9653377E-6	17.0603261E-3
5.5240000E+6	274.3272357E-3	3.0237228E-6	17.0633499E-3
5.5242500E+6	262.5548290E-3	2.7457222E-6	17.0660956E-3
5.5245000E+6	249.6802555E-3	1.4498807E-6	17.0675455E-3
5.5247500E+6	237.9621798E-3	2.0013980E-6	17.0695469E-3
5.5250000E+6	225.0167552E-3	2.1673016E-6	17.0717142E-3
5.5252500E+6	213.2848096E-3	544.1368454E-9	17.0722583E-3
5.5255000E+6	201.0220995E-3	1.8041073E-6	17.0740624E-3
5.5257500E+6	188.9545832E-3	705.5565446E-9	17.0747680E-3
5.5260000E+6	176.4010922E-3	1.7278813E-6	17.0764958E-3
5.5262500E+6	164.2395348E-3	1.0866864E-6	17.0775825E-3
5.5265000E+6	151.7854296E-3	1.4633324E-6	17.0790459E-3
5.5267500E+6	139.7016140E-3	1.3467515E-6	17.0803926E-3
5.5270000E+6	127.1002411E-3	606.9111729E-9	17.0809995E-3
5.5272500E+6	115.0383346E-3	714.5243057E-9	17.0817140E-3
5.5275000E+6	102.4169520E-3	1.9386237E-6	17.0836527E-3
5.5277500E+6	89.7175808E-3	557.5884870E-9	17.0842103E-3
5.5280000E+6	77.8029521E-3	929.7505714E-9	17.0851400E-3
5.5282500E+6	65.7493995E-3	1.4588485E-6	17.0865989E-3
5.5285000E+6	53.1748276E-3	257.1684912E-9	17.0868560E-3
5.5287500E+6	41.1506635E-3	-617.1882131E-9	17.0862388E-3
5.5290000E+6	28.6201185E-3	333.3944603E-9	17.0865722E-3
5.5292500E+6	16.5570677E-3	378.2332656E-9	17.0869505E-3
5.5295000E+6	4.7651824E-3	432.0398320E-9	17.0873825E-3
