Acquisition Time (ms)	Shunt Voltage (V)	Sample Voltage (V)	Integrated Sample Voltage (V)		
milliseconds	Volts	Volts	Volts		
6.1542500E+6	7.1320198E-3	580.0078897E-9	580.0078897E-9
6.1545000E+6	18.5298933E-3	956.6538546E-9	1.5366617E-6
6.1547500E+6	31.6203622E-3	82.2971503E-9	1.6189589E-6
6.1550000E+6	42.8486897E-3	1.0373637E-6	2.6563226E-6
6.1552500E+6	55.7529584E-3	360.2977435E-9	3.0166203E-6
6.1555000E+6	67.2469044E-3	324.4266992E-9	3.3410470E-6
6.1557500E+6	79.7687334E-3	-34.2837436E-9	3.3067633E-6
6.1560000E+6	91.7998658E-3	741.4275889E-9	4.0481909E-6
6.1562500E+6	104.3693244E-3	351.3299824E-9	4.3995209E-6
6.1565000E+6	116.4468348E-3	405.1365488E-9	4.8046574E-6
6.1567500E+6	131.2301864E-3	-7.3804604E-9	4.7972770E-6
6.1570000E+6	141.0112101E-3	396.1687877E-9	5.1934457E-6
6.1572500E+6	153.6761899E-3	763.8469916E-9	5.9572927E-6
6.1575000E+6	165.6179500E-3	1.7054619E-6	7.6627546E-6
6.1577500E+6	178.2574871E-3	1.5126550E-6	9.1754097E-6
6.1580000E+6	190.0133294E-3	1.5754294E-6	10.7508391E-6
6.1582500E+6	202.2728592E-3	1.1673962E-6	11.9182353E-6
6.1585000E+6	214.5860131E-3	1.7951395E-6	13.7133748E-6
6.1587500E+6	226.8190842E-3	1.5574938E-6	15.2708687E-6
6.1590000E+6	239.2294154E-3	638.2983366E-9	15.9091670E-6
6.1592500E+6	251.5297596E-3	1.3063965E-6	17.2155635E-6
6.1595000E+6	263.8394682E-3	786.2663943E-9	18.0018299E-6
6.1597500E+6	276.1109684E-3	1.5799132E-6	19.5817432E-6
6.1600000E+6	288.4439996E-3	1.2346544E-6	20.8163976E-6
6.1602500E+6	299.9882605E-3	508.2658011E-9	21.3246634E-6
6.1605000E+6	312.7611954E-3	970.1054962E-9	22.2947689E-6
6.1607500E+6	324.4191538E-3	1.6561392E-6	23.9509081E-6
6.1610000E+6	337.3531821E-3	2.5035926E-6	26.4545008E-6
6.1612500E+6	349.1501039E-3	2.3152697E-6	28.7697704E-6
6.1615000E+6	361.9901353E-3	2.8981741E-6	31.6679446E-6
6.1617500E+6	373.8407255E-3	3.4990141E-6	35.1669587E-6
6.1620000E+6	386.5582694E-3	3.6918210E-6	38.8587797E-6
6.1622500E+6	398.4139393E-3	5.5302120E-6	44.3889917E-6
6.1625000E+6	411.2227856E-3	5.2656630E-6	49.6546547E-6
6.1627500E+6	422.9746084E-3	5.8485675E-6	55.5032222E-6
6.1630000E+6	435.8213980E-3	5.4360505E-6	60.9392727E-6
6.1632500E+6	446.9160816E-3	6.6646338E-6	67.6039065E-6
6.1635010E+6	460.0758703E-3	7.5569260E-6	75.1608325E-6
6.1637500E+6	471.5863401E-3	7.8438944E-6	83.0047269E-6
6.1640000E+6	484.6759404E-3	7.9559914E-6	90.9607182E-6
6.1642500E+6	496.1766041E-3	8.4581860E-6	99.4189042E-6
6.1645000E+6	509.2732718E-3	9.4939624E-6	108.9128666E-6
6.1647500E+6	520.8494246E-3	10.0230603E-6	118.9359269E-6
6.1650000E+6	533.8780240E-3	10.4131579E-6	129.3490848E-6
6.1652500E+6	545.4140249E-3	10.8615460E-6	140.2106308E-6
6.1655000E+6	558.5567193E-3	11.8749030E-6	152.0855337E-6
6.1657500E+6	569.9195680E-3	16.5381387E-6	168.6236724E-6
6.1660000E+6	582.6570773E-3	39.3117679E-6	207.9354404E-6
6.1662500E+6	594.0985954E-3	54.0368316E-6	261.9722720E-6
6.1665010E+6	606.7486453E-3	65.0537261E-6	327.0259981E-6
6.1667500E+6	618.6890361E-3	75.9585236E-6	402.9845217E-6
6.1670000E+6	631.3481853E-3	84.7289939E-6	487.7135156E-6
6.1672500E+6	643.2960411E-3	86.7108691E-6	574.4243846E-6
6.1675000E+6	655.5242533E-3	87.8721941E-6	662.2965788E-6
6.1677500E+6	667.6370454E-3	88.6210022E-6	750.9175810E-6
6.1680000E+6	680.0009523E-3	89.4325846E-6	840.3501655E-6
6.1682500E+6	692.2219204E-3	90.0423923E-6	930.3925579E-6
6.1685000E+6	704.5550399E-3	90.6880711E-6	1.0210806E-3
6.1687510E+6	716.9255726E-3	91.3113305E-6	1.1123920E-3
6.1690000E+6	729.1662411E-3	91.1140398E-6	1.2035060E-3
6.1692500E+6	741.5116844E-3	92.3964296E-6	1.2959024E-3
6.1695000E+6	753.9004599E-3	92.4278168E-6	1.3883302E-3
6.1697500E+6	766.0874160E-3	92.4009135E-6	1.4807312E-3
6.1700000E+6	777.6755392E-3	92.5802687E-6	1.5733114E-3
6.1702500E+6	790.3698931E-3	93.8312714E-6	1.6671427E-3
6.1705000E+6	802.2326746E-3	94.6518215E-6	1.7617945E-3
6.1707500E+6	814.9952734E-3	94.7235636E-6	1.8565181E-3
6.1710000E+6	826.8951589E-3	94.6428538E-6	1.9511609E-3
6.1712500E+6	839.5449437E-3	95.4544361E-6	2.0466154E-3
6.1715000E+6	851.7385255E-3	94.9791448E-6	2.1415945E-3
6.1717500E+6	864.1489892E-3	96.1897925E-6	2.2377843E-3
6.1720000E+6	876.1121725E-3	96.5081481E-6	2.3342925E-3
6.1722500E+6	888.8074098E-3	97.2748916E-6	2.4315674E-3
6.1725000E+6	900.7599036E-3	97.5977310E-6	2.5291651E-3
6.1727510E+6	913.4630917E-3	97.6515376E-6	2.6268166E-3
6.1730000E+6	925.3537454E-3	97.7546668E-6	2.7245713E-3
6.1732500E+6	938.1251343E-3	97.2838594E-6	2.8218551E-3
6.1735000E+6	949.9798325E-3	98.4676038E-6	2.9203227E-3
6.1737500E+6	962.7242326E-3	98.1627000E-6	3.0184854E-3
6.1740000E+6	974.7466940E-3	99.0011856E-6	3.1174866E-3
6.1742500E+6	987.3336670E-3	99.5975417E-6	3.2170842E-3
6.1745000E+6	999.3457923E-3	99.9831555E-6	3.3170673E-3
6.1747500E+6	1.0116992E+0	100.0055749E-6	3.4170729E-3
6.1750000E+6	1.0232321E+0	100.4763823E-6	3.5175493E-3
6.1752500E+6	1.0362513E+0	100.1625107E-6	3.6177118E-3
6.1755000E+6	1.0477915E+0	100.9158026E-6	3.7186276E-3
6.1757500E+6	1.0608825E+0	101.8215465E-6	3.8204491E-3
6.1760000E+6	1.0724511E+0	102.3282250E-6	3.9227774E-3
6.1762500E+6	1.0855240E+0	102.3909993E-6	4.0251684E-3
6.1765000E+6	1.0971533E+0	101.7677399E-6	4.1269361E-3
6.1767500E+6	1.1101762E+0	103.0815169E-6	4.2300176E-3
6.1770000E+6	1.1213262E+0	103.0052909E-6	4.3330229E-3
6.1772500E+6	1.1343627E+0	103.2429366E-6	4.4362659E-3
6.1775000E+6	1.1459068E+0	103.4716145E-6	4.5397375E-3
6.1777500E+6	1.1589641E+0	103.7854862E-6	4.6435230E-3
6.1780010E+6	1.1703598E+0	104.1890354E-6	4.7477120E-3
6.1782500E+6	1.1825212E+0	104.4132294E-6	4.8521252E-3
6.1785000E+6	1.1948796E+0	105.2337796E-6	4.9573590E-3
6.1787510E+6	1.2094605E+0	105.9198133E-6	5.0632788E-3
6.1790000E+6	1.2192865E+0	106.9062670E-6	5.1701851E-3
6.1792500E+6	1.2316274E+0	106.4309757E-6	5.2766161E-3
6.1795000E+6	1.2439321E+0	106.5206533E-6	5.3831367E-3
6.1797510E+6	1.2564609E+0	107.8344303E-6	5.4909711E-3
6.1800000E+6	1.2685268E+0	106.9242025E-6	5.5978953E-3
6.1802500E+6	1.2810258E+0	108.0855276E-6	5.7059809E-3
6.1805000E+6	1.2932040E+0	109.0674974E-6	5.8150484E-3
6.1807500E+6	1.3056321E+0	108.5473673E-6	5.9235957E-3
6.1810000E+6	1.3178486E+0	109.1795944E-6	6.0327753E-3
6.1812500E+6	1.3303034E+0	109.1482073E-6	6.1419235E-3
6.1815000E+6	1.3425774E+0	109.7042085E-6	6.2516277E-3
6.1817500E+6	1.3548389E+0	109.8118216E-6	6.3614396E-3
6.1820000E+6	1.3667971E+0	111.2376956E-6	6.4726773E-3
6.1822500E+6	1.3789004E+0	110.4036938E-6	6.5830810E-3
6.1825000E+6	1.3914519E+0	112.0447941E-6	6.6951258E-3
6.1827500E+6	1.4035366E+0	110.7220493E-6	6.8058478E-3
6.1830000E+6	1.4161001E+0	111.5112123E-6	6.9173590E-3
6.1832500E+6	1.4282409E+0	112.9595057E-6	7.0303185E-3
6.1835010E+6	1.4407581E+0	113.8293786E-6	7.1441479E-3
6.1837500E+6	1.4528276E+0	112.5783759E-6	7.2567263E-3
6.1840000E+6	1.4654206E+0	112.7846344E-6	7.3695109E-3
6.1842500E+6	1.4764980E+0	113.6007007E-6	7.4831116E-3
6.1845000E+6	1.4696130E+0	113.8338624E-6	7.5969455E-3
6.1847500E+6	1.4576919E+0	113.9504433E-6	7.7108959E-3
6.1850000E+6	1.4451207E+0	112.8877636E-6	7.8237837E-3
6.1852500E+6	1.4330227E+0	112.3317625E-6	7.9361154E-3
6.1855000E+6	1.4204654E+0	112.2689881E-6	8.0483844E-3
6.1857500E+6	1.4084570E+0	111.2466634E-6	8.1596311E-3
6.1860000E+6	1.3961816E+0	111.9282132E-6	8.2715593E-3
6.1862500E+6	1.3845527E+0	111.2915022E-6	8.3828508E-3
6.1865000E+6	1.3715415E+0	110.4350810E-6	8.4932859E-3
6.1867500E+6	1.3598849E+0	110.0449834E-6	8.6033309E-3
6.1870000E+6	1.3468968E+0	110.2781452E-6	8.7136090E-3
6.1872500E+6	1.3352537E+0	109.6414341E-6	8.8232505E-3
6.1875000E+6	1.3222424E+0	109.4351756E-6	8.9326856E-3
6.1877500E+6	1.3105631E+0	108.9284971E-6	9.0416141E-3
6.1880000E+6	1.2975590E+0	108.2379795E-6	9.1498521E-3
6.1882500E+6	1.2858980E+0	108.0451727E-6	9.2578973E-3
6.1885000E+6	1.2729237E+0	107.2201387E-6	9.3651174E-3
6.1887500E+6	1.2618085E+0	106.8703960E-6	9.4719878E-3
6.1890000E+6	1.2487584E+0	106.8210733E-6	9.5788089E-3
6.1892500E+6	1.2371928E+0	105.9646521E-6	9.6847735E-3
6.1895000E+6	1.2240978E+0	107.2470419E-6	9.7920206E-3
6.1897500E+6	1.2125686E+0	106.3054270E-6	9.8983260E-3
6.1900000E+6	1.1994629E+0	106.5206533E-6	10.0048467E-3
6.1902500E+6	1.1877868E+0	105.0768438E-6	10.1099235E-3
6.1905000E+6	1.1748602E+0	104.3952939E-6	10.2143188E-3
6.1907500E+6	1.1633542E+0	103.6554536E-6	10.3179743E-3
6.1910000E+6	1.1501928E+0	104.8212626E-6	10.4227955E-3
6.1912500E+6	1.1386597E+0	103.5792277E-6	10.5263747E-3
6.1915000E+6	1.1259692E+0	102.7900647E-6	10.6291648E-3
6.1917500E+6	1.1142859E+0	102.4672253E-6	10.7316320E-3
6.1920000E+6	1.1014903E+0	103.1622268E-6	10.8347943E-3
6.1922500E+6	1.0897019E+0	102.0726438E-6	10.9368669E-3
6.1925000E+6	1.0768198E+0	102.0905793E-6	11.0389575E-3
6.1927500E+6	1.0650635E+0	101.6556429E-6	11.1406131E-3
6.1930000E+6	1.0521645E+0	101.3014163E-6	11.2419145E-3
6.1932500E+6	1.0403957E+0	101.0054802E-6	11.3429200E-3
6.1935000E+6	1.0275243E+0	100.1490590E-6	11.4430691E-3
6.1937500E+6	1.0157217E+0	100.5436405E-6	11.5436127E-3
6.1940000E+6	1.0028512E+0	99.6603161E-6	11.6432730E-3
6.1942500E+6	989.9039614E-3	99.1357020E-6	11.7424087E-3
6.1945000E+6	978.1960009E-3	99.1895086E-6	11.8415982E-3
6.1947510E+6	966.4489045E-3	99.0415406E-6	11.9406398E-3
6.1950000E+6	953.5630231E-3	98.6424752E-6	12.0392823E-3
6.1952500E+6	941.8635435E-3	99.2298635E-6	12.1385121E-3
6.1955000E+6	928.8798223E-3	98.4945071E-6	12.2370066E-3
6.1957510E+6	917.3679832E-3	97.7098280E-6	12.3347165E-3
6.1960000E+6	904.8798660E-3	97.3466337E-6	12.4320631E-3
6.1962500E+6	892.8521040E-3	97.0058588E-6	12.5290690E-3
6.1965000E+6	880.2222847E-3	95.5755009E-6	12.6246445E-3
6.1967500E+6	868.2067582E-3	96.4902125E-6	12.7211347E-3
6.1970000E+6	855.6345385E-3	95.6068881E-6	12.8167416E-3
6.1972500E+6	843.6098685E-3	95.0912418E-6	12.9118328E-3
6.1975000E+6	830.9944933E-3	94.4904018E-6	13.0063232E-3
6.1977500E+6	818.9454406E-3	93.9747556E-6	13.1002980E-3
6.1980000E+6	806.4062170E-3	95.1585000E-6	13.1954565E-3
6.1982500E+6	794.3306173E-3	93.4815287E-6	13.2889380E-3
6.1985000E+6	781.7341917E-3	94.2841433E-6	13.3832221E-3
6.1987500E+6	769.7663704E-3	93.4680770E-6	13.4766902E-3
6.1990000E+6	757.1535129E-3	92.9344953E-6	13.5696247E-3
6.1992500E+6	745.4481144E-3	92.7103012E-6	13.6623350E-3
6.1995000E+6	733.2364665E-3	92.4861072E-6	13.7548211E-3
6.1997500E+6	720.8119121E-3	91.7417830E-6	13.8465629E-3
6.2000000E+6	708.6493387E-3	91.0064266E-6	13.9375693E-3
6.2002500E+6	696.2067623E-3	91.1274914E-6	14.0286968E-3
6.2005000E+6	683.9695833E-3	89.1949389E-6	14.1178917E-3
6.2007500E+6	671.4476749E-3	89.5760687E-6	14.2074678E-3
6.2010000E+6	659.3906714E-3	88.9034867E-6	14.2963713E-3
6.2012500E+6	646.9773807E-3	89.1635517E-6	14.3855349E-3
6.2015000E+6	634.7177626E-3	88.2488401E-6	14.4737837E-3
6.2017500E+6	622.3127320E-3	87.1547733E-6	14.5609385E-3
6.2020000E+6	610.1599647E-3	85.7019960E-6	14.6466405E-3
6.2022500E+6	597.6943308E-3	78.4515611E-6	14.7250920E-3
6.2025000E+6	585.4516745E-3	56.0769973E-6	14.7811690E-3
6.2027500E+6	573.1421426E-3	32.6621731E-6	14.8138312E-3
6.2030000E+6	561.7178956E-3	11.9287095E-6	14.8257599E-3
6.2032500E+6	548.7844857E-3	11.1081594E-6	14.8368681E-3
6.2035000E+6	537.0047907E-3	10.5835454E-6	14.8474516E-3
6.2037500E+6	524.1947517E-3	10.0051248E-6	14.8574567E-3
6.2040000E+6	512.4119648E-3	8.8079287E-6	14.8662647E-3
6.2042500E+6	499.5488759E-3	7.9470236E-6	14.8742117E-3
6.2045000E+6	487.8315952E-3	8.3012502E-6	14.8825129E-3
6.2047500E+6	474.9414292E-3	8.2967663E-6	14.8908097E-3
6.2050000E+6	463.1517957E-3	6.8260535E-6	14.8976358E-3
6.2052500E+6	450.2658701E-3	6.5211496E-6	14.9041569E-3
6.2055000E+6	438.4529140E-3	6.5121818E-6	14.9106691E-3
6.2057500E+6	425.7001655E-3	5.3643084E-6	14.9160334E-3
6.2060000E+6	414.3878490E-3	5.0504368E-6	14.9210838E-3
6.2062500E+6	401.0823827E-3	5.2791147E-6	14.9263629E-3
6.2065000E+6	390.0113308E-3	3.0057873E-6	14.9293687E-3
6.2067500E+6	376.5589502E-3	4.3688869E-6	14.9337376E-3
6.2070000E+6	365.4401489E-3	2.7860771E-6	14.9365237E-3
6.2072500E+6	352.2628241E-3	2.4497861E-6	14.9389735E-3
6.2075000E+6	340.7687419E-3	2.7502061E-6	14.9417237E-3
6.2077500E+6	327.6192451E-3	2.0552046E-6	14.9437789E-3
6.2080000E+6	316.1687602E-3	1.5799132E-6	14.9453588E-3
6.2082510E+6	303.0422768E-3	777.2986332E-9	14.9461361E-3
6.2085000E+6	291.5297751E-3	1.8041073E-6	14.9479402E-3
6.2087500E+6	278.4355369E-3	674.1693809E-9	14.9486144E-3
6.2090000E+6	267.1979143E-3	858.0084828E-9	14.9494724E-3
6.2092500E+6	254.3339862E-3	1.9879464E-6	14.9514603E-3
6.2095010E+6	242.6215202E-3	1.0956542E-6	14.9525560E-3
6.2097500E+6	229.6376665E-3	1.1225574E-6	14.9536786E-3
6.2100000E+6	218.0044441E-3	1.0194282E-6	14.9546980E-3
6.2102500E+6	205.0514663E-3	387.2010267E-9	14.9550852E-3
6.2105000E+6	193.3727915E-3	1.0822025E-6	14.9561674E-3
6.2107500E+6	180.8846301E-3	2.0955595E-6	14.9582629E-3
6.2110000E+6	169.0170781E-3	1.9162043E-6	14.9601791E-3
6.2112500E+6	156.3012127E-3	705.5565446E-9	14.9608847E-3
6.2115000E+6	144.4314963E-3	1.0373637E-6	14.9619221E-3
6.2117500E+6	131.7274689E-3	660.7177393E-9	14.9625828E-3
6.2120000E+6	119.7812916E-3	369.2655045E-9	14.9629520E-3
6.2122500E+6	107.1159584E-3	19.5228228E-9	14.9629716E-3
6.2125000E+6	94.3701030E-3	759.3631111E-9	14.9637309E-3
6.2127500E+6	82.4544061E-3	472.3947568E-9	14.9642033E-3
6.2130000E+6	70.5201910E-3	19.5228228E-9	14.9642229E-3
6.2132500E+6	57.8558533E-3	1.3288159E-6	14.9655517E-3
6.2135000E+6	45.9251425E-3	1.0732347E-6	14.9666249E-3
6.2137500E+6	33.2297446E-3	176.4586415E-9	14.9668014E-3
6.2140000E+6	21.3546105E-3	-173.2840402E-9	14.9666281E-3
6.2142510E+6	8.6447396E-3	310.9750576E-9	14.9669391E-3
