Acquisition Time (ms)	Shunt Voltage (V)	Sample Voltage (V)	Integrated Sample Voltage (V)		
milliseconds	Volts	Volts	Volts		
2.4442500E+6	7.1404810E-3	67.1342467E-6	67.1342467E-6
2.4445000E+6	18.6668460E-3	80.6755659E-6	147.8098126E-6
2.4447500E+6	31.7187456E-3	82.3659888E-6	230.1758014E-6
2.4450000E+6	43.0030386E-3	82.8906029E-6	313.0664043E-6
2.4452500E+6	56.0140536E-3	83.7559918E-6	396.8223961E-6
2.4455000E+6	67.4856062E-3	82.8233447E-6	479.6457407E-6
2.4457500E+6	80.0986447E-3	83.7066691E-6	563.3524099E-6
2.4460000E+6	92.1851706E-3	83.2851844E-6	646.6375942E-6
2.4462500E+6	104.8379405E-3	82.9533772E-6	729.5909714E-6
2.4465000E+6	116.9094391E-3	83.3076038E-6	812.8985752E-6
2.4467500E+6	131.7604650E-3	82.6529572E-6	895.5515324E-6
2.4470000E+6	141.6303176E-3	84.4734127E-6	980.0249451E-6
2.4472500E+6	154.2829294E-3	83.6394109E-6	1.0636644E-3
2.4475000E+6	166.3288900E-3	84.5586064E-6	1.1482230E-3
2.4477500E+6	179.0588461E-3	83.7918629E-6	1.2320148E-3
2.4480000E+6	191.0781713E-3	84.5810258E-6	1.3165959E-3
2.4482500E+6	203.8653736E-3	84.5675742E-6	1.4011634E-3
2.4485000E+6	215.8082381E-3	85.4195115E-6	1.4865829E-3
2.4487500E+6	227.9242547E-3	85.0383816E-6	1.5716213E-3
2.4490000E+6	240.2374528E-3	85.3791566E-6	1.6570005E-3
2.4492500E+6	252.6088689E-3	85.6257700E-6	1.7426262E-3
2.4495000E+6	264.9449921E-3	85.8903189E-6	1.8285166E-3
2.4497500E+6	277.3093849E-3	85.6930282E-6	1.9142096E-3
2.4500000E+6	289.6459939E-3	86.3925136E-6	2.0006021E-3
2.4502500E+6	301.9910839E-3	86.6391270E-6	2.0872412E-3
2.4505000E+6	314.4280946E-3	86.6391270E-6	2.1738804E-3
2.4507500E+6	326.7187211E-3	86.1548679E-6	2.2600352E-3
2.4510000E+6	339.1504755E-3	86.8722888E-6	2.3469075E-3
2.4512500E+6	351.5394277E-3	87.0740634E-6	2.4339816E-3
2.4515000E+6	363.8731214E-3	88.4371631E-6	2.5224187E-3
2.4517500E+6	376.2301818E-3	88.2936789E-6	2.6107124E-3
2.4520000E+6	388.6171021E-3	88.9617771E-6	2.6996742E-3
2.4522500E+6	401.0186432E-3	88.9348738E-6	2.7886091E-3
2.4525000E+6	413.0505132E-3	89.1231968E-6	2.8777323E-3
2.4527500E+6	425.0339712E-3	89.9347792E-6	2.9676670E-3
2.4530000E+6	437.7676818E-3	89.2442616E-6	3.0569113E-3
2.4532500E+6	449.5360247E-3	89.5536493E-6	3.1464650E-3
2.4535010E+6	462.4385587E-3	90.1320699E-6	3.2365970E-3
2.4537500E+6	474.2767809E-3	90.0289407E-6	3.3266260E-3
2.4540000E+6	487.1704365E-3	91.1723302E-6	3.4177983E-3
2.4542500E+6	499.1101647E-3	90.7015228E-6	3.5084998E-3
2.4545000E+6	511.8429478E-3	91.0602332E-6	3.5995601E-3
2.4547500E+6	523.7997704E-3	91.0288460E-6	3.6905889E-3
2.4550000E+6	536.5720427E-3	91.1723302E-6	3.7817612E-3
2.4552500E+6	548.6243640E-3	92.4278168E-6	3.8741890E-3
2.4555000E+6	561.3460159E-3	92.0780741E-6	3.9662671E-3
2.4557500E+6	573.2655136E-3	92.4412684E-6	4.0587084E-3
2.4560000E+6	586.0994493E-3	93.4770448E-6	4.1521854E-3
2.4562500E+6	597.4299203E-3	93.5756902E-6	4.2457611E-3
2.4565000E+6	610.3412444E-3	93.2214636E-6	4.3389826E-3
2.4567500E+6	621.9457995E-3	94.5890472E-6	4.4335716E-3
2.4570000E+6	635.1449892E-3	95.1898872E-6	4.5287615E-3
2.4572500E+6	646.7738827E-3	94.6159505E-6	4.6233775E-3
2.4575000E+6	659.9189623E-3	95.1405645E-6	4.7185180E-3
2.4577500E+6	671.4766514E-3	95.0957257E-6	4.8136138E-3
2.4580000E+6	684.6676694E-3	95.8176305E-6	4.9094314E-3
2.4582500E+6	696.1815846E-3	95.5261782E-6	5.0049576E-3
2.4585000E+6	709.3741927E-3	95.6427591E-6	5.1006003E-3
2.4587500E+6	720.9896139E-3	96.2480830E-6	5.1968484E-3
2.4590000E+6	734.0550524E-3	96.7323421E-6	5.2935808E-3
2.4592500E+6	745.3026135E-3	97.7905379E-6	5.3913713E-3
2.4595000E+6	758.3066094E-3	96.4946964E-6	5.4878660E-3
2.4597500E+6	769.9689849E-3	97.7187958E-6	5.5855848E-3
2.4600000E+6	783.0774023E-3	97.5528922E-6	5.6831377E-3
2.4602500E+6	794.6546593E-3	98.6424752E-6	5.7817802E-3
2.4605010E+6	807.7484559E-3	98.0640546E-6	5.8798442E-3
2.4607500E+6	819.4084903E-3	98.8173465E-6	5.9786616E-3
2.4610000E+6	832.4564368E-3	99.0953471E-6	6.0777569E-3
2.4612500E+6	844.0828568E-3	100.3822208E-6	6.1781391E-3
2.4615000E+6	857.1629160E-3	99.7993164E-6	6.2779384E-3
2.4617500E+6	868.7952107E-3	100.9023510E-6	6.3788408E-3
2.4620000E+6	881.9135666E-3	100.9740931E-6	6.4798149E-3
2.4622500E+6	893.5414883E-3	101.4583522E-6	6.5812732E-3
2.4625010E+6	906.7125408E-3	101.0458352E-6	6.6823191E-3
2.4627500E+6	918.0288769E-3	102.0591922E-6	6.7843783E-3
2.4630000E+6	930.8762850E-3	102.0098695E-6	6.8863881E-3
2.4632500E+6	942.7967544E-3	102.8931939E-6	6.9892813E-3
2.4635000E+6	955.6043639E-3	102.6465805E-6	7.0919279E-3
2.4637500E+6	967.6032820E-3	103.2877754E-6	7.1952157E-3
2.4640000E+6	980.3047916E-3	103.3684853E-6	7.2985842E-3
2.4642500E+6	992.2587872E-3	104.2652614E-6	7.4028494E-3
2.4645000E+6	1.0050992E+0	104.2607775E-6	7.5071102E-3
2.4647500E+6	1.0170235E+0	104.3504551E-6	7.6114607E-3
2.4650000E+6	1.0298857E+0	104.5073909E-6	7.7159681E-3
2.4652500E+6	1.0417784E+0	105.2786184E-6	7.8212467E-3
2.4655000E+6	1.0545642E+0	105.3144894E-6	7.9265612E-3
2.4657500E+6	1.0665088E+0	105.3817476E-6	8.0319429E-3
2.4660000E+6	1.0793206E+0	105.5700706E-6	8.1375130E-3
2.4662510E+6	1.0912693E+0	106.5834276E-6	8.2440964E-3
2.4665000E+6	1.1035024E+0	107.6281718E-6	8.3517246E-3
2.4667500E+6	1.1157114E+0	107.7851076E-6	8.4595097E-3
2.4670000E+6	1.1281337E+0	108.1841730E-6	8.5676939E-3
2.4672500E+6	1.1404746E+0	107.9151401E-6	8.6756090E-3
2.4675000E+6	1.1529968E+0	107.8523658E-6	8.7834614E-3
2.4677500E+6	1.1652090E+0	108.2110762E-6	8.8916724E-3
2.4680000E+6	1.1776616E+0	109.3320464E-6	9.0010045E-3
2.4682500E+6	1.1899508E+0	110.1481126E-6	9.1111526E-3
2.4685000E+6	1.2048881E+0	110.1660482E-6	9.2213186E-3
2.4687500E+6	1.2146762E+0	110.4036938E-6	9.3317223E-3
2.4690000E+6	1.2264718E+0	110.4978553E-6	9.4422202E-3
2.4692500E+6	1.2390870E+0	112.0806652E-6	9.5543009E-3
2.4695000E+6	1.2512358E+0	111.2959861E-6	9.6655969E-3
2.4697500E+6	1.2638581E+0	110.6278879E-6	9.7762247E-3
2.4700000E+6	1.2759936E+0	112.0089231E-6	9.8882337E-3
2.4702500E+6	1.2886061E+0	111.4977607E-6	9.9997314E-3
2.4705000E+6	1.3006948E+0	112.4169562E-6	10.1121484E-3
2.4707500E+6	1.3133577E+0	112.4752466E-6	10.2246236E-3
2.4710000E+6	1.3254882E+0	112.8070538E-6	10.3374307E-3
2.4712500E+6	1.3377408E+0	113.6410556E-6	10.4510717E-3
2.4715000E+6	1.3494664E+0	113.6455395E-6	10.5647173E-3
2.4717500E+6	1.3624727E+0	113.4392810E-6	10.6781566E-3
2.4720000E+6	1.3741636E+0	115.8516087E-6	10.7940082E-3
2.4722500E+6	1.3872862E+0	114.1253147E-6	10.9081335E-3
2.4725000E+6	1.3989860E+0	115.3269947E-6	11.0234605E-3
2.4727500E+6	1.4120680E+0	116.0219961E-6	11.1394825E-3
2.4730000E+6	1.4237237E+0	116.2730935E-6	11.2557556E-3
2.4732500E+6	1.4367946E+0	116.1296093E-6	11.3718852E-3
2.4735000E+6	1.4479986E+0	116.5286746E-6	11.4884138E-3
2.4737500E+6	1.4611110E+0	117.5375478E-6	11.6059514E-3
2.4740000E+6	1.4727613E+0	118.1742588E-6	11.7241257E-3
2.4745000E+6	1.4752426E+0	118.1025167E-6	11.8422282E-3
2.4747500E+6	1.4620888E+0	116.9456755E-6	11.9591738E-3
2.4750000E+6	1.4505998E+0	116.2551579E-6	12.0754290E-3
2.4752500E+6	1.4374081E+0	115.5556726E-6	12.1909847E-3
2.4755000E+6	1.4258384E+0	117.0846758E-6	12.3080694E-3
2.4757500E+6	1.4126369E+0	115.3090591E-6	12.4233784E-3
2.4760000E+6	1.4010806E+0	114.5243800E-6	12.5379028E-3
2.4762500E+6	1.3880172E+0	114.7620257E-6	12.6526648E-3
2.4765000E+6	1.3765380E+0	114.3270893E-6	12.7669919E-3
2.4767500E+6	1.3636488E+0	113.7397009E-6	12.8807316E-3
2.4770000E+6	1.3518159E+0	113.9818305E-6	12.9947134E-3
2.4772500E+6	1.3389574E+0	113.6948621E-6	13.1084083E-3
2.4775000E+6	1.3270906E+0	113.0222801E-6	13.2214306E-3
2.4777500E+6	1.3141546E+0	112.6142469E-6	13.3340448E-3
2.4780000E+6	1.3023101E+0	112.1479234E-6	13.4461927E-3
2.4782500E+6	1.2894035E+0	112.0268586E-6	13.5582196E-3
2.4785000E+6	1.2775866E+0	111.1749213E-6	13.6693945E-3
2.4787500E+6	1.2646021E+0	110.9910822E-6	13.7803856E-3
2.4790000E+6	1.2528302E+0	111.1659535E-6	13.8915516E-3
2.4792500E+6	1.2404916E+0	110.9865983E-6	14.0025382E-3
2.4795000E+6	1.2283517E+0	110.7130816E-6	14.1132512E-3
2.4797500E+6	1.2157338E+0	109.4710467E-6	14.2227223E-3
2.4800000E+6	1.2036264E+0	109.0495619E-6	14.3317719E-3
2.4802500E+6	1.1909783E+0	108.9374649E-6	14.4407093E-3
2.4805000E+6	1.1788290E+0	108.7894968E-6	14.5494988E-3
2.4807500E+6	1.1662552E+0	108.5922061E-6	14.6580910E-3
2.4810000E+6	1.1541336E+0	107.5923007E-6	14.7656833E-3
2.4812500E+6	1.1415371E+0	108.5114962E-6	14.8741948E-3
2.4815000E+6	1.1293816E+0	107.0676867E-6	14.9812625E-3
2.4817500E+6	1.1167450E+0	107.8344303E-6	15.0890969E-3
2.4820000E+6	1.1046407E+0	106.6775891E-6	15.1957745E-3
2.4822500E+6	1.0919992E+0	106.3233625E-6	15.3020979E-3
2.4825000E+6	1.0798625E+0	105.3772638E-6	15.4074752E-3
2.4827500E+6	1.0672441E+0	105.0768438E-6	15.5125520E-3
2.4830000E+6	1.0551394E+0	104.9288757E-6	15.6174809E-3
2.4832510E+6	1.0424618E+0	105.9870715E-6	15.7234679E-3
2.4835000E+6	1.0306815E+0	105.8032324E-6	15.8292712E-3
2.4837500E+6	1.0184988E+0	104.4939393E-6	15.9337651E-3
2.4840000E+6	1.0059419E+0	103.8930993E-6	16.0376582E-3
2.4842500E+6	992.2123188E-3	103.8123894E-6	16.1414706E-3
2.4845000E+6	981.2130456E-3	102.9828715E-6	16.2444535E-3
2.4847500E+6	969.0162393E-3	103.7765184E-6	16.3482300E-3
2.4850000E+6	956.4699041E-3	101.2655453E-6	16.4494955E-3
2.4852500E+6	944.2132013E-3	102.0367728E-6	16.5515323E-3
2.4855000E+6	931.6736244E-3	102.1623214E-6	16.6536946E-3
2.4857500E+6	919.4213829E-3	101.1803516E-6	16.7548750E-3
2.4860000E+6	906.9409515E-3	101.1758677E-6	16.8560509E-3
2.4862500E+6	894.7920272E-3	101.6287396E-6	16.9576796E-3
2.4865000E+6	882.2921162E-3	101.2834808E-6	17.0589631E-3
2.4867500E+6	870.8452975E-3	99.9069295E-6	17.1588700E-3
2.4870000E+6	857.8291103E-3	99.6378967E-6	17.2585079E-3
2.4872500E+6	846.0673047E-3	98.9832501E-6	17.3574911E-3
2.4875000E+6	833.0705088E-3	98.9339274E-6	17.4564251E-3
2.4877500E+6	821.3917456E-3	99.7813808E-6	17.5562065E-3
2.4880000E+6	808.3698603E-3	98.2209904E-6	17.6544274E-3
2.4882500E+6	796.5513827E-3	98.1806355E-6	17.7526081E-3
2.4885000E+6	783.6750424E-3	97.8936671E-6	17.8505017E-3
2.4887500E+6	771.8748960E-3	98.1985710E-6	17.9487003E-3
2.4890000E+6	758.9585363E-3	98.0685385E-6	18.0467689E-3
2.4892500E+6	747.1353325E-3	96.8668585E-6	18.1436357E-3
2.4895000E+6	734.2657504E-3	96.7726970E-6	18.2404084E-3
2.4897500E+6	722.6209993E-3	96.9610200E-6	18.3373694E-3
2.4900000E+6	709.8859635E-3	97.3914725E-6	18.4347609E-3
2.4902500E+6	698.3670128E-3	95.6696624E-6	18.5304306E-3
2.4905000E+6	685.1884070E-3	95.9073081E-6	18.6263379E-3
2.4907500E+6	673.4379977E-3	94.9522415E-6	18.7212901E-3
2.4910000E+6	660.4644801E-3	94.7190797E-6	18.8160092E-3
2.4912500E+6	648.8506049E-3	94.5217890E-6	18.9105310E-3
2.4915000E+6	635.6844996E-3	94.6518215E-6	19.0051828E-3
2.4917500E+6	624.3263331E-3	93.9702717E-6	19.0991531E-3
2.4920010E+6	611.4207513E-3	93.6564000E-6	19.1928095E-3
2.4922510E+6	599.7208300E-3	94.0330460E-6	19.2868425E-3
2.4925000E+6	586.7495210E-3	92.9883018E-6	19.3798308E-3
2.4927500E+6	574.9735806E-3	92.9344953E-6	19.4727653E-3
2.4930000E+6	561.9935256E-3	92.8717209E-6	19.5656370E-3
2.4932500E+6	550.2604757E-3	91.8628478E-6	19.6574999E-3
2.4935000E+6	537.2892550E-3	91.8404284E-6	19.7493403E-3
2.4937500E+6	525.5414519E-3	91.6027827E-6	19.8409431E-3
2.4940000E+6	512.4898833E-3	91.3158144E-6	19.9322589E-3
2.4942500E+6	500.9779117E-3	90.7598132E-6	20.0230187E-3
2.4945000E+6	487.8618969E-3	90.9257168E-6	20.1139444E-3
2.4947500E+6	476.2917072E-3	90.1769087E-6	20.2041214E-3
2.4950000E+6	463.6199250E-3	89.4908750E-6	20.2936122E-3
2.4952500E+6	451.5899103E-3	90.3472962E-6	20.3839595E-3
2.4955000E+6	438.9472812E-3	89.1142291E-6	20.4730738E-3
2.4957500E+6	426.8647466E-3	89.3742941E-6	20.5624481E-3
2.4960000E+6	414.1385010E-3	89.0335192E-6	20.6514816E-3
2.4962500E+6	402.1788514E-3	88.7106798E-6	20.7401922E-3
2.4965000E+6	389.4315359E-3	88.7017120E-6	20.8288940E-3
2.4967500E+6	377.4158769E-3	88.2712595E-6	20.9171652E-3
2.4970000E+6	364.7507646E-3	88.2040013E-6	21.0053692E-3
2.4972500E+6	352.7370049E-3	87.2579025E-6	21.0926271E-3
2.4975000E+6	340.0589062E-3	87.9260007E-6	21.1805531E-3
2.4977500E+6	327.9658588E-3	87.0740634E-6	21.2676272E-3
2.4980000E+6	315.3127169E-3	86.8095145E-6	21.3544367E-3
2.4982500E+6	303.2580986E-3	87.5628064E-6	21.4419995E-3
2.4985000E+6	291.1212773E-3	86.5808365E-6	21.5285803E-3
2.4987500E+6	278.8567561E-3	86.3521586E-6	21.6149325E-3
2.4990000E+6	266.4408593E-3	86.3566425E-6	21.7012891E-3
2.4992500E+6	254.1000098E-3	86.2266100E-6	21.7875158E-3
2.4995000E+6	241.7135754E-3	85.2715434E-6	21.8727873E-3
2.4997500E+6	229.3802792E-3	85.8678995E-6	21.9586552E-3
2.5000000E+6	217.0036950E-3	85.4778019E-6	22.0441330E-3
2.5002500E+6	204.6378887E-3	85.0877043E-6	22.1292207E-3
2.5005000E+6	192.3280034E-3	85.0608010E-6	22.2142815E-3
2.5007500E+6	179.9291126E-3	84.4196061E-6	22.2987011E-3
2.5010000E+6	167.6268690E-3	83.7470241E-6	22.3824481E-3
2.5012500E+6	155.2487388E-3	84.4420255E-6	22.4668902E-3
2.5015010E+6	142.7744473E-3	84.2357670E-6	22.5511259E-3
2.5017500E+6	130.4604541E-3	82.6036345E-6	22.6337296E-3
2.5020000E+6	118.8858915E-3	82.9757966E-6	22.7167054E-3
2.5022500E+6	105.7671381E-3	83.7604757E-6	22.8004658E-3
2.5025010E+6	92.0918246E-3	83.2134423E-6	22.8836793E-3
2.5027500E+6	81.3973401E-3	83.6887336E-6	22.9673680E-3
2.5030000E+6	69.3749908E-3	83.5407655E-6	23.0509088E-3
2.5032500E+6	56.6978026E-3	83.1192808E-6	23.1340281E-3
2.5035000E+6	44.6583699E-3	82.5049891E-6	23.2165330E-3
2.5037500E+6	31.9378298E-3	81.9624396E-6	23.2984955E-3
2.5040000E+6	19.9924672E-3	63.5067873E-6	23.3620023E-3
2.5042500E+6	7.1832296E-3	48.5306263E-6	23.4105329E-3
