Acquisition Time (ms)	Shunt Voltage (V)	Sample Voltage (V)	Integrated Sample Voltage (V)		
milliseconds	Volts	Volts	Volts		
3.1090000E+6	12.0289025E-3	2.4273667E-6	2.4273667E-6
3.1092500E+6	23.6673864E-3	5.1535660E-6	7.5809327E-6
3.1095000E+6	37.0279034E-3	10.8436104E-6	18.4245431E-6
3.1097500E+6	48.3498674E-3	49.5529511E-6	67.9774942E-6
3.1100000E+6	61.3677166E-3	81.0073730E-6	148.9848673E-6
3.1102500E+6	72.9122689E-3	81.8234393E-6	230.8083066E-6
3.1105000E+6	86.0086156E-3	82.1014399E-6	312.9097465E-6
3.1107500E+6	97.6122847E-3	81.7472133E-6	394.6569598E-6
3.1110000E+6	110.7649367E-3	82.5049891E-6	477.1619489E-6
3.1112500E+6	125.6716471E-3	82.6439894E-6	559.8059384E-6
3.1115000E+6	135.4456034E-3	83.5407655E-6	643.3467039E-6
3.1117500E+6	146.6873780E-3	83.1865390E-6	726.5332429E-6
3.1120000E+6	159.5420744E-3	83.1417002E-6	809.6749431E-6
3.1122500E+6	171.1560379E-3	83.1372163E-6	892.8121594E-6
3.1125000E+6	183.8552948E-3	84.8052199E-6	977.6173792E-6
3.1127510E+6	195.8217026E-3	84.5182515E-6	1.0621356E-3
3.1130000E+6	208.5166307E-3	83.8994760E-6	1.1460351E-3
3.1132500E+6	220.4487614E-3	84.8186715E-6	1.2308538E-3
3.1135000E+6	233.1842389E-3	84.8904136E-6	1.3157442E-3
3.1137500E+6	245.1864256E-3	86.0696742E-6	1.4018139E-3
3.1140000E+6	257.8653195E-3	84.9442202E-6	1.4867581E-3
3.1142500E+6	269.9207328E-3	85.7019960E-6	1.5724601E-3
3.1145000E+6	282.0791541E-3	85.1549625E-6	1.6576150E-3
3.1147500E+6	294.3339575E-3	86.6211915E-6	1.7442362E-3
3.1150000E+6	306.7098791E-3	85.1953175E-6	1.8294316E-3
3.1152500E+6	319.0003731E-3	86.9529986E-6	1.9163846E-3
3.1155000E+6	331.3482458E-3	86.8409016E-6	2.0032255E-3
3.1157500E+6	343.7684273E-3	86.7019013E-6	2.0899274E-3
3.1160000E+6	356.0103768E-3	87.7735488E-6	2.1777009E-3
3.1162500E+6	368.4505237E-3	87.9887750E-6	2.2656897E-3
3.1165000E+6	380.7485710E-3	88.0156783E-6	2.3537054E-3
3.1167500E+6	393.0985640E-3	88.5492601E-6	2.4422546E-3
3.1170000E+6	405.4982057E-3	88.6479055E-6	2.5309025E-3
3.1172510E+6	417.5196512E-3	88.7644864E-6	2.6196670E-3
3.1175000E+6	429.3366711E-3	89.6343592E-6	2.7093014E-3
3.1177500E+6	442.1677798E-3	89.0335192E-6	2.7983349E-3
3.1180000E+6	453.9557790E-3	89.6164237E-6	2.8879513E-3
3.1182500E+6	466.9347297E-3	90.0065213E-6	2.9779578E-3
3.1185000E+6	478.7747629E-3	89.8271661E-6	3.0677850E-3
3.1187500E+6	491.5555162E-3	90.7822326E-6	3.1585672E-3
3.1190000E+6	503.4929475E-3	90.0468762E-6	3.2486141E-3
3.1192500E+6	516.3127925E-3	90.2396831E-6	3.3388538E-3
3.1195000E+6	528.2008401E-3	92.4323006E-6	3.4312861E-3
3.1197500E+6	541.0074337E-3	91.7955896E-6	3.5230817E-3
3.1200010E+6	552.9767568E-3	92.6340753E-6	3.6157158E-3
3.1202500E+6	565.7286219E-3	92.9389791E-6	3.7086547E-3
3.1205000E+6	577.5905642E-3	92.5354299E-6	3.8011902E-3
3.1207500E+6	590.3547973E-3	92.3515908E-6	3.8935418E-3
3.1210000E+6	601.5205087E-3	92.7103012E-6	3.9862521E-3
3.1212500E+6	614.6969059E-3	93.7864326E-6	4.0800385E-3
3.1215000E+6	626.2922733E-3	93.3066574E-6	4.1733451E-3
3.1217500E+6	639.4208770E-3	93.2438830E-6	4.2665890E-3
3.1220000E+6	650.9346154E-3	93.4232382E-6	4.3600123E-3
3.1222500E+6	664.0860116E-3	95.2167905E-6	4.4552291E-3
3.1225000E+6	675.6753275E-3	95.5261782E-6	4.5507552E-3
3.1227500E+6	688.7917840E-3	95.9745663E-6	4.6467298E-3
3.1230000E+6	700.3719122E-3	95.6517269E-6	4.7423815E-3
3.1232500E+6	713.4975564E-3	95.3064681E-6	4.8376880E-3
3.1235000E+6	724.7501972E-3	95.8310821E-6	4.9335191E-3
3.1237500E+6	737.7600679E-3	96.9699877E-6	5.0304891E-3
3.1240000E+6	749.4006227E-3	96.3287928E-6	5.1268179E-3
3.1242500E+6	762.4472442E-3	97.2838594E-6	5.2241017E-3
3.1245000E+6	773.8611109E-3	97.7546668E-6	5.3218564E-3
3.1247500E+6	786.5912878E-3	97.3645692E-6	5.4192210E-3
3.1250000E+6	798.5311044E-3	98.2613453E-6	5.5174823E-3
3.1252500E+6	811.2880934E-3	98.3151519E-6	5.6157975E-3
3.1255000E+6	823.1946489E-3	98.5976364E-6	5.7143951E-3
3.1257500E+6	835.9080848E-3	99.0549922E-6	5.8134501E-3
3.1260000E+6	847.8975501E-3	98.6290235E-6	5.9120791E-3
3.1262500E+6	860.5741028E-3	98.8038949E-6	6.0108830E-3
3.1265000E+6	872.5770846E-3	100.0907686E-6	6.1109738E-3
3.1267500E+6	885.3557618E-3	99.8620907E-6	6.2108359E-3
3.1270000E+6	897.0122625E-3	100.9785769E-6	6.3118144E-3
3.1272500E+6	909.4090773E-3	100.2701238E-6	6.4120846E-3
3.1275000E+6	921.7276643E-3	100.4584468E-6	6.5125430E-3
3.1277500E+6	934.1928123E-3	101.6152880E-6	6.6141583E-3
3.1280000E+6	946.4552132E-3	102.3865154E-6	6.7165448E-3
3.1282500E+6	958.9127196E-3	101.7004817E-6	6.8182453E-3
3.1285000E+6	971.1518863E-3	103.0456459E-6	6.9212909E-3
3.1287500E+6	983.5994099E-3	102.7272904E-6	7.0240182E-3
3.1290000E+6	995.8927309E-3	103.5074856E-6	7.1275257E-3
3.1292500E+6	1.0083271E+0	103.7406474E-6	7.2312664E-3
3.1295000E+6	1.0202567E+0	104.4446166E-6	7.3357110E-3
3.1297500E+6	1.0322821E+0	104.4177133E-6	7.4401287E-3
3.1300000E+6	1.0449355E+0	104.7226172E-6	7.5448513E-3
3.1302500E+6	1.0569926E+0	105.3996832E-6	7.6502510E-3
3.1305000E+6	1.0696812E+0	105.0992632E-6	7.7553503E-3
3.1307500E+6	1.0816797E+0	105.3144894E-6	7.8606647E-3
3.1310000E+6	1.0944188E+0	106.0274264E-6	7.9666922E-3
3.1312500E+6	1.1064673E+0	106.1664267E-6	8.0728586E-3
3.1315000E+6	1.1191430E+0	106.3637175E-6	8.1792223E-3
3.1317500E+6	1.1312182E+0	107.8747852E-6	8.2870971E-3
3.1320000E+6	1.1438587E+0	107.2560097E-6	8.3943531E-3
3.1322500E+6	1.1559175E+0	107.7582043E-6	8.5021113E-3
3.1325000E+6	1.1682356E+0	107.8613336E-6	8.6099726E-3
3.1327500E+6	1.1798531E+0	109.0002392E-6	8.7189729E-3
3.1330000E+6	1.1928891E+0	108.3455927E-6	8.8273185E-3
3.1332500E+6	1.2077748E+0	109.2558204E-6	8.9365743E-3
3.1335000E+6	1.2172614E+0	109.0316264E-6	9.0456059E-3
3.1337500E+6	1.2287887E+0	110.4216294E-6	9.1560276E-3
3.1340000E+6	1.2418307E+0	110.6099523E-6	9.2666375E-3
3.1342500E+6	1.2534570E+0	110.8296625E-6	9.3774672E-3
3.1345000E+6	1.2666148E+0	111.9954714E-6	9.4894626E-3
3.1347510E+6	1.2782125E+0	111.8206001E-6	9.6012832E-3
3.1350000E+6	1.2912906E+0	111.1390502E-6	9.7124223E-3
3.1352500E+6	1.3028242E+0	111.2197601E-6	9.8236421E-3
3.1355000E+6	1.3155312E+0	112.6770213E-6	9.9363191E-3
3.1357500E+6	1.3274234E+0	112.1972460E-6	10.0485163E-3
3.1360000E+6	1.3402551E+0	113.6769266E-6	10.1621932E-3
3.1362500E+6	1.3521709E+0	112.9729574E-6	10.2751662E-3
3.1365000E+6	1.3649269E+0	113.3182162E-6	10.3884844E-3
3.1367500E+6	1.3768521E+0	113.8204108E-6	10.5023048E-3
3.1370000E+6	1.3897123E+0	114.7485741E-6	10.6170534E-3
3.1372500E+6	1.4015827E+0	115.3269947E-6	10.7323804E-3
3.1375000E+6	1.4144750E+0	115.0355424E-6	10.8474159E-3
3.1377500E+6	1.4263267E+0	116.3762227E-6	10.9637922E-3
3.1380000E+6	1.4392163E+0	115.4884144E-6	11.0792806E-3
3.1382500E+6	1.4511009E+0	116.8515140E-6	11.1961321E-3
3.1385000E+6	1.4639340E+0	117.1878051E-6	11.3133199E-3
3.1387500E+6	1.4758182E+0	117.0936436E-6	11.4304135E-3
3.1390000E+6	1.4806334E+0	118.0397424E-6	11.5484533E-3
3.1392500E+6	1.4693119E+0	116.0847705E-6	11.6645381E-3
3.1395000E+6	1.4568165E+0	116.9680949E-6	11.7815061E-3
3.1397500E+6	1.4446298E+0	116.3358678E-6	11.8978420E-3
3.1400000E+6	1.4321505E+0	115.5960275E-6	12.0134380E-3
3.1402500E+6	1.4199393E+0	115.7036406E-6	12.1291417E-3
3.1405000E+6	1.4073909E+0	114.8337678E-6	12.2439755E-3
3.1407500E+6	1.3951686E+0	114.4526380E-6	12.3584281E-3
3.1410000E+6	1.3826505E+0	114.7889290E-6	12.4732170E-3
3.1412500E+6	1.3704295E+0	113.8024753E-6	12.5870195E-3
3.1415000E+6	1.3578905E+0	113.4392810E-6	12.7004588E-3
3.1417500E+6	1.3457172E+0	113.8517980E-6	12.8143106E-3
3.1420000E+6	1.3331648E+0	112.4617950E-6	12.9267724E-3
3.1422500E+6	1.3212548E+0	111.8833744E-6	13.0386557E-3
3.1425000E+6	1.3092628E+0	112.1389556E-6	13.1507947E-3
3.1427500E+6	1.2965994E+0	111.6367610E-6	13.2624315E-3
3.1430000E+6	1.2844466E+0	111.6995353E-6	13.3741310E-3
3.1432500E+6	1.2718421E+0	110.9955661E-6	13.4851266E-3
3.1435000E+6	1.2597214E+0	110.8655335E-6	13.5959921E-3
3.1437500E+6	1.2471293E+0	110.3588550E-6	13.7063510E-3
3.1440000E+6	1.2349850E+0	109.5517565E-6	13.8159027E-3
3.1442510E+6	1.2223613E+0	109.9777252E-6	13.9258804E-3
3.1445000E+6	1.2102802E+0	109.3454980E-6	14.0352259E-3
3.1447500E+6	1.1977162E+0	108.8881422E-6	14.1441141E-3
3.1450000E+6	1.1861969E+0	108.3366249E-6	14.2524507E-3
3.1452500E+6	1.1733228E+0	108.7715613E-6	14.3612223E-3
3.1455000E+6	1.1616280E+0	107.4936554E-6	14.4687159E-3
3.1457500E+6	1.1486136E+0	107.8478819E-6	14.5765638E-3
3.1460000E+6	1.1368978E+0	106.9062670E-6	14.6834701E-3
3.1462500E+6	1.1239489E+0	107.5340103E-6	14.7910041E-3
3.1465000E+6	1.1122318E+0	106.5341049E-6	14.8975382E-3
3.1467500E+6	1.0992107E+0	105.9377488E-6	15.0034759E-3
3.1470000E+6	1.0875052E+0	105.6956193E-6	15.1091715E-3
3.1472500E+6	1.0744601E+0	104.7764238E-6	15.2139480E-3
3.1475010E+6	1.0626374E+0	105.1171987E-6	15.3190652E-3
3.1477500E+6	1.0497041E+0	104.7405527E-6	15.4238057E-3
3.1480000E+6	1.0385803E+0	103.6509697E-6	15.5274567E-3
3.1482500E+6	1.0254542E+0	103.9738091E-6	15.6314305E-3
3.1485000E+6	1.0138582E+0	103.4402274E-6	15.7348707E-3
3.1487500E+6	1.0007111E+0	102.9739038E-6	15.8378446E-3
3.1490000E+6	987.4093769E-3	102.7721292E-6	15.9406168E-3
3.1492500E+6	976.4260938E-3	102.9245811E-6	16.0435413E-3
3.1495000E+6	964.5565098E-3	101.9336435E-6	16.1454750E-3
3.1497500E+6	951.8040263E-3	102.0950632E-6	16.2475700E-3
3.1500000E+6	939.9988444E-3	102.2519990E-6	16.3498220E-3
3.1502500E+6	926.9513396E-3	102.1443859E-6	16.4519664E-3
3.1505000E+6	915.3188240E-3	101.9605468E-6	16.5539270E-3
3.1507500E+6	902.3430095E-3	100.2701238E-6	16.6541971E-3
3.1510000E+6	890.5338080E-3	100.7409313E-6	16.7549380E-3
3.1512500E+6	878.1300583E-3	99.5571868E-6	16.8544952E-3
3.1515000E+6	865.9047173E-3	99.8620907E-6	16.9543573E-3
3.1517500E+6	853.4645261E-3	98.7052495E-6	17.0530626E-3
3.1520000E+6	841.4329654E-3	99.0056695E-6	17.1520682E-3
3.1522500E+6	828.7557501E-3	99.1670892E-6	17.2512353E-3
3.1525000E+6	816.7650921E-3	98.2254743E-6	17.3494608E-3
3.1527500E+6	804.0846523E-3	97.8129573E-6	17.4472738E-3
3.1530000E+6	792.0187261E-3	97.2659239E-6	17.5445397E-3
3.1532500E+6	779.4497310E-3	98.2792809E-6	17.6428190E-3
3.1535000E+6	767.3459940E-3	97.2748916E-6	17.7400938E-3
3.1537500E+6	754.5318913E-3	96.7144066E-6	17.8368083E-3
3.1540000E+6	742.6335075E-3	95.9073081E-6	17.9327156E-3
3.1542500E+6	730.0305887E-3	97.0731170E-6	18.0297887E-3
3.1545000E+6	717.9526037E-3	96.3108573E-6	18.1260995E-3
3.1547500E+6	705.3388186E-3	95.4409845E-6	18.2215405E-3
3.1550000E+6	693.2130843E-3	95.5844687E-6	18.3171250E-3
3.1552500E+6	680.6077802E-3	94.5397245E-6	18.4116647E-3
3.1555000E+6	668.5359350E-3	95.1181451E-6	18.5067829E-3
3.1557500E+6	655.8968839E-3	94.8984349E-6	18.6016813E-3
3.1560000E+6	643.8103296E-3	93.8536908E-6	18.6955350E-3
3.1562500E+6	631.8586309E-3	93.9882072E-6	18.7895232E-3
3.1565000E+6	619.4512592E-3	93.3156251E-6	18.8828388E-3
3.1567500E+6	607.1189790E-3	92.8537854E-6	18.9756926E-3
3.1570000E+6	594.7340464E-3	92.4188490E-6	19.0681115E-3
3.1572500E+6	582.4678909E-3	92.5802687E-6	19.1606917E-3
3.1575000E+6	570.0049073E-3	92.5354299E-6	19.2532272E-3
3.1577500E+6	557.7766067E-3	91.5175890E-6	19.3447447E-3
3.1580000E+6	545.3029336E-3	91.9883965E-6	19.4367331E-3
3.1582500E+6	533.0087734E-3	91.4996535E-6	19.5282328E-3
3.1585000E+6	520.5839098E-3	91.2395884E-6	19.6194724E-3
3.1587500E+6	508.3260144E-3	90.7239422E-6	19.7101963E-3
3.1590000E+6	496.2050505E-3	90.2262314E-6	19.8004226E-3
3.1592500E+6	484.2546770E-3	89.4594879E-6	19.8898820E-3
3.1595000E+6	471.2235597E-3	89.8092305E-6	19.9796913E-3
3.1597500E+6	459.8666300E-3	89.6791980E-6	20.0693705E-3
3.1600000E+6	446.8183301E-3	88.6613571E-6	20.1580318E-3
3.1602500E+6	435.0205248E-3	89.9661664E-6	20.2479980E-3
3.1605000E+6	422.1358803E-3	88.0739688E-6	20.3360720E-3
3.1607500E+6	410.3829974E-3	88.6075506E-6	20.4246795E-3
3.1610000E+6	397.5013565E-3	88.3250661E-6	20.5130046E-3
3.1612500E+6	385.6360130E-3	87.2892897E-6	20.6002939E-3
3.1615000E+6	372.7542396E-3	87.9708395E-6	20.6882647E-3
3.1617510E+6	360.9035169E-3	87.1009667E-6	20.7753657E-3
3.1620000E+6	348.4151788E-3	86.6256754E-6	20.8619913E-3
3.1622500E+6	336.3540673E-3	87.0650956E-6	20.9490564E-3
3.1625000E+6	323.3756909E-3	85.8992867E-6	21.0349557E-3
3.1627500E+6	311.7467974E-3	85.5674795E-6	21.1205232E-3
3.1630010E+6	298.6473469E-3	85.7064798E-6	21.2062297E-3
3.1632500E+6	287.3687774E-3	85.7244154E-6	21.2919541E-3
3.1635000E+6	274.4113382E-3	86.5808365E-6	21.3785349E-3
3.1637500E+6	262.7361088E-3	86.1324485E-6	21.4646674E-3
3.1640000E+6	249.7268123E-3	86.0607064E-6	21.5507281E-3
3.1642500E+6	238.4339312E-3	84.9487040E-6	21.6356768E-3
3.1645000E+6	225.3928312E-3	84.5720581E-6	21.7202489E-3
3.1647500E+6	213.7759965E-3	84.9487040E-6	21.8051976E-3
3.1650000E+6	200.7353824E-3	84.4240900E-6	21.8896217E-3
3.1652500E+6	189.0529972E-3	83.3658942E-6	21.9729875E-3
3.1655000E+6	176.0241328E-3	83.9712181E-6	22.0569588E-3
3.1657500E+6	164.3404224E-3	83.9443148E-6	22.1409031E-3
3.1660000E+6	151.3275922E-3	83.7784112E-6	22.2246815E-3
3.1662500E+6	139.8928765E-3	83.8949921E-6	22.3085765E-3
3.1665000E+6	127.1869498E-3	82.7112476E-6	22.3912877E-3
3.1667510E+6	115.2060979E-3	83.8367017E-6	22.4751244E-3
3.1670000E+6	102.4348415E-3	82.8995706E-6	22.5580240E-3
3.1672500E+6	89.6357042E-3	83.3524426E-6	22.6413764E-3
3.1675000E+6	77.8090220E-3	82.6484733E-6	22.7240249E-3
3.1677500E+6	65.7696340E-3	81.7516972E-6	22.8057766E-3
3.1680000E+6	53.0972061E-3	36.8949563E-6	22.8426716E-3
3.1682500E+6	41.1295529E-3	8.3819600E-6	22.8510535E-3
3.1685000E+6	28.4171701E-3	5.2880825E-6	22.8563416E-3
3.1687500E+6	16.4569545E-3	2.1090112E-6	22.8584506E-3
3.1690010E+6	4.2838722E-3	2.4183989E-6	22.8608690E-3
