Acquisition Time (ms)	Shunt Voltage (V)	Sample Voltage (V)	Integrated Sample Voltage (V)		
milliseconds	Volts	Volts	Volts		
3.2622500E+6	4.7616200E-3	988.0410183E-9	988.0410183E-9
3.2625000E+6	17.4383076E-3	2.7098511E-6	3.6978922E-6
3.2627500E+6	29.3120784E-3	3.9294666E-6	7.6273588E-6
3.2630000E+6	42.0861124E-3	5.7409544E-6	13.3683132E-6
3.2632500E+6	54.0060198E-3	12.0990970E-6	25.4674102E-6
3.2635000E+6	66.7338948E-3	71.4746430E-6	96.9420532E-6
3.2637500E+6	78.6939629E-3	81.9400202E-6	178.8820734E-6
3.2640000E+6	91.0956767E-3	82.0566011E-6	260.9386745E-6
3.2642500E+6	102.6036845E-3	82.5049891E-6	343.4436636E-6
3.2645000E+6	115.7734019E-3	82.2404402E-6	425.6841038E-6
3.2647500E+6	130.6496847E-3	82.5856990E-6	508.2698028E-6
3.2650000E+6	140.0946960E-3	82.8592157E-6	591.1290185E-6
3.2652510E+6	151.4649214E-3	83.6214754E-6	674.7504939E-6
3.2655000E+6	164.1177982E-3	83.6528626E-6	758.4033565E-6
3.2657500E+6	176.0909201E-3	82.9578611E-6	841.3612175E-6
3.2660000E+6	188.7449012E-3	84.0295085E-6	925.3907261E-6
3.2662510E+6	200.7646681E-3	83.7604757E-6	1.0091512E-3
3.2665000E+6	213.5329650E-3	84.3882190E-6	1.0935394E-3
3.2667500E+6	225.4613854E-3	84.1371217E-6	1.1776765E-3
3.2670000E+6	238.2123670E-3	83.9712181E-6	1.2616478E-3
3.2672500E+6	250.1874325E-3	85.0652849E-6	1.3467130E-3
3.2675000E+6	262.8941101E-3	84.8724781E-6	1.4315855E-3
3.2677510E+6	274.8953693E-3	85.3522533E-6	1.5169378E-3
3.2680000E+6	287.5959955E-3	84.9756073E-6	1.6019134E-3
3.2682500E+6	299.5703983E-3	85.6706088E-6	1.6875840E-3
3.2685000E+6	312.3768594E-3	86.0293192E-6	1.7736133E-3
3.2687500E+6	324.2392875E-3	86.9529986E-6	1.8605663E-3
3.2690000E+6	337.0274616E-3	85.8723834E-6	1.9464387E-3
3.2692500E+6	348.9691775E-3	86.7736434E-6	2.0332123E-3
3.2695000E+6	361.7259899E-3	87.3296446E-6	2.1205420E-3
3.2697500E+6	373.3579312E-3	87.2265153E-6	2.2077685E-3
3.2700000E+6	385.7483411E-3	88.0201622E-6	2.2957887E-3
3.2702500E+6	398.0535883E-3	88.0380977E-6	2.3838268E-3
3.2705000E+6	410.4996543E-3	88.4012920E-6	2.4722280E-3
3.2707500E+6	422.7536184E-3	87.8049359E-6	2.5600330E-3
3.2710010E+6	435.1755667E-3	89.2846165E-6	2.6493176E-3
3.2712500E+6	447.4524117E-3	88.8272607E-6	2.7381449E-3
3.2715000E+6	459.9242738E-3	90.0692956E-6	2.8282142E-3
3.2717500E+6	472.1447560E-3	89.9347792E-6	2.9181489E-3
3.2720000E+6	484.5833128E-3	90.0468762E-6	3.0081958E-3
3.2722500E+6	496.8628522E-3	89.4415523E-6	3.0976374E-3
3.2725000E+6	509.2717258E-3	91.0064266E-6	3.1886438E-3
3.2727500E+6	521.5107600E-3	90.5804580E-6	3.2792243E-3
3.2730000E+6	533.4370159E-3	90.9750395E-6	3.3701993E-3
3.2732500E+6	546.0011964E-3	91.7507508E-6	3.4619500E-3
3.2735000E+6	557.9335038E-3	91.9435577E-6	3.5538936E-3
3.2737500E+6	570.6195093E-3	91.1230075E-6	3.6450166E-3
3.2740000E+6	582.5577799E-3	91.9570093E-6	3.7369736E-3
3.2742500E+6	595.3069505E-3	92.6833980E-6	3.8296570E-3
3.2745000E+6	607.3395272E-3	93.9254329E-6	3.9235824E-3
3.2747500E+6	620.0011058E-3	93.2304314E-6	4.0168129E-3
3.2750000E+6	632.0483474E-3	94.2034335E-6	4.1110163E-3
3.2752500E+6	644.6900047E-3	92.9838180E-6	4.2040001E-3
3.2755000E+6	656.7107434E-3	93.7146905E-6	4.2977148E-3
3.2757500E+6	669.4054948E-3	94.3783048E-6	4.3920931E-3
3.2760000E+6	681.5109986E-3	93.9747556E-6	4.4860679E-3
3.2762500E+6	694.0945262E-3	95.4365006E-6	4.5815044E-3
3.2765000E+6	706.1706560E-3	95.1315967E-6	4.6766360E-3
3.2767500E+6	718.8555571E-3	95.2392099E-6	4.7718752E-3
3.2770000E+6	730.8477611E-3	96.3512122E-6	4.8682264E-3
3.2772500E+6	743.5290402E-3	96.3198251E-6	4.9645462E-3
3.2775000E+6	755.4793696E-3	96.5619546E-6	5.0611082E-3
3.2777500E+6	768.1790240E-3	97.4990857E-6	5.1586073E-3
3.2780000E+6	780.2378827E-3	98.0147319E-6	5.2566220E-3
3.2782500E+6	792.5554538E-3	97.7815701E-6	5.3544036E-3
3.2785000E+6	804.2108502E-3	97.7456991E-6	5.4521493E-3
3.2787500E+6	817.1532711E-3	97.9654092E-6	5.5501147E-3
3.2790000E+6	828.7626850E-3	99.3285089E-6	5.6494432E-3
3.2792500E+6	841.7785189E-3	98.5124427E-6	5.7479556E-3
3.2795000E+6	853.4114320E-3	99.5930579E-6	5.8475487E-3
3.2797500E+6	866.5143721E-3	99.9652199E-6	5.9475139E-3
3.2800000E+6	878.1563403E-3	99.9203811E-6	6.0474343E-3
3.2802500E+6	891.0107716E-3	100.3104787E-6	6.1477448E-3
3.2805000E+6	902.3908472E-3	100.5974471E-6	6.2483422E-3
3.2807500E+6	915.5160938E-3	101.1310289E-6	6.3494732E-3
3.2810000E+6	927.0880503E-3	101.5211265E-6	6.4509944E-3
3.2812500E+6	940.1891793E-3	101.2969325E-6	6.5522913E-3
3.2815000E+6	951.8179845E-3	102.0457405E-6	6.6543370E-3
3.2817500E+6	964.9863867E-3	102.3416766E-6	6.7566787E-3
3.2820000E+6	976.5494205E-3	101.7632560E-6	6.8584420E-3
3.2822500E+6	989.6703826E-3	102.9828715E-6	6.9614248E-3
3.2825000E+6	1.0011924E+0	103.0321942E-6	7.0644570E-3
3.2827500E+6	1.0138217E+0	103.8079056E-6	7.1682649E-3
3.2830000E+6	1.0256655E+0	103.7047763E-6	7.2719697E-3
3.2832500E+6	1.0385817E+0	104.2024871E-6	7.3761722E-3
3.2835000E+6	1.0503994E+0	104.4939393E-6	7.4806661E-3
3.2837500E+6	1.0633084E+0	103.8482605E-6	7.5845144E-3
3.2840000E+6	1.0751153E+0	105.7808130E-6	7.6902952E-3
3.2842500E+6	1.0879722E+0	105.3189733E-6	7.7956142E-3
3.2845010E+6	1.0998550E+0	106.3816530E-6	7.9019958E-3
3.2847500E+6	1.1126659E+0	105.7001031E-6	8.0076959E-3
3.2850000E+6	1.1245316E+0	105.8077163E-6	8.1135037E-3
3.2852500E+6	1.1374351E+0	106.6192987E-6	8.2201230E-3
3.2855000E+6	1.1492529E+0	107.7492366E-6	8.3278722E-3
3.2857500E+6	1.1621906E+0	107.4667521E-6	8.4353390E-3
3.2860000E+6	1.1736841E+0	107.5115909E-6	8.5428505E-3
3.2862510E+6	1.1862424E+0	107.4802037E-6	8.6503307E-3
3.2865000E+6	1.1984115E+0	108.5070124E-6	8.7588378E-3
3.2867500E+6	1.2132623E+0	108.8298518E-6	8.8676676E-3
3.2870000E+6	1.2231355E+0	109.6997246E-6	8.9773673E-3
3.2872500E+6	1.2356233E+0	110.4440488E-6	9.0878114E-3
3.2875000E+6	1.2475819E+0	110.3678228E-6	9.1981792E-3
3.2877500E+6	1.2596991E+0	108.7984646E-6	9.3069777E-3
3.2880000E+6	1.2722323E+0	110.8117270E-6	9.4177894E-3
3.2882510E+6	1.2844996E+0	110.5875329E-6	9.5283769E-3
3.2885000E+6	1.2969380E+0	111.7712774E-6	9.6401482E-3
3.2887500E+6	1.3091055E+0	112.9415702E-6	9.7530898E-3
3.2890000E+6	1.3216864E+0	112.2600204E-6	9.8653498E-3
3.2892500E+6	1.3337506E+0	112.3541819E-6	9.9777040E-3
3.2895000E+6	1.3464135E+0	113.2106030E-6	10.0909146E-3
3.2897500E+6	1.3585275E+0	113.6858944E-6	10.2046005E-3
3.2900000E+6	1.3711432E+0	114.4526380E-6	10.3190531E-3
3.2902500E+6	1.3832875E+0	114.3405409E-6	10.4333937E-3
3.2905000E+6	1.3958288E+0	114.0042499E-6	10.5473979E-3
3.2907500E+6	1.4072528E+0	114.0804759E-6	10.6614784E-3
3.2910000E+6	1.4201794E+0	115.0534779E-6	10.7765319E-3
3.2912510E+6	1.4319660E+0	115.7933182E-6	10.8923252E-3
3.2915000E+6	1.4449448E+0	116.4748681E-6	11.0088000E-3
3.2917500E+6	1.4566526E+0	115.7036406E-6	11.1245037E-3
3.2920000E+6	1.4696830E+0	115.7708988E-6	11.2402746E-3
3.2922500E+6	1.4809501E+0	116.9680949E-6	11.3572427E-3
3.2925000E+6	1.4745205E+0	116.8201269E-6	11.4740628E-3
3.2927500E+6	1.4629383E+0	116.5645457E-6	11.5906274E-3
3.2930000E+6	1.4499057E+0	115.6812212E-6	11.7063086E-3
3.2932500E+6	1.4381552E+0	115.4659950E-6	11.8217746E-3
3.2935000E+6	1.4251666E+0	115.8336732E-6	11.9376082E-3
3.2937500E+6	1.4134058E+0	115.2148976E-6	12.0528231E-3
3.2940000E+6	1.4008138E+0	114.3584765E-6	12.1671816E-3
3.2942500E+6	1.3893466E+0	114.1432502E-6	12.2813249E-3
3.2945000E+6	1.3761678E+0	113.9818305E-6	12.3953067E-3
3.2947500E+6	1.3645451E+0	114.2239600E-6	12.5095307E-3
3.2950000E+6	1.3514323E+0	112.1120523E-6	12.6216427E-3
3.2952500E+6	1.3398867E+0	113.7352171E-6	12.7353779E-3
3.2955000E+6	1.3267151E+0	112.3362463E-6	12.8477142E-3
3.2957500E+6	1.3151008E+0	111.7892129E-6	12.9595034E-3
3.2960000E+6	1.3019341E+0	111.5381156E-6	13.0710415E-3
3.2962500E+6	1.2903952E+0	110.8162108E-6	13.1818577E-3
3.2965000E+6	1.2772650E+0	110.3857583E-6	13.2922435E-3
3.2967500E+6	1.2660112E+0	110.3902422E-6	13.4026337E-3
3.2970000E+6	1.2530409E+0	109.4127562E-6	13.5120465E-3
3.2972500E+6	1.2412418E+0	110.2288225E-6	13.6222753E-3
3.2975010E+6	1.2282435E+0	109.6100470E-6	13.7318853E-3
3.2977500E+6	1.2165477E+0	109.2154655E-6	13.8411008E-3
3.2980000E+6	1.2035895E+0	108.2514312E-6	13.9493522E-3
3.2982500E+6	1.1918385E+0	108.4397542E-6	14.0577920E-3
3.2985000E+6	1.1788286E+0	108.5428834E-6	14.1663349E-3
3.2987500E+6	1.1671796E+0	108.3231733E-6	14.2746580E-3
3.2990000E+6	1.1541630E+0	107.5205586E-6	14.3821786E-3
3.2992500E+6	1.1424116E+0	107.8344303E-6	14.4900130E-3
3.2995010E+6	1.1298993E+0	107.4802037E-6	14.5974932E-3
3.2997500E+6	1.1179536E+0	106.4264918E-6	14.7039197E-3
3.3000000E+6	1.1052863E+0	105.8077163E-6	14.8097274E-3
3.3002500E+6	1.0932484E+0	105.8839423E-6	14.9156114E-3
3.3005000E+6	1.0806292E+0	105.3324249E-6	15.0209438E-3
3.3007500E+6	1.0685525E+0	105.7763291E-6	15.1267201E-3
3.3010000E+6	1.0558522E+0	104.8930047E-6	15.2316131E-3
3.3012500E+6	1.0438246E+0	104.9378435E-6	15.3365510E-3
3.3015000E+6	1.0311229E+0	103.8123894E-6	15.4403634E-3
3.3017500E+6	1.0190583E+0	102.8618068E-6	15.5432252E-3
3.3020000E+6	1.0064422E+0	104.0231318E-6	15.6472483E-3
3.3022510E+6	993.4758441E-3	103.3460659E-6	15.7505944E-3
3.3025000E+6	981.6907602E-3	102.6017417E-6	15.8531961E-3
3.3027500E+6	969.9353154E-3	102.0726438E-6	15.9552688E-3
3.3030000E+6	957.5938917E-3	101.6735784E-6	16.0569424E-3
3.3032500E+6	945.2762322E-3	100.5301889E-6	16.1574725E-3
3.3035000E+6	932.8999131E-3	100.6019310E-6	16.2580745E-3
3.3037500E+6	920.5352110E-3	101.0637707E-6	16.3591382E-3
3.3040000E+6	908.3193226E-3	100.1983817E-6	16.4593366E-3
3.3042500E+6	895.8512151E-3	100.4539629E-6	16.5597906E-3
3.3045000E+6	883.5702180E-3	100.1894140E-6	16.6599800E-3
3.3047500E+6	871.1176589E-3	99.8576068E-6	16.7598376E-3
3.3050000E+6	858.7044123E-3	99.0684438E-6	16.8589061E-3
3.3052500E+6	846.4091920E-3	99.0236050E-6	16.9579297E-3
3.3055000E+6	835.0350354E-3	98.7994110E-6	17.0567291E-3
3.3057500E+6	822.1074120E-3	98.0819901E-6	17.1548111E-3
3.3060000E+6	810.3541758E-3	97.8264089E-6	17.2526375E-3
3.3062500E+6	797.4004911E-3	98.2254743E-6	17.3508629E-3
3.3065000E+6	785.6388623E-3	97.0417298E-6	17.4479047E-3
3.3067500E+6	772.7004610E-3	96.6247289E-6	17.5445294E-3
3.3070000E+6	760.8962951E-3	96.6516322E-6	17.6411810E-3
3.3072500E+6	748.0556895E-3	95.9790501E-6	17.7371601E-3
3.3075000E+6	736.1273133E-3	96.7009549E-6	17.8338610E-3
3.3077510E+6	723.3088376E-3	95.5396299E-6	17.9294007E-3
3.3080000E+6	711.5937655E-3	95.3288875E-6	18.0247296E-3
3.3082500E+6	698.6607090E-3	94.6114666E-6	18.1193410E-3
3.3085000E+6	686.8193065E-3	94.4904018E-6	18.2138314E-3
3.3087500E+6	673.9433637E-3	94.4500469E-6	18.3082815E-3
3.3090000E+6	662.7139570E-3	93.4815287E-6	18.4017630E-3
3.3092500E+6	649.6535099E-3	93.1990442E-6	18.4949620E-3
3.3095000E+6	638.0228054E-3	93.4322060E-6	18.5883942E-3
3.3097500E+6	624.9542307E-3	93.2349153E-6	18.6816292E-3
3.3100000E+6	613.5550289E-3	92.0287514E-6	18.7736579E-3
3.3102500E+6	600.6542618E-3	92.8134305E-6	18.8664713E-3
3.3105000E+6	589.0649459E-3	91.4996535E-6	18.9579710E-3
3.3107500E+6	575.7645593E-3	91.5624278E-6	19.0495334E-3
3.3110010E+6	564.3664618E-3	92.9389791E-6	19.1424724E-3
3.3112500E+6	551.2827363E-3	91.4727502E-6	19.2339452E-3
3.3115000E+6	539.6530477E-3	91.5355245E-6	19.3254807E-3
3.3117500E+6	526.6181318E-3	91.2126851E-6	19.4166934E-3
3.3120000E+6	514.9336705E-3	90.5759741E-6	19.5072693E-3
3.3122500E+6	501.9289237E-3	90.6656517E-6	19.5979350E-3
3.3125000E+6	490.2395152E-3	90.1096505E-6	19.6880446E-3
3.3127500E+6	477.2465622E-3	90.6073613E-6	19.7786520E-3
3.3130000E+6	465.5553427E-3	89.8809726E-6	19.8685330E-3
3.3132500E+6	452.4501941E-3	88.6075506E-6	19.9571405E-3
3.3135000E+6	440.8645002E-3	88.6792926E-6	20.0458198E-3
3.3137500E+6	428.2360944E-3	89.2083905E-6	20.1350282E-3
3.3140000E+6	416.3669964E-3	88.8810673E-6	20.2239093E-3
3.3142500E+6	403.7078914E-3	88.2219368E-6	20.3121312E-3
3.3145000E+6	391.7148482E-3	87.2309992E-6	20.3993622E-3
3.3147500E+6	378.9442544E-3	87.1727088E-6	20.4865349E-3
3.3150000E+6	367.0239174E-3	87.4731288E-6	20.5740081E-3
3.3152500E+6	354.2208134E-3	87.1592571E-6	20.6611673E-3
3.3155000E+6	342.3426602E-3	87.3117091E-6	20.7484790E-3
3.3157500E+6	329.5365967E-3	86.1055452E-6	20.8345846E-3
3.3160000E+6	317.6555723E-3	86.6391270E-6	20.9212237E-3
3.3162500E+6	304.8548094E-3	85.7827058E-6	21.0070064E-3
3.3165000E+6	292.9176872E-3	86.2086745E-6	21.0932151E-3
3.3167500E+6	280.2022194E-3	85.2087691E-6	21.1784238E-3
3.3170000E+6	268.2404496E-3	85.5809312E-6	21.2640048E-3
3.3172500E+6	255.4681331E-3	84.2850897E-6	21.3482899E-3
3.3175000E+6	243.5618427E-3	84.4689288E-6	21.4327588E-3
3.3177500E+6	230.7635975E-3	84.5092837E-6	21.5172681E-3
3.3180000E+6	218.8427305E-3	85.5047052E-6	21.6027728E-3
3.3182500E+6	206.0254916E-3	83.5811205E-6	21.6863539E-3
3.3185000E+6	194.1350146E-3	84.2447348E-6	21.7705986E-3
3.3187500E+6	181.5537839E-3	84.0967667E-6	21.8546954E-3
3.3190000E+6	169.7512523E-3	83.5721527E-6	21.9382676E-3
3.3192500E+6	157.3120329E-3	82.8816351E-6	22.0211492E-3
3.3195000E+6	145.0498529E-3	83.4824751E-6	22.1046317E-3
3.3197500E+6	132.5755172E-3	83.4197008E-6	22.1880514E-3
3.3200000E+6	120.3878102E-3	82.4556665E-6	22.2705070E-3
3.3202500E+6	107.8834821E-3	82.9085384E-6	22.3534156E-3
3.3205000E+6	95.0815421E-3	82.7829897E-6	22.4361986E-3
3.3207500E+6	83.2231427E-3	82.1014399E-6	22.5183000E-3
3.3210000E+6	70.9611216E-3	66.8114073E-6	22.5851114E-3
3.3212500E+6	58.5231627E-3	10.4041901E-6	22.5955156E-3
3.3215000E+6	46.3006317E-3	7.1130218E-6	22.6026286E-3
3.3217500E+6	33.8916277E-3	3.5752401E-6	22.6062039E-3
3.3220000E+6	21.6366151E-3	3.1851425E-6	22.6093890E-3
3.3222500E+6	9.1673278E-3	1.5933649E-6	22.6109824E-3
