Acquisition Time (ms)	Shunt Voltage (V)	Sample Voltage (V)	Integrated Sample Voltage (V)		
milliseconds	Volts	Volts	Volts		
5.3132500E+6	3.8098432E-3	750.3953500E-9	750.3953500E-9
5.3135000E+6	16.5633745E-3	400.6526683E-9	1.1510480E-6
5.3137500E+6	27.9700400E-3	992.5248989E-9	2.1435729E-6
5.3140000E+6	40.6043946E-3	1.5081712E-6	3.6517441E-6
5.3142500E+6	52.5298937E-3	1.4140097E-6	5.0657537E-6
5.3145000E+6	65.2242189E-3	660.7177393E-9	5.7264715E-6
5.3147500E+6	77.1535932E-3	974.5893767E-9	6.7010609E-6
5.3150000E+6	89.3827395E-3	1.2346544E-6	7.9357153E-6
5.3152500E+6	101.5073653E-3	889.3956466E-9	8.8251110E-6
5.3155000E+6	113.9209240E-3	1.3108804E-6	10.1359914E-6
5.3157500E+6	128.7815844E-3	642.7822172E-9	10.7787736E-6
5.3160000E+6	138.5687480E-3	961.1377351E-9	11.7399113E-6
5.3162500E+6	150.7974461E-3	1.1449768E-6	12.8848882E-6
5.3165000E+6	163.1785358E-3	1.7996234E-6	14.6845116E-6
5.3167500E+6	175.4629341E-3	849.0407218E-9	15.5335523E-6
5.3170000E+6	187.8094817E-3	2.1224628E-6	17.6560151E-6
5.3172500E+6	200.0531097E-3	2.1493661E-6	19.8053812E-6
5.3175000E+6	212.5339386E-3	2.1807532E-6	21.9861344E-6
5.3177500E+6	224.6819796E-3	2.5618831E-6	24.5480175E-6
5.3180000E+6	237.1659446E-3	3.7814986E-6	28.3295161E-6
5.3182500E+6	249.4014893E-3	3.2613684E-6	31.5908845E-6
5.3185000E+6	261.7235217E-3	4.5258228E-6	36.1167073E-6
5.3187500E+6	274.0094660E-3	5.7723415E-6	41.8890488E-6
5.3190000E+6	286.3023894E-3	5.6961156E-6	47.5851644E-6
5.3192500E+6	298.3694641E-3	6.9874732E-6	54.5726376E-6
5.3195000E+6	310.3754937E-3	8.2519275E-6	62.8245651E-6
5.3197510E+6	322.9550459E-3	8.7541221E-6	71.5786872E-6
5.3200000E+6	335.0254775E-3	9.0679937E-6	80.6466809E-6
5.3202500E+6	347.5900997E-3	10.3055448E-6	90.9522257E-6
5.3205000E+6	359.6034176E-3	11.7852253E-6	102.7374510E-6
5.3207500E+6	372.2250210E-3	39.5942524E-6	142.3317035E-6
5.3210000E+6	384.1767639E-3	60.6505554E-6	202.9822589E-6
5.3212500E+6	396.8731497E-3	76.6221379E-6	279.6043967E-6
5.3215000E+6	409.1370082E-3	83.7470241E-6	363.3514208E-6
5.3217500E+6	421.5153151E-3	84.7200261E-6	448.0714469E-6
5.3220000E+6	432.9647399E-3	85.3298339E-6	533.4012808E-6
5.3222500E+6	445.7297239E-3	84.7514133E-6	618.1526941E-6
5.3225010E+6	457.3881240E-3	86.3880297E-6	704.5407238E-6
5.3227500E+6	470.3915899E-3	86.0920936E-6	790.6328173E-6
5.3230000E+6	481.9684936E-3	86.4104491E-6	877.0432664E-6
5.3232500E+6	495.0714336E-3	87.2220315E-6	964.2652979E-6
5.3235010E+6	506.2081243E-3	86.2490294E-6	1.0505143E-3
5.3237500E+6	519.2439237E-3	88.2353885E-6	1.1387497E-3
5.3240000E+6	530.8259955E-3	87.9977428E-6	1.2267475E-3
5.3242500E+6	543.8473066E-3	87.8273553E-6	1.3145748E-3
5.3245000E+6	555.4294225E-3	88.5940989E-6	1.4031689E-3
5.3247500E+6	568.5089959E-3	88.4147437E-6	1.4915837E-3
5.3250010E+6	580.0630187E-3	89.6298753E-6	1.5812135E-3
5.3252500E+6	593.1470976E-3	89.8809726E-6	1.6710945E-3
5.3255000E+6	604.6825684E-3	89.1814873E-6	1.7602760E-3
5.3257500E+6	617.8328161E-3	91.1678463E-6	1.8514438E-3
5.3260000E+6	629.3658133E-3	90.7104905E-6	1.9421543E-3
5.3262500E+6	642.0310140E-3	90.3652317E-6	2.0325196E-3
5.3265010E+6	653.7567756E-3	91.8852672E-6	2.1244048E-3
5.3267500E+6	666.5954376E-3	91.9435577E-6	2.2163484E-3
5.3270000E+6	678.4067594E-3	92.0960096E-6	2.3084444E-3
5.3272500E+6	691.2579662E-3	91.5982989E-6	2.4000427E-3
5.3275000E+6	703.0390746E-3	92.9165597E-6	2.4929593E-3
5.3277500E+6	715.9350271E-3	92.2529454E-6	2.5852122E-3
5.3280000E+6	727.6944473E-3	93.4949803E-6	2.6787072E-3
5.3282500E+6	740.5141598E-3	93.7909164E-6	2.7724981E-3
5.3285000E+6	752.3238472E-3	94.3917564E-6	2.8668899E-3
5.3287500E+6	765.1284531E-3	93.8133359E-6	2.9607032E-3
5.3290000E+6	776.9044377E-3	94.6787248E-6	3.0553819E-3
5.3292500E+6	789.7445132E-3	95.5261782E-6	3.1509081E-3
5.3295000E+6	801.3274242E-3	95.4185651E-6	3.2463267E-3
5.3297500E+6	813.7511394E-3	96.3736316E-6	3.3427003E-3
5.3300000E+6	825.8684370E-3	96.2391152E-6	3.4389394E-3
5.3302500E+6	838.4552333E-3	96.4050188E-6	3.5353444E-3
5.3305000E+6	850.5257091E-3	96.5215997E-6	3.6318660E-3
5.3307500E+6	863.0428911E-3	96.7816648E-6	3.7286477E-3
5.3310000E+6	875.2226914E-3	97.7456991E-6	3.8263934E-3
5.3312500E+6	887.7654487E-3	97.7456991E-6	3.9241391E-3
5.3315000E+6	899.8093775E-3	98.0326674E-6	4.0221718E-3
5.3317500E+6	912.3820830E-3	98.0102480E-6	4.1201820E-3
5.3320000E+6	924.5167400E-3	98.9787662E-6	4.2191608E-3
5.3322500E+6	937.0045922E-3	98.7904432E-6	4.3179512E-3
5.3325000E+6	949.1652220E-3	98.2389259E-6	4.4161901E-3
5.3327500E+6	961.5149941E-3	99.8172519E-6	4.5160074E-3
5.3330000E+6	973.7706368E-3	100.9965125E-6	4.6170039E-3
5.3332500E+6	986.2169678E-3	100.7902540E-6	4.7177942E-3
5.3335000E+6	998.1369513E-3	100.5122534E-6	4.8183064E-3
5.3337500E+6	1.0102270E+0	101.0054802E-6	4.9193119E-3
5.3340000E+6	1.0227852E+0	101.9695145E-6	5.0212814E-3
5.3342500E+6	1.0349601E+0	102.4896447E-6	5.1237710E-3
5.3345000E+6	1.0474463E+0	102.7362581E-6	5.2265073E-3
5.3347500E+6	1.0595886E+0	102.6196772E-6	5.3291270E-3
5.3350010E+6	1.0721037E+0	103.6150987E-6	5.4327421E-3
5.3352500E+6	1.0841125E+0	103.5119694E-6	5.5362540E-3
5.3355000E+6	1.0967965E+0	103.3101948E-6	5.6395642E-3
5.3357500E+6	1.1088374E+0	104.4535844E-6	5.7440178E-3
5.3360000E+6	1.1211112E+0	104.1128094E-6	5.8481306E-3
5.3362500E+6	1.1329173E+0	104.8033270E-6	5.9529340E-3
5.3365000E+6	1.1460668E+0	104.6598429E-6	6.0575938E-3
5.3367500E+6	1.1573328E+0	105.4490058E-6	6.1630428E-3
5.3370000E+6	1.1703948E+0	105.7090709E-6	6.2687519E-3
5.3372500E+6	1.1820278E+0	105.8301357E-6	6.3745820E-3
5.3375000E+6	1.1950938E+0	107.1887515E-6	6.4817708E-3
5.3377500E+6	1.2098828E+0	105.8346196E-6	6.5876054E-3
5.3380000E+6	1.2196697E+0	107.3367195E-6	6.6949421E-3
5.3382500E+6	1.2313351E+0	107.2156548E-6	6.8021578E-3
5.3385000E+6	1.2443321E+0	108.1886568E-6	6.9103464E-3
5.3387500E+6	1.2556345E+0	109.0674974E-6	7.0194139E-3
5.3390000E+6	1.2689353E+0	107.8120109E-6	7.1272259E-3
5.3392500E+6	1.2801740E+0	109.5517565E-6	7.2367777E-3
5.3395000E+6	1.2932066E+0	109.3365303E-6	7.3461142E-3
5.3397500E+6	1.3047616E+0	109.6459180E-6	7.4557601E-3
5.3400000E+6	1.3179261E+0	110.1884676E-6	7.5659486E-3
5.3402500E+6	1.3294441E+0	109.3634335E-6	7.6753120E-3
5.3405000E+6	1.3425369E+0	110.1077577E-6	7.7854198E-3
5.3407500E+6	1.3541471E+0	112.4797305E-6	7.8978995E-3
5.3410000E+6	1.3667485E+0	111.1569858E-6	8.0090565E-3
5.3412500E+6	1.3785186E+0	111.1659535E-6	8.1202225E-3
5.3415000E+6	1.3914074E+0	111.3094377E-6	8.2315319E-3
5.3417500E+6	1.4031503E+0	111.9057938E-6	8.3434377E-3
5.3420000E+6	1.4161108E+0	113.8652496E-6	8.4573029E-3
5.3422500E+6	1.4278320E+0	113.3496033E-6	8.5706525E-3
5.3425000E+6	1.4407488E+0	112.9953768E-6	8.6836479E-3
5.3427500E+6	1.4524726E+0	113.3451195E-6	8.7969930E-3
5.3430010E+6	1.4654678E+0	113.3182162E-6	8.9103113E-3
5.3432500E+6	1.4771560E+0	114.9055099E-6	9.0252168E-3
5.3435000E+6	1.4719803E+0	113.1478287E-6	9.1383646E-3
5.3437500E+6	1.4603982E+0	113.7666042E-6	9.2521312E-3
5.3440000E+6	1.4474497E+0	113.1029899E-6	9.3652342E-3
5.3442500E+6	1.4357607E+0	112.0986007E-6	9.4773328E-3
5.3445000E+6	1.4232568E+0	113.1433448E-6	9.5904761E-3
5.3447500E+6	1.4113553E+0	112.5021499E-6	9.7029783E-3
5.3450000E+6	1.3987160E+0	112.6680535E-6	9.8156463E-3
5.3452500E+6	1.3867356E+0	112.1120523E-6	9.9277584E-3
5.3455000E+6	1.3740821E+0	111.7443741E-6	10.0395028E-3
5.3457500E+6	1.3620068E+0	110.3678228E-6	10.1498706E-3
5.3460000E+6	1.3493666E+0	110.4619843E-6	10.2603326E-3
5.3462500E+6	1.3373505E+0	109.7086923E-6	10.3700413E-3
5.3465000E+6	1.3247723E+0	110.3857583E-6	10.4804270E-3
5.3467500E+6	1.3126583E+0	109.8521765E-6	10.5902792E-3
5.3470000E+6	1.3006306E+0	110.0360156E-6	10.7003152E-3
5.3472500E+6	1.2883379E+0	109.5921115E-6	10.8099073E-3
5.3475000E+6	1.2760599E+0	108.5294318E-6	10.9184368E-3
5.3477500E+6	1.2636514E+0	108.5966900E-6	11.0270335E-3
5.3480000E+6	1.2513748E+0	107.8613336E-6	11.1348948E-3
5.3482500E+6	1.2390153E+0	107.4936554E-6	11.2423884E-3
5.3485000E+6	1.2268054E+0	107.1214933E-6	11.3495099E-3
5.3487500E+6	1.2143435E+0	106.6103309E-6	11.4561203E-3
5.3490000E+6	1.2020762E+0	106.5341049E-6	11.5626544E-3
5.3492500E+6	1.1897438E+0	105.6283611E-6	11.6682827E-3
5.3495000E+6	1.1774507E+0	106.0767491E-6	11.7743595E-3
5.3497510E+6	1.1650190E+0	105.6373288E-6	11.8799968E-3
5.3500000E+6	1.1527820E+0	105.2203279E-6	11.9852171E-3
5.3502500E+6	1.1406332E+0	104.4670360E-6	12.0896842E-3
5.3505000E+6	1.1287918E+0	104.0500351E-6	12.1937342E-3
5.3507500E+6	1.1160438E+0	104.5073909E-6	12.2982416E-3
5.3510000E+6	1.1042055E+0	104.2204226E-6	12.4024620E-3
5.3512500E+6	1.0914339E+0	103.4895500E-6	12.5059516E-3
5.3515000E+6	1.0796259E+0	102.4179026E-6	12.6083695E-3
5.3517500E+6	1.0667692E+0	102.2519990E-6	12.7106215E-3
5.3520010E+6	1.0549042E+0	102.6465805E-6	12.8132681E-3
5.3522500E+6	1.0420654E+0	101.7991271E-6	12.9150672E-3
5.3525000E+6	1.0302186E+0	101.7408366E-6	13.0168080E-3
5.3527500E+6	1.0177718E+0	100.9830608E-6	13.1177911E-3
5.3530000E+6	1.0062756E+0	100.8664799E-6	13.2186576E-3
5.3532500E+6	992.2727896E-3	100.6064149E-6	13.3192640E-3
5.3535010E+6	981.5615144E-3	100.4136080E-6	13.4196776E-3
5.3537500E+6	968.5147163E-3	99.5885740E-6	13.5192662E-3
5.3540000E+6	957.0188231E-3	99.9517683E-6	13.6192179E-3
5.3542500E+6	944.3816272E-3	99.6244450E-6	13.7188424E-3
5.3545000E+6	932.6743293E-3	99.1267343E-6	13.8179691E-3
5.3547500E+6	919.6178135E-3	98.7411206E-6	13.9167102E-3
5.3550000E+6	908.0374202E-3	99.1715731E-6	14.0158818E-3
5.3552500E+6	894.9618223E-3	98.3241197E-6	14.1142059E-3
5.3555000E+6	883.3939738E-3	97.8577961E-6	14.2120637E-3
5.3557500E+6	870.3360003E-3	97.8443445E-6	14.3099081E-3
5.3560000E+6	858.6737573E-3	96.8803101E-6	14.4067884E-3
5.3562500E+6	845.6396806E-3	96.4946964E-6	14.5032831E-3
5.3565000E+6	834.0483770E-3	95.9476630E-6	14.5992307E-3
5.3567500E+6	821.0931023E-3	96.6336967E-6	14.6958644E-3
5.3570000E+6	809.6338714E-3	95.2705970E-6	14.7911350E-3
5.3572500E+6	796.9413728E-3	94.9746609E-6	14.8861097E-3
5.3575010E+6	785.0451093E-3	94.9253382E-6	14.9810350E-3
5.3577500E+6	772.3408168E-3	94.6921764E-6	15.0757272E-3
5.3580010E+6	760.4150468E-3	93.9657878E-6	15.1696930E-3
5.3582500E+6	747.7728595E-3	93.5129159E-6	15.2632059E-3
5.3585000E+6	735.8133424E-3	93.3470123E-6	15.3565529E-3
5.3587500E+6	723.0762306E-3	93.2573347E-6	15.4498102E-3
5.3590000E+6	711.1946762E-3	92.5937203E-6	15.5424040E-3
5.3592500E+6	698.4250983E-3	92.4636878E-6	15.6348677E-3
5.3595000E+6	686.5488886E-3	92.8044627E-6	15.7276721E-3
5.3597500E+6	673.7736127E-3	92.5533654E-6	15.8202255E-3
5.3600000E+6	661.8670130E-3	91.6386538E-6	15.9118641E-3
5.3602500E+6	649.1353785E-3	91.6834926E-6	16.0035476E-3
5.3605010E+6	637.2078857E-3	90.9974589E-6	16.0945451E-3
5.3607500E+6	624.4690070E-3	89.6657464E-6	16.1842108E-3
5.3610000E+6	612.5855091E-3	89.8361338E-6	16.2740470E-3
5.3612500E+6	600.4602606E-3	89.1142291E-6	16.3631612E-3
5.3615000E+6	588.1945910E-3	89.7912950E-6	16.4529525E-3
5.3617500E+6	575.8167700E-3	88.8496801E-6	16.5418022E-3
5.3620000E+6	563.5726561E-3	88.5627117E-6	16.6303649E-3
5.3622500E+6	551.1480133E-3	88.5402923E-6	16.7189052E-3
5.3625000E+6	538.9415777E-3	88.6927443E-6	16.8075979E-3
5.3627500E+6	526.5410967E-3	88.1457109E-6	16.8957436E-3
5.3630000E+6	514.2698173E-3	87.4776127E-6	16.9832212E-3
5.3632500E+6	501.9537922E-3	86.9305792E-6	17.0701518E-3
5.3635000E+6	489.6794208E-3	86.0965775E-6	17.1562484E-3
5.3637500E+6	477.2549106E-3	86.4552879E-6	17.2427037E-3
5.3640000E+6	465.3830297E-3	86.5584171E-6	17.3292621E-3
5.3642500E+6	453.3913116E-3	86.0517386E-6	17.4153138E-3
5.3645000E+6	440.7080890E-3	85.7333831E-6	17.5010472E-3
5.3647500E+6	428.6991882E-3	85.9979321E-6	17.5870452E-3
5.3650000E+6	416.0548365E-3	84.0833151E-6	17.6711285E-3
5.3652500E+6	404.0439480E-3	84.0833151E-6	17.7552118E-3
5.3655000E+6	391.4410733E-3	82.3032145E-6	17.8375150E-3
5.3657500E+6	379.4522264E-3	67.6723123E-6	17.9051873E-3
5.3660000E+6	366.7794724E-3	34.3346606E-6	17.9395220E-3
5.3662500E+6	354.8524656E-3	10.8032555E-6	17.9503252E-3
5.3665000E+6	342.1599669E-3	9.8033501E-6	17.9601286E-3
5.3667500E+6	330.2560618E-3	8.8751869E-6	17.9690038E-3
5.3670000E+6	317.5416541E-3	6.9471182E-6	17.9759509E-3
5.3672500E+6	305.5461814E-3	7.1309574E-6	17.9830818E-3
5.3675000E+6	293.1641199E-3	6.1803747E-6	17.9892622E-3
5.3677510E+6	281.6271031E-3	6.5301174E-6	17.9957923E-3
5.3680000E+6	268.6058803E-3	5.6871478E-6	18.0014795E-3
5.3682500E+6	257.0799505E-3	3.9922410E-6	18.0054717E-3
5.3685000E+6	243.9918521E-3	3.7366598E-6	18.0092084E-3
5.3687500E+6	232.3836750E-3	2.7322705E-6	18.0119407E-3
5.3690000E+6	219.3741134E-3	3.0820132E-6	18.0150227E-3
5.3692500E+6	208.2488632E-3	1.7996234E-6	18.0168223E-3
5.3695000E+6	195.1474249E-3	2.3556246E-6	18.0191779E-3
5.3697500E+6	183.6670801E-3	1.1225574E-6	18.0203005E-3
5.3700000E+6	170.5406850E-3	1.6113004E-6	18.0219118E-3
5.3702500E+6	158.9565372E-3	768.3308721E-9	18.0226801E-3
5.3705000E+6	145.8755945E-3	831.1051996E-9	18.0235112E-3
5.3707500E+6	134.3373409E-3	947.6860935E-9	18.0244589E-3
5.3710000E+6	121.2773797E-3	938.7183325E-9	18.0253976E-3
5.3712500E+6	109.8957581E-3	1.0866864E-6	18.0264843E-3
5.3715000E+6	95.6825072E-3	862.4923634E-9	18.0273468E-3
5.3717500E+6	85.3205622E-3	467.9108763E-9	18.0278147E-3
5.3720000E+6	72.4970751E-3	606.9111729E-9	18.0284216E-3
5.3722500E+6	60.6855632E-3	-25.3159825E-9	18.0283963E-3
5.3725000E+6	47.9063265E-3	754.8792305E-9	18.0291512E-3
5.3727500E+6	36.0176580E-3	1.0552992E-6	18.0302065E-3
5.3730000E+6	23.2737769E-3	-245.0261287E-9	18.0299615E-3
5.3732500E+6	11.4454812E-3	481.3625179E-9	18.0304428E-3
