Acquisition Time (ms)	Shunt Voltage (V)	Sample Voltage (V)	Integrated Sample Voltage (V)		
milliseconds	Volts	Volts	Volts		
3.4155000E+6	4.2566024E-3	2.0013980E-6	2.0013980E-6
3.4157500E+6	17.0939725E-3	2.4497861E-6	4.4511841E-6
3.4160000E+6	28.6923137E-3	1.7906556E-6	6.2418397E-6
3.4162500E+6	41.7327663E-3	3.8935956E-6	10.1354353E-6
3.4165000E+6	53.3000607E-3	6.2386651E-6	16.3741005E-6
3.4167500E+6	65.9589006E-3	9.2114779E-6	25.5855784E-6
3.4170000E+6	77.5583503E-3	51.3599549E-6	76.9455333E-6
3.4172500E+6	90.7361668E-3	80.8235339E-6	157.7690673E-6
3.4175000E+6	102.0775384E-3	82.9130223E-6	240.6820895E-6
3.4177500E+6	114.7998217E-3	82.8188608E-6	323.5009503E-6
3.4180000E+6	129.6830802E-3	82.4197954E-6	405.9207457E-6
3.4182500E+6	139.5259440E-3	82.8681835E-6	488.7889292E-6
3.4185000E+6	151.3887697E-3	83.0161515E-6	571.8050807E-6
3.4187500E+6	164.1798149E-3	83.4197008E-6	655.2247815E-6
3.4190000E+6	176.0959556E-3	83.6977014E-6	738.9224829E-6
3.4192500E+6	188.9395207E-3	83.2627650E-6	822.1852478E-6
3.4195000E+6	200.7855171E-3	83.8905082E-6	906.0757560E-6
3.4197500E+6	213.6660979E-3	84.6662196E-6	990.7419756E-6
3.4200000E+6	225.4423033E-3	84.2447348E-6	1.0749867E-3
3.4202500E+6	238.2543741E-3	85.3388016E-6	1.1603255E-3
3.4205000E+6	249.9166613E-3	84.3388963E-6	1.2446644E-3
3.4207500E+6	262.3789823E-3	84.6393163E-6	1.3293037E-3
3.4210000E+6	274.5489765E-3	85.9037706E-6	1.4152075E-3
3.4212500E+6	287.0404949E-3	85.6168022E-6	1.5008243E-3
3.4215000E+6	299.2827536E-3	86.0068998E-6	1.5868312E-3
3.4217500E+6	311.8081515E-3	85.7288992E-6	1.6725601E-3
3.4220000E+6	323.9540281E-3	87.0695795E-6	1.7596297E-3
3.4222500E+6	336.4697083E-3	86.9619664E-6	1.8465916E-3
3.4225000E+6	348.6759672E-3	87.6614518E-6	1.9342531E-3
3.4227500E+6	361.1188528E-3	87.2354831E-6	2.0214886E-3
3.4230000E+6	373.3492736E-3	87.6255807E-6	2.1091142E-3
3.4232500E+6	385.7719287E-3	88.9259061E-6	2.1980401E-3
3.4235000E+6	398.0429872E-3	87.2937736E-6	2.2853338E-3
3.4237500E+6	410.5689593E-3	88.4775180E-6	2.3738114E-3
3.4240000E+6	422.7349339E-3	88.7913897E-6	2.4626027E-3
3.4242500E+6	435.1974316E-3	88.7958735E-6	2.5513986E-3
3.4245000E+6	447.4074010E-3	89.4550040E-6	2.6408536E-3
3.4247500E+6	459.3679782E-3	89.2039067E-6	2.7300575E-3
3.4250000E+6	471.7910749E-3	89.6388431E-6	2.8196964E-3
3.4252500E+6	483.8881420E-3	90.7508454E-6	2.9104472E-3
3.4255000E+6	496.4455201E-3	90.4100705E-6	3.0008573E-3
3.4257500E+6	508.5256695E-3	91.0826526E-6	3.0919399E-3
3.4260000E+6	521.1663108E-3	90.3472962E-6	3.1822872E-3
3.4262500E+6	533.2175720E-3	90.1365538E-6	3.2724238E-3
3.4265000E+6	545.8430625E-3	91.6117505E-6	3.3640355E-3
3.4267500E+6	557.9962715E-3	91.9301060E-6	3.4559656E-3
3.4270000E+6	570.5776347E-3	92.4502362E-6	3.5484159E-3
3.4272500E+6	582.6362726E-3	91.4682663E-6	3.6398842E-3
3.4275000E+6	595.2588036E-3	92.1767195E-6	3.7320609E-3
3.4277500E+6	607.1448193E-3	92.9569147E-6	3.8250178E-3
3.4280000E+6	619.6506493E-3	92.9479469E-6	3.9179657E-3
3.4282500E+6	631.2953120E-3	93.6877872E-6	4.0116535E-3
3.4285000E+6	644.2247023E-3	93.5801741E-6	4.1052337E-3
3.4287500E+6	655.9410554E-3	94.2886272E-6	4.1995223E-3
3.4290000E+6	668.9594070E-3	94.3917564E-6	4.2939141E-3
3.4292500E+6	680.6177629E-3	94.9118866E-6	4.3888260E-3
3.4295000E+6	693.6534740E-3	95.6158558E-6	4.4844418E-3
3.4297500E+6	705.4007029E-3	94.8670478E-6	4.5793089E-3
3.4300000E+6	718.3620733E-3	95.1495323E-6	4.6744584E-3
3.4302500E+6	730.0649541E-3	95.2795648E-6	4.7697380E-3
3.4305000E+6	743.0844984E-3	95.5396299E-6	4.8652776E-3
3.4307500E+6	754.8305347E-3	97.3959564E-6	4.9626735E-3
3.4310000E+6	767.6979082E-3	97.1358913E-6	5.0598094E-3
3.4312500E+6	778.8334504E-3	96.7368260E-6	5.1565463E-3
3.4315000E+6	792.0392217E-3	97.8264089E-6	5.2543727E-3
3.4317500E+6	803.5115715E-3	97.9788609E-6	5.3523515E-3
3.4320000E+6	816.6317826E-3	98.6200558E-6	5.4509716E-3
3.4322510E+6	828.1811674E-3	98.5079588E-6	5.5494796E-3
3.4325000E+6	841.2788953E-3	98.6245397E-6	5.6481041E-3
3.4327500E+6	852.8481131E-3	99.0505083E-6	5.7471546E-3
3.4330000E+6	866.0286183E-3	99.6334128E-6	5.8467880E-3
3.4332500E+6	877.5268967E-3	99.7051549E-6	5.9464932E-3
3.4335000E+6	890.2529657E-3	100.3777370E-6	6.0468709E-3
3.4337500E+6	901.7887899E-3	100.4629307E-6	6.1473338E-3
3.4340000E+6	914.3094173E-3	100.1580268E-6	6.2474919E-3
3.4342500E+6	926.4222977E-3	101.2834808E-6	6.3487753E-3
3.4345000E+6	938.9559999E-3	101.3955778E-6	6.4501709E-3
3.4347500E+6	951.1227254E-3	100.9606414E-6	6.5511316E-3
3.4350000E+6	963.6868175E-3	102.9425166E-6	6.6540741E-3
3.4352500E+6	975.8325616E-3	101.9470951E-6	6.7560212E-3
3.4355000E+6	988.4182977E-3	103.2743238E-6	6.8592955E-3
3.4357500E+6	1.0005607E+0	103.1353235E-6	6.9624308E-3
3.4360000E+6	1.0131174E+0	103.7271957E-6	7.0661580E-3
3.4362500E+6	1.0252399E+0	104.7719399E-6	7.1709300E-3
3.4365000E+6	1.0378571E+0	104.5208426E-6	7.2754508E-3
3.4367500E+6	1.0499542E+0	104.5208426E-6	7.3799716E-3
3.4370000E+6	1.0625752E+0	105.2561990E-6	7.4852278E-3
3.4372500E+6	1.0746703E+0	106.2874915E-6	7.5915153E-3
3.4375000E+6	1.0866616E+0	104.8705853E-6	7.6963859E-3
3.4377500E+6	1.0991031E+0	105.9467166E-6	7.8023326E-3
3.4380000E+6	1.1111816E+0	106.2471366E-6	7.9085798E-3
3.4382500E+6	1.1238068E+0	105.9467166E-6	8.0145265E-3
3.4385000E+6	1.1359217E+0	106.6551697E-6	8.1211817E-3
3.4387500E+6	1.1484593E+0	107.1528804E-6	8.2283345E-3
3.4390000E+6	1.1609093E+0	108.3993992E-6	8.3367339E-3
3.4392500E+6	1.1731678E+0	107.8075270E-6	8.4445415E-3
3.4395000E+6	1.1854546E+0	107.8523658E-6	8.5523938E-3
3.4397500E+6	1.1978733E+0	108.2828183E-6	8.6606766E-3
3.4400000E+6	1.2127411E+0	109.7580150E-6	8.7704347E-3
3.4402500E+6	1.2222143E+0	109.0002392E-6	8.8794349E-3
3.4405000E+6	1.2339782E+0	109.5203694E-6	8.9889553E-3
3.4407500E+6	1.2469275E+0	109.6548858E-6	9.0986102E-3
3.4410000E+6	1.2587524E+0	110.5606296E-6	9.2091708E-3
3.4412500E+6	1.2716439E+0	110.5695974E-6	9.3197404E-3
3.4415000E+6	1.2834670E+0	111.3228893E-6	9.4310633E-3
3.4417500E+6	1.2963108E+0	111.6546965E-6	9.5427180E-3
3.4420000E+6	1.3076368E+0	112.3586657E-6	9.6550766E-3
3.4422500E+6	1.3206596E+0	112.5200854E-6	9.7675967E-3
3.4425000E+6	1.3321941E+0	112.6859890E-6	9.8802827E-3
3.4427500E+6	1.3453853E+0	112.5873437E-6	9.9928701E-3
3.4430000E+6	1.3569069E+0	113.5962168E-6	10.1064663E-3
3.4432500E+6	1.3700678E+0	114.4795412E-6	10.2209458E-3
3.4435000E+6	1.3816406E+0	114.0311532E-6	10.3349770E-3
3.4437500E+6	1.3948140E+0	114.8248000E-6	10.4498018E-3
3.4440000E+6	1.4062986E+0	115.3314785E-6	10.5651332E-3
3.4442500E+6	1.4195691E+0	115.4256400E-6	10.6805589E-3
3.4445000E+6	1.4308096E+0	115.5198015E-6	10.7960787E-3
3.4447500E+6	1.4437696E+0	115.5153176E-6	10.9115940E-3
3.4450000E+6	1.4554774E+0	116.1878997E-6	11.0277819E-3
3.4452500E+6	1.4684779E+0	115.8202215E-6	11.1436021E-3
3.4455000E+6	1.4802138E+0	117.2909343E-6	11.2608931E-3
3.4457500E+6	1.4748942E+0	117.1922890E-6	11.3780853E-3
3.4460000E+6	1.4633255E+0	116.8066752E-6	11.4948920E-3
3.4462500E+6	1.4503913E+0	115.2373170E-6	11.6101293E-3
3.4465000E+6	1.4386594E+0	115.0758973E-6	11.7252052E-3
3.4467500E+6	1.4256375E+0	115.1386717E-6	11.8403439E-3
3.4470000E+6	1.4139614E+0	115.3045753E-6	11.9556485E-3
3.4472500E+6	1.4009287E+0	114.6813159E-6	12.0703298E-3
3.4475000E+6	1.3892499E+0	113.7621204E-6	12.1840919E-3
3.4477500E+6	1.3763144E+0	113.7710881E-6	12.2978630E-3
3.4480000E+6	1.3645282E+0	113.3092484E-6	12.4111723E-3
3.4482500E+6	1.3515263E+0	113.7935075E-6	12.5249658E-3
3.4485000E+6	1.3397713E+0	112.9684735E-6	12.6379342E-3
3.4487500E+6	1.3272488E+0	112.5111177E-6	12.7504454E-3
3.4490000E+6	1.3152790E+0	112.4259240E-6	12.8628713E-3
3.4492500E+6	1.3025903E+0	112.4707628E-6	12.9753420E-3
3.4495000E+6	1.2905988E+0	111.9282132E-6	13.0872703E-3
3.4497500E+6	1.2779002E+0	111.2376956E-6	13.1985080E-3
3.4500000E+6	1.2658878E+0	110.7265332E-6	13.3092345E-3
3.4502500E+6	1.2532445E+0	110.4754359E-6	13.4197099E-3
3.4505000E+6	1.2411932E+0	110.1929514E-6	13.5299029E-3
3.4507500E+6	1.2285081E+0	109.6369503E-6	13.6395398E-3
3.4510000E+6	1.2164867E+0	109.4262079E-6	13.7489660E-3
3.4512500E+6	1.2037650E+0	108.6146255E-6	13.8575807E-3
3.4515000E+6	1.1917926E+0	108.3904315E-6	13.9659711E-3
3.4517500E+6	1.1790028E+0	108.3276571E-6	14.0742987E-3
3.4520000E+6	1.1671016E+0	108.0003339E-6	14.1822991E-3
3.4522500E+6	1.1549203E+0	108.4576897E-6	14.2907568E-3
3.4525000E+6	1.1426535E+0	107.2156548E-6	14.3979724E-3
3.4527500E+6	1.1303403E+0	106.7134601E-6	14.5046859E-3
3.4530000E+6	1.1180088E+0	106.3951046E-6	14.6110810E-3
3.4532500E+6	1.1055749E+0	105.5207479E-6	14.7166017E-3
3.4535000E+6	1.0932435E+0	104.9064563E-6	14.8215082E-3
3.4537500E+6	1.0808011E+0	104.8212626E-6	14.9263295E-3
3.4540000E+6	1.0688857E+0	104.8705853E-6	15.0312000E-3
3.4542500E+6	1.0569543E+0	105.3279411E-6	15.1365280E-3
3.4545000E+6	1.0441578E+0	103.9469059E-6	15.2404749E-3
3.4547500E+6	1.0322772E+0	104.2562936E-6	15.3447312E-3
3.4550000E+6	1.0194361E+0	103.0456459E-6	15.4477768E-3
3.4552500E+6	1.0075408E+0	103.7854862E-6	15.5515623E-3
3.4555000E+6	994.0016614E-3	103.0725492E-6	15.6546349E-3
3.4557500E+6	982.7866546E-3	101.8932886E-6	15.7565281E-3
3.4560000E+6	970.0512213E-3	101.9336435E-6	15.8584618E-3
3.4562500E+6	958.1309285E-3	102.4941286E-6	15.9609559E-3
3.4565000E+6	945.3518538E-3	102.4806769E-6	16.0634366E-3
3.4567500E+6	933.3027570E-3	101.2072549E-6	16.1646439E-3
3.4570000E+6	920.6112743E-3	101.2072549E-6	16.2658511E-3
3.4572500E+6	908.6987557E-3	100.6198665E-6	16.3664710E-3
3.4575000E+6	895.8811634E-3	100.4405113E-6	16.4669115E-3
3.4577500E+6	883.9974004E-3	99.7499937E-6	16.5666615E-3
3.4580000E+6	871.2476997E-3	99.4944125E-6	16.6661559E-3
3.4582500E+6	859.8698327E-3	99.3957671E-6	16.7655517E-3
3.4585000E+6	846.9195493E-3	98.9608307E-6	16.8645125E-3
3.4587500E+6	835.3164078E-3	98.6873140E-6	16.9631998E-3
3.4590000E+6	822.2021157E-3	98.7366367E-6	17.0619364E-3
3.4592500E+6	810.6354156E-3	97.2166012E-6	17.1591530E-3
3.4595000E+6	797.3906851E-3	97.8936671E-6	17.2570467E-3
3.4597500E+6	785.9314542E-3	97.5349567E-6	17.3545817E-3
3.4600000E+6	772.8820500E-3	96.2749863E-6	17.4508567E-3
3.4602500E+6	761.3449448E-3	95.9386952E-6	17.5467953E-3
3.4605000E+6	748.1586090E-3	96.0373406E-6	17.6428327E-3
3.4607500E+6	737.0074742E-3	96.0328567E-6	17.7388655E-3
3.4610000E+6	723.9664626E-3	96.1897925E-6	17.8350553E-3
3.4612500E+6	712.3690634E-3	95.4051134E-6	17.9304604E-3
3.4615000E+6	699.2417407E-3	94.9298221E-6	18.0253903E-3
3.4617500E+6	687.6500837E-3	94.9163705E-6	18.1203066E-3
3.4620000E+6	674.5924194E-3	94.1137558E-6	18.2144204E-3
3.4622500E+6	662.9713001E-3	94.2617239E-6	18.3086821E-3
3.4625000E+6	649.8498963E-3	94.0958203E-6	18.4027779E-3
3.4627500E+6	638.2233881E-3	93.1497215E-6	18.4959277E-3
3.4630000E+6	625.1837016E-3	93.0062374E-6	18.5889339E-3
3.4632500E+6	613.5506118E-3	92.6026881E-6	18.6815366E-3
3.4635000E+6	600.9442917E-3	92.8672371E-6	18.7744038E-3
3.4637500E+6	589.0443178E-3	92.2484615E-6	18.8666523E-3
3.4640000E+6	576.2785828E-3	92.0422030E-6	18.9586945E-3
3.4642500E+6	564.4612980E-3	91.8314607E-6	19.0505260E-3
3.4645000E+6	551.6065133E-3	90.8763941E-6	19.1414023E-3
3.4647500E+6	539.6880315E-3	90.7104905E-6	19.2321128E-3
3.4650000E+6	526.9519798E-3	90.7598132E-6	19.3228726E-3
3.4652500E+6	515.0426416E-3	90.0782634E-6	19.4129509E-3
3.4655000E+6	502.2121954E-3	89.9571986E-6	19.5029081E-3
3.4657500E+6	490.3710137E-3	89.8630371E-6	19.5927711E-3
3.4660000E+6	477.4918022E-3	89.3563586E-6	19.6821275E-3
3.4662500E+6	465.6248686E-3	89.2846165E-6	19.7714121E-3
3.4665000E+6	453.4751491E-3	89.1590679E-6	19.8605712E-3
3.4667500E+6	441.2557271E-3	88.7286153E-6	19.9492998E-3
3.4670000E+6	428.8048906E-3	88.0470655E-6	20.0373469E-3
3.4672500E+6	416.5412971E-3	88.1367431E-6	20.1254836E-3
3.4675000E+6	404.2010660E-3	87.8766780E-6	20.2133603E-3
3.4677500E+6	391.8345971E-3	87.6524840E-6	20.3010128E-3
3.4680000E+6	379.3848649E-3	87.7780327E-6	20.3887908E-3
3.4682500E+6	367.1889862E-3	87.0516440E-6	20.4758425E-3
3.4685000E+6	354.6370854E-3	87.0964828E-6	20.5629389E-3
3.4687500E+6	342.4960236E-3	86.3790619E-6	20.6493180E-3
3.4690000E+6	330.0163873E-3	86.6032560E-6	20.7359213E-3
3.4692500E+6	317.7938290E-3	85.3343178E-6	20.8212556E-3
3.4695000E+6	305.2605686E-3	85.9441255E-6	20.9071997E-3
3.4697500E+6	293.0488324E-3	85.9351578E-6	20.9931349E-3
3.4700000E+6	280.6219369E-3	84.6886390E-6	21.0778235E-3
3.4702500E+6	268.7144096E-3	84.5810258E-6	21.1624045E-3
3.4705000E+6	256.6892979E-3	85.0787366E-6	21.2474833E-3
3.4707500E+6	244.0500259E-3	84.6124130E-6	21.3320957E-3
3.4710000E+6	231.9567576E-3	84.5272193E-6	21.4166229E-3
3.4712500E+6	219.3427959E-3	84.1460894E-6	21.5007690E-3
3.4715000E+6	207.2194468E-3	84.0608957E-6	21.5848299E-3
3.4717500E+6	194.6304861E-3	84.3568318E-6	21.6691867E-3
3.4720000E+6	182.6407999E-3	83.7828951E-6	21.7529696E-3
3.4722500E+6	169.9527626E-3	83.1955067E-6	21.8361651E-3
3.4725000E+6	157.8028223E-3	82.8367963E-6	21.9190019E-3
3.4727500E+6	145.5489023E-3	83.4376363E-6	22.0024395E-3
3.4730000E+6	133.3399930E-3	82.8054091E-6	22.0852449E-3
3.4732500E+6	120.9407488E-3	81.9489880E-6	22.1671939E-3
3.4735000E+6	109.2592913E-3	82.9982160E-6	22.2501922E-3
3.4737500E+6	95.5031456E-3	81.5768259E-6	22.3317690E-3
3.4740000E+6	84.7117438E-3	53.4225400E-6	22.3851915E-3
3.4742500E+6	71.5507335E-3	8.1667338E-6	22.3933583E-3
3.4745000E+6	59.9147616E-3	6.3597299E-6	22.3997180E-3
3.4747500E+6	46.8708449E-3	4.1940156E-6	22.4039120E-3
3.4750000E+6	35.2056543E-3	2.2704309E-6	22.4061824E-3
3.4752500E+6	22.2260572E-3	2.3780440E-6	22.4085605E-3
3.4755000E+6	11.1131294E-3	1.2212028E-6	22.4097817E-3
