Acquisition Time (ms)	Shunt Voltage (V)	Sample Voltage (V)	Integrated Sample Voltage (V)		
milliseconds	Volts	Volts	Volts		
5.6627510E+6	2.9287955E-3	799.7180359E-9	799.7180359E-9
5.6630000E+6	14.0479765E-3	270.6201328E-9	1.0703382E-6
5.6632500E+6	27.0204265E-3	665.2016198E-9	1.7355398E-6
5.6635000E+6	38.6970954E-3	535.1690843E-9	2.2707089E-6
5.6637510E+6	51.6895653E-3	136.1037167E-9	2.4068126E-6
5.6640000E+6	63.3259976E-3	-16.3482215E-9	2.3904644E-6
5.6642500E+6	76.2295824E-3	476.8786374E-9	2.8673430E-6
5.6645000E+6	87.8717092E-3	203.3619247E-9	3.0707049E-6
5.6647500E+6	100.9198318E-3	252.6846106E-9	3.3233895E-6
5.6650000E+6	112.5301341E-3	10.5550617E-9	3.3339446E-6
5.6652500E+6	127.4048919E-3	1.4319452E-6	4.7658898E-6
5.6655000E+6	137.0452294E-3	687.6210225E-9	5.4535108E-6
5.6657500E+6	149.8592438E-3	1.9117204E-6	7.3652312E-6
5.6660000E+6	161.2211649E-3	1.4409130E-6	8.8061442E-6
5.6662500E+6	174.3545391E-3	1.3332998E-6	10.1394440E-6
5.6665010E+6	185.6832874E-3	485.8463984E-9	10.6252904E-6
5.6667500E+6	198.4543671E-3	835.5890802E-9	11.4608795E-6
5.6670000E+6	210.2548668E-3	893.8795271E-9	12.3547590E-6
5.6672500E+6	223.1385396E-3	189.9102831E-9	12.5446693E-6
5.6675000E+6	234.8780386E-3	979.0732573E-9	13.5237425E-6
5.6677500E+6	247.7456329E-3	1.2974288E-6	14.8211713E-6
5.6680000E+6	259.5181280E-3	1.6426876E-6	16.4638589E-6
5.6682500E+6	272.3399607E-3	2.1403983E-6	18.6042572E-6
5.6685000E+6	284.1575990E-3	2.4766894E-6	21.0809466E-6
5.6687500E+6	297.0105284E-3	2.1493661E-6	23.2303126E-6
5.6690000E+6	308.7604518E-3	3.6694016E-6	26.8997142E-6
5.6692500E+6	321.0967958E-3	3.8173696E-6	30.7170839E-6
5.6695000E+6	333.1746924E-3	4.5527260E-6	35.2698099E-6
5.6697500E+6	345.6729690E-3	5.3329213E-6	40.6027312E-6
5.6700010E+6	357.7944188E-3	5.6288574E-6	46.2315885E-6
5.6702500E+6	370.3119983E-3	6.5480529E-6	52.7796414E-6
5.6705000E+6	382.3440450E-3	7.1488929E-6	59.9285343E-6
5.6707500E+6	394.9743943E-3	7.7273135E-6	67.6558477E-6
5.6710000E+6	407.0424849E-3	8.9065740E-6	76.5624218E-6
5.6712500E+6	419.5745527E-3	8.7317027E-6	85.2941245E-6
5.6715000E+6	431.6588542E-3	9.3818654E-6	94.6759899E-6
5.6717500E+6	444.2160556E-3	9.5253496E-6	104.2013394E-6
5.6720000E+6	456.2592335E-3	10.0096087E-6	114.2109481E-6
5.6722500E+6	468.8788491E-3	14.3589728E-6	128.5699209E-6
5.6725000E+6	480.8758678E-3	40.1771569E-6	168.7470777E-6
5.6727500E+6	493.4588653E-3	57.5297746E-6	226.2768523E-6
5.6730000E+6	505.5283694E-3	70.3716084E-6	296.6484607E-6
5.6732500E+6	518.0682997E-3	82.9444094E-6	379.5928702E-6
5.6735000E+6	529.9262224E-3	84.8321231E-6	464.4249933E-6
5.6737500E+6	542.7549900E-3	85.0608010E-6	549.4857943E-6
5.6740000E+6	554.5756320E-3	86.2804166E-6	635.7662109E-6
5.6742500E+6	566.6044541E-3	87.3117091E-6	723.0779200E-6
5.6745000E+6	579.0899652E-3	86.7019013E-6	809.7798213E-6
5.6747500E+6	591.3502900E-3	87.5000321E-6	897.2798534E-6
5.6750000E+6	603.7667169E-3	88.7869058E-6	986.0667591E-6
5.6752500E+6	615.9608287E-3	89.0380031E-6	1.0751048E-3
5.6755000E+6	628.4041118E-3	89.5671010E-6	1.1646719E-3
5.6757500E+6	640.5543614E-3	89.5536493E-6	1.2542255E-3
5.6760000E+6	653.0570993E-3	89.5760687E-6	1.3438016E-3
5.6762500E+6	665.3058512E-3	90.4504254E-6	1.4342520E-3
5.6765000E+6	677.7315541E-3	89.8585532E-6	1.5241106E-3
5.6767500E+6	689.8701424E-3	91.7642024E-6	1.6158748E-3
5.6770000E+6	702.3274279E-3	91.6834926E-6	1.7075583E-3
5.6772500E+6	714.5047545E-3	91.4682663E-6	1.7990265E-3
5.6775000E+6	726.9493628E-3	92.2619132E-6	1.8912884E-3
5.6777500E+6	739.1239508E-3	93.0600439E-6	1.9843485E-3
5.6780000E+6	751.5906448E-3	92.2081066E-6	2.0765566E-3
5.6782500E+6	763.7881578E-3	93.4322060E-6	2.1699888E-3
5.6785000E+6	775.9243166E-3	93.2304314E-6	2.2632192E-3
5.6787500E+6	787.4950363E-3	93.5936257E-6	2.3568128E-3
5.6790000E+6	800.4601614E-3	94.2437884E-6	2.4510566E-3
5.6792500E+6	812.2785947E-3	94.7459830E-6	2.5458026E-3
5.6795000E+6	825.0994115E-3	95.3109519E-6	2.6411136E-3
5.6797500E+6	836.8458012E-3	95.7458884E-6	2.7368595E-3
5.6800010E+6	849.7076091E-3	96.3915672E-6	2.8332510E-3
5.6802500E+6	861.4181315E-3	96.2166958E-6	2.9294677E-3
5.6805000E+6	874.3503046E-3	96.6023095E-6	3.0260700E-3
5.6807500E+6	886.0934256E-3	96.9430845E-6	3.1230131E-3
5.6810000E+6	899.0071350E-3	97.3556015E-6	3.2203687E-3
5.6812500E+6	910.8868784E-3	97.6246343E-6	3.3179934E-3
5.6815000E+6	923.6275239E-3	97.8712477E-6	3.4158646E-3
5.6817500E+6	934.9818917E-3	98.1268289E-6	3.5139914E-3
5.6820000E+6	947.9122979E-3	98.2882486E-6	3.6122797E-3
5.6822500E+6	959.3846477E-3	98.5483137E-6	3.7108280E-3
5.6825000E+6	972.5213348E-3	98.3420552E-6	3.8091700E-3
5.6827500E+6	984.0333947E-3	99.0236050E-6	3.9081937E-3
5.6830000E+6	997.2044030E-3	100.1714784E-6	4.0083651E-3
5.6832500E+6	1.0084841E+0	100.5436405E-6	4.1089088E-3
5.6835000E+6	1.0218048E+0	101.1489644E-6	4.2100577E-3
5.6837500E+6	1.0330316E+0	100.8306089E-6	4.3108883E-3
5.6840000E+6	1.0459604E+0	101.4090295E-6	4.4122974E-3
5.6842500E+6	1.0576428E+0	101.3641907E-6	4.5136616E-3
5.6845000E+6	1.0706627E+0	102.6824515E-6	4.6163440E-3
5.6847500E+6	1.0822845E+0	103.8213572E-6	4.7201654E-3
5.6850000E+6	1.0953070E+0	102.7048710E-6	4.8228702E-3
5.6852500E+6	1.1069515E+0	103.0321942E-6	4.9259024E-3
5.6855000E+6	1.1199650E+0	103.6150987E-6	5.0295175E-3
5.6857500E+6	1.1315989E+0	103.8168733E-6	5.1333344E-3
5.6860000E+6	1.1446292E+0	103.8796477E-6	5.2372141E-3
5.6862500E+6	1.1560189E+0	104.3728745E-6	5.3415869E-3
5.6865000E+6	1.1686997E+0	104.7898754E-6	5.4463768E-3
5.6867500E+6	1.1806306E+0	105.7001031E-6	5.5520769E-3
5.6870000E+6	1.1933163E+0	106.0991685E-6	5.6581761E-3
5.6872500E+6	1.2081815E+0	106.7627828E-6	5.7649389E-3
5.6875000E+6	1.2179670E+0	105.9960393E-6	5.8709349E-3
5.6877510E+6	1.2299216E+0	107.5878169E-6	5.9785227E-3
5.6880000E+6	1.2426215E+0	107.0362995E-6	6.0855590E-3
5.6882510E+6	1.2545858E+0	107.5609136E-6	6.1931199E-3
5.6885000E+6	1.2666856E+0	107.6147201E-6	6.3007347E-3
5.6887500E+6	1.2791565E+0	108.6908515E-6	6.4094255E-3
5.6890000E+6	1.2912354E+0	108.6998192E-6	6.5181253E-3
5.6892500E+6	1.3035882E+0	108.7939807E-6	6.6269193E-3
5.6895000E+6	1.3158546E+0	108.5383995E-6	6.7354577E-3
5.6897500E+6	1.3282043E+0	109.8073377E-6	6.8452650E-3
5.6900000E+6	1.3405750E+0	109.4934661E-6	6.9547585E-3
5.6902500E+6	1.3528775E+0	109.9777252E-6	7.0647362E-3
5.6905000E+6	1.3652886E+0	110.1884676E-6	7.1749247E-3
5.6907500E+6	1.3775435E+0	111.6233093E-6	7.2865480E-3
5.6910000E+6	1.3899016E+0	111.5874383E-6	7.3981354E-3
5.6912500E+6	1.4022460E+0	111.6591804E-6	7.5097946E-3
5.6915000E+6	1.4145583E+0	112.0941168E-6	7.6218887E-3
5.6917500E+6	1.4268595E+0	112.4124723E-6	7.7343012E-3
5.6920000E+6	1.4392074E+0	112.4886983E-6	7.8467899E-3
5.6922500E+6	1.4512239E+0	113.3630550E-6	7.9601530E-3
5.6925000E+6	1.4631286E+0	113.5872490E-6	8.0737402E-3
5.6927500E+6	1.4758400E+0	113.4168615E-6	8.1871571E-3
5.6930000E+6	1.4732442E+0	113.7890236E-6	8.3009461E-3
5.6932500E+6	1.4607100E+0	113.4437648E-6	8.4143899E-3
5.6935000E+6	1.4487853E+0	112.8474087E-6	8.5272373E-3
5.6937500E+6	1.4360409E+0	112.2600204E-6	8.6394973E-3
5.6940000E+6	1.4242142E+0	112.1120523E-6	8.7516093E-3
5.6942500E+6	1.4113900E+0	111.0135016E-6	8.8626229E-3
5.6945000E+6	1.3994666E+0	111.3587604E-6	8.9739816E-3
5.6947500E+6	1.3867561E+0	111.4529219E-6	9.0854345E-3
5.6950000E+6	1.3747579E+0	111.6143416E-6	9.1970489E-3
5.6952500E+6	1.3620469E+0	110.2288225E-6	9.3072777E-3
5.6955000E+6	1.3501239E+0	110.0718867E-6	9.4173496E-3
5.6957500E+6	1.3373942E+0	108.7087870E-6	9.5260584E-3
5.6960000E+6	1.3261511E+0	109.1482073E-6	9.6352066E-3
5.6962500E+6	1.3132044E+0	109.5517565E-6	9.7447583E-3
5.6965000E+6	1.3015871E+0	107.8837530E-6	9.8526421E-3
5.6967500E+6	1.2885531E+0	107.9734306E-6	9.9606155E-3
5.6970000E+6	1.2769906E+0	107.6909461E-6	10.0683065E-3
5.6972500E+6	1.2638773E+0	108.2424634E-6	10.1765489E-3
5.6975000E+6	1.2526916E+0	106.6551697E-6	10.2832041E-3
5.6977500E+6	1.2395668E+0	106.8390088E-6	10.3900431E-3
5.6980000E+6	1.2280572E+0	106.3637175E-6	10.4964068E-3
5.6982500E+6	1.2150144E+0	106.3457819E-6	10.6027526E-3
5.6985000E+6	1.2034144E+0	104.7315850E-6	10.7074842E-3
5.6987500E+6	1.1903746E+0	105.6328449E-6	10.8131170E-3
5.6990000E+6	1.1787658E+0	105.3100055E-6	10.9184270E-3
5.6992500E+6	1.1657095E+0	104.8391981E-6	11.0232662E-3
5.6995000E+6	1.1541340E+0	104.4177133E-6	11.1276840E-3
5.6997500E+6	1.1410773E+0	104.8033270E-6	11.2324873E-3
5.7000000E+6	1.1297202E+0	103.6913247E-6	11.3361786E-3
5.7002500E+6	1.1169464E+0	103.7585829E-6	11.4399372E-3
5.7005000E+6	1.1051130E+0	103.9065509E-6	11.5438437E-3
5.7007500E+6	1.0923111E+0	102.9963232E-6	11.6468401E-3
5.7010000E+6	1.0804385E+0	102.1264504E-6	11.7489665E-3
5.7012500E+6	1.0676411E+0	101.4673199E-6	11.8504338E-3
5.7015000E+6	1.0558032E+0	101.2834808E-6	11.9517173E-3
5.7017500E+6	1.0429599E+0	101.9605468E-6	12.0536779E-3
5.7020000E+6	1.0311376E+0	100.8575122E-6	12.1545354E-3
5.7022500E+6	1.0183456E+0	101.0368674E-6	12.2555722E-3
5.7025000E+6	1.0064632E+0	100.2163173E-6	12.3557886E-3
5.7027500E+6	992.9964510E-3	99.4450898E-6	12.4552336E-3
5.7030000E+6	982.0558375E-3	100.2790916E-6	12.5555127E-3
5.7032500E+6	969.1460593E-3	99.1087988E-6	12.6546215E-3
5.7035000E+6	957.4773673E-3	98.8890886E-6	12.7535106E-3
5.7037500E+6	945.0718949E-3	99.1087988E-6	12.8526194E-3
5.7040000E+6	932.8056069E-3	98.5258943E-6	12.9511453E-3
5.7042500E+6	920.3657250E-3	98.3868940E-6	13.0495322E-3
5.7045000E+6	908.2015615E-3	96.8803101E-6	13.1464125E-3
5.7047500E+6	895.7123842E-3	96.5485030E-6	13.2429610E-3
5.7050000E+6	883.5659334E-3	96.4946964E-6	13.3394557E-3
5.7052500E+6	871.0771536E-3	96.8220197E-6	13.4362777E-3
5.7055010E+6	858.8271207E-3	95.9207597E-6	13.5321985E-3
5.7057500E+6	846.4455451E-3	96.1628893E-6	13.6283614E-3
5.7060000E+6	834.2150360E-3	96.4498576E-6	13.7248112E-3
5.7062500E+6	821.7951638E-3	95.2078227E-6	13.8200191E-3
5.7065000E+6	809.6483155E-3	95.2078227E-6	13.9152269E-3
5.7067500E+6	797.1312660E-3	94.7594346E-6	14.0099863E-3
5.7070000E+6	785.0380418E-3	94.3872726E-6	14.1043736E-3
5.7072500E+6	773.1265392E-3	93.4725609E-6	14.1978462E-3
5.7075000E+6	760.6667801E-3	93.3918511E-6	14.2912380E-3
5.7077500E+6	748.6829687E-3	92.7103012E-6	14.3839483E-3
5.7080000E+6	736.0493506E-3	92.6609786E-6	14.4766093E-3
5.7082500E+6	724.0836054E-3	91.9390738E-6	14.5685484E-3
5.7085000E+6	711.4343065E-3	91.6431377E-6	14.6601915E-3
5.7087500E+6	699.3140935E-3	91.3651371E-6	14.7515566E-3
5.7090000E+6	686.8419664E-3	91.2620078E-6	14.8428186E-3
5.7092500E+6	674.7107990E-3	91.2351045E-6	14.9340538E-3
5.7095000E+6	662.1538626E-3	90.0648117E-6	15.0241186E-3
5.7097500E+6	650.1256147E-3	90.4728449E-6	15.1145914E-3
5.7100000E+6	637.4921734E-3	90.2621025E-6	15.2048535E-3
5.7102500E+6	625.4541194E-3	90.3786834E-6	15.2952322E-3
5.7105000E+6	612.8491687E-3	89.8002628E-6	15.3850325E-3
5.7107500E+6	601.5667562E-3	88.7106798E-6	15.4737431E-3
5.7110000E+6	588.5945196E-3	88.2712595E-6	15.5620144E-3
5.7112500E+6	576.8843064E-3	88.4012920E-6	15.6504157E-3
5.7115000E+6	564.0023121E-3	86.9799019E-6	15.7373956E-3
5.7117500E+6	552.3050853E-3	87.0606118E-6	15.8244562E-3
5.7120000E+6	539.2850993E-3	86.3521586E-6	15.9108084E-3
5.7122500E+6	527.6234305E-3	85.5988667E-6	15.9964072E-3
5.7125000E+6	514.6819814E-3	84.2626703E-6	16.0806699E-3
5.7127500E+6	503.0505259E-3	82.9937321E-6	16.1636636E-3
5.7130000E+6	490.0741372E-3	69.5958971E-6	16.2332595E-3
5.7132510E+6	478.8651378E-3	42.2666452E-6	16.2755262E-3
5.7135000E+6	465.8614952E-3	13.7895199E-6	16.2893157E-3
5.7137510E+6	454.2997423E-3	10.1710284E-6	16.2994867E-3
5.7140010E+6	441.1569596E-3	9.7585113E-6	16.3092452E-3
5.7142500E+6	429.6946809E-3	9.9244149E-6	16.3191696E-3
5.7145000E+6	416.6019445E-3	8.6913478E-6	16.3278610E-3
5.7147500E+6	405.3371123E-3	8.1218949E-6	16.3359829E-3
5.7150000E+6	392.4917804E-3	7.0771508E-6	16.3430600E-3
5.7152500E+6	380.6847433E-3	6.3597299E-6	16.3494198E-3
5.7155000E+6	367.8299586E-3	6.4807947E-6	16.3559006E-3
5.7157500E+6	356.1209822E-3	5.6423090E-6	16.3615429E-3
5.7160000E+6	343.2676110E-3	4.4854678E-6	16.3660283E-3
5.7162510E+6	331.4621199E-3	4.5930810E-6	16.3706214E-3
5.7165000E+6	318.6238112E-3	4.1760801E-6	16.3747975E-3
5.7167500E+6	306.8521554E-3	3.0775293E-6	16.3778750E-3
5.7170000E+6	293.9210866E-3	2.7636577E-6	16.3806387E-3
5.7172500E+6	282.2517320E-3	1.2077512E-6	16.3818464E-3
5.7175000E+6	269.3575906E-3	1.7772040E-6	16.3836236E-3
5.7177500E+6	257.7864292E-3	1.1898156E-6	16.3848135E-3
5.7180000E+6	245.2379296E-3	1.1629124E-6	16.3859764E-3
5.7182500E+6	233.1339276E-3	1.2346544E-6	16.3872110E-3
5.7185000E+6	220.6702372E-3	1.3960741E-6	16.3886071E-3
5.7187510E+6	208.5859799E-3	575.5240091E-9	16.3891826E-3
5.7190000E+6	196.0414116E-3	288.5556549E-9	16.3894712E-3
5.7192500E+6	183.9611738E-3	1.2839771E-6	16.3907552E-3
5.7195000E+6	171.4159429E-3	786.2663943E-9	16.3915414E-3
5.7197500E+6	159.3099091E-3	1.3960741E-6	16.3929375E-3
5.7200000E+6	146.7368943E-3	1.0149443E-6	16.3939524E-3
5.7202500E+6	134.6756945E-3	934.2344519E-9	16.3948867E-3
5.7205010E+6	122.0860712E-3	1.1853318E-6	16.3960720E-3
5.7207500E+6	110.3819536E-3	1.2974288E-6	16.3973694E-3
5.7210000E+6	96.7278981E-3	1.1360091E-6	16.3985054E-3
5.7212500E+6	85.7766899E-3	113.6843140E-9	16.3986191E-3
5.7215000E+6	73.5301385E-3	571.0401286E-9	16.3991902E-3
5.7217500E+6	61.1195836E-3	297.5234160E-9	16.3994877E-3
5.7220000E+6	49.0203145E-3	409.6204293E-9	16.3998973E-3
5.7222500E+6	36.4919775E-3	732.4598279E-9	16.4006298E-3
5.7225000E+6	24.3149261E-3	243.7168496E-9	16.4008735E-3
5.7227510E+6	11.8767214E-3	723.4920668E-9	16.4015970E-3
5.7230000E+6	1.1002486E-3	293.0395354E-9	16.4018900E-3
