Acquisition Time (ms)	Shunt Voltage (V)	Sample Voltage (V)	Integrated Sample Voltage (V)		
milliseconds	Volts	Volts	Volts		
6.0100000E+6	9.3614440E-3	-29.7998631E-9	-29.7998631E-9
6.0102500E+6	22.2113607E-3	-428.8652307E-9	-458.6650937E-9
6.0105000E+6	33.9051487E-3	1.0911703E-6	632.5051769E-9
6.0107500E+6	46.8279042E-3	678.6532614E-9	1.3111584E-6
6.0110000E+6	57.9269132E-3	826.6213191E-9	2.1377798E-6
6.0112500E+6	70.9818924E-3	171.9747610E-9	2.3097545E-6
6.0115010E+6	82.5407837E-3	-200.1873234E-9	2.1095672E-6
6.0117500E+6	95.6549378E-3	-262.9616509E-9	1.8466055E-6
6.0120000E+6	106.8949000E-3	907.3311687E-9	2.7539367E-6
6.0122500E+6	119.7927144E-3	180.9425221E-9	2.9348792E-6
6.0125000E+6	134.6575842E-3	82.2971503E-9	3.0171764E-6
6.0127500E+6	144.2978776E-3	-101.5419516E-9	2.9156344E-6
6.0130000E+6	155.8587028E-3	907.3311687E-9	3.8229656E-6
6.0132500E+6	168.4971356E-3	373.7493851E-9	4.1967150E-6
6.0135000E+6	180.4392049E-3	248.2007301E-9	4.4449157E-6
6.0137500E+6	193.0660205E-3	808.6857969E-9	5.2536015E-6
6.0140000E+6	205.0563693E-3	1.5216228E-6	6.7752243E-6
6.0142500E+6	217.6843334E-3	185.4264026E-9	6.9606507E-6
6.0145000E+6	229.6695141E-3	875.9440050E-9	7.8365947E-6
6.0147500E+6	242.2660723E-3	1.5261067E-6	9.3627014E-6
6.0150000E+6	254.3087201E-3	216.8135663E-9	9.5795150E-6
6.0152500E+6	266.9093862E-3	1.2974288E-6	10.8769437E-6
6.0155000E+6	278.9450549E-3	1.1853318E-6	12.0622755E-6
6.0157500E+6	291.0212730E-3	1.4947195E-6	13.5569950E-6
6.0160000E+6	303.5657530E-3	2.0552046E-6	15.6121996E-6
6.0162500E+6	315.5515079E-3	2.4677216E-6	18.0799212E-6
6.0165000E+6	327.8540166E-3	2.3601085E-6	20.4400297E-6
6.0167500E+6	340.1714110E-3	2.4811732E-6	22.9212029E-6
6.0170000E+6	352.5065623E-3	3.7859825E-6	26.7071854E-6
6.0172500E+6	364.7481585E-3	3.6559499E-6	30.3631353E-6
6.0175000E+6	377.1231967E-3	5.0235335E-6	35.3866688E-6
6.0177500E+6	389.4037521E-3	4.6289520E-6	40.0156208E-6
6.0180000E+6	401.7680566E-3	5.0369851E-6	45.0526060E-6
6.0182500E+6	413.9465759E-3	5.9337612E-6	50.9863672E-6
6.0185000E+6	426.3591156E-3	6.6736015E-6	57.6599688E-6
6.0187500E+6	438.7010694E-3	7.7407651E-6	65.4007339E-6
6.0190000E+6	450.9502189E-3	7.7004102E-6	73.1011440E-6
6.0192500E+6	463.5266790E-3	9.0635099E-6	82.1646539E-6
6.0195000E+6	475.6138958E-3	8.4357666E-6	90.6004205E-6
6.0197500E+6	487.3207520E-3	8.7855093E-6	99.3859298E-6
6.0200000E+6	499.9120096E-3	9.4267042E-6	108.8126339E-6
6.0202500E+6	511.7192676E-3	9.9871893E-6	118.7998232E-6
6.0205000E+6	524.5438390E-3	11.5924185E-6	130.3922417E-6
6.0207500E+6	536.3429694E-3	18.2689166E-6	148.6611583E-6
6.0210000E+6	549.1447924E-3	43.7911646E-6	192.4523229E-6
6.0212500E+6	561.0210021E-3	57.8705495E-6	250.3228724E-6
6.0215000E+6	573.7856769E-3	69.0623153E-6	319.3851877E-6
6.0217500E+6	585.5576419E-3	81.2898575E-6	400.6750452E-6
6.0220000E+6	598.4366325E-3	85.3253500E-6	486.0003952E-6
6.0222500E+6	610.2775050E-3	86.6749980E-6	572.6753932E-6
6.0225000E+6	623.0731440E-3	86.7243207E-6	659.3997139E-6
6.0227500E+6	634.8933001E-3	87.9349685E-6	747.3346824E-6
6.0230000E+6	647.6988335E-3	87.8139037E-6	835.1485861E-6
6.0232500E+6	659.5208006E-3	89.1949389E-6	924.3435250E-6
6.0235000E+6	671.9769376E-3	89.1501001E-6	1.0134936E-3
6.0237500E+6	684.0421129E-3	90.2307153E-6	1.1037243E-3
6.0240000E+6	696.5551870E-3	91.4862019E-6	1.1952105E-3
6.0242500E+6	708.0337208E-3	90.6073613E-6	1.2858179E-3
6.0245010E+6	721.1794630E-3	91.8942350E-6	1.3777121E-3
6.0247500E+6	732.6524753E-3	91.7776541E-6	1.4694898E-3
6.0250000E+6	745.7737024E-3	92.3784941E-6	1.5618683E-3
6.0252500E+6	757.2632349E-3	93.1228182E-6	1.6549911E-3
6.0255010E+6	770.4580516E-3	93.2887218E-6	1.7482798E-3
6.0257500E+6	781.9420627E-3	93.5443030E-6	1.8418241E-3
6.0260000E+6	794.9544070E-3	93.8671424E-6	1.9356913E-3
6.0262500E+6	806.3230421E-3	95.0060481E-6	2.0306973E-3
6.0265000E+6	819.6090730E-3	94.3155305E-6	2.1250129E-3
6.0267500E+6	830.7337049E-3	94.9612093E-6	2.2199741E-3
6.0270000E+6	843.7411020E-3	94.9791448E-6	2.3149532E-3
6.0272500E+6	855.3190216E-3	95.4589200E-6	2.4104121E-3
6.0275010E+6	868.4188255E-3	96.0149212E-6	2.5064270E-3
6.0277500E+6	879.9848630E-3	96.4095027E-6	2.6028365E-3
6.0280000E+6	892.9440249E-3	96.0014696E-6	2.6988380E-3
6.0282500E+6	904.6244665E-3	96.4857286E-6	2.7953237E-3
6.0285000E+6	917.6247962E-3	96.2929218E-6	2.8916167E-3
6.0287500E+6	929.2336359E-3	97.7726024E-6	2.9893893E-3
6.0290000E+6	942.2784904E-3	98.2165065E-6	3.0876058E-3
6.0292500E+6	953.6807401E-3	97.8308928E-6	3.1854367E-3
6.0295000E+6	966.3487677E-3	97.8353767E-6	3.2832720E-3
6.0297500E+6	978.2447220E-3	98.6559268E-6	3.3819280E-3
6.0300000E+6	991.0068349E-3	97.7995056E-6	3.4797275E-3
6.0302500E+6	1.0029310E+0	99.7544776E-6	3.5794820E-3
6.0305000E+6	1.0156555E+0	100.2566722E-6	3.6797386E-3
6.0307500E+6	1.0275573E+0	100.3687692E-6	3.7801074E-3
6.0310000E+6	1.0403264E+0	100.9606414E-6	3.8810680E-3
6.0312500E+6	1.0519682E+0	101.3059002E-6	3.9823739E-3
6.0315000E+6	1.0648889E+0	100.9202865E-6	4.0832942E-3
6.0317500E+6	1.0765598E+0	101.0996417E-6	4.1843939E-3
6.0320000E+6	1.0889664E+0	101.4179972E-6	4.2858119E-3
6.0322500E+6	1.1012497E+0	103.4312596E-6	4.3892431E-3
6.0325000E+6	1.1136197E+0	103.3550336E-6	4.4925982E-3
6.0327500E+6	1.1258643E+0	102.8169680E-6	4.5954151E-3
6.0330000E+6	1.1382617E+0	103.0815169E-6	4.6984966E-3
6.0332500E+6	1.1504733E+0	103.5343889E-6	4.8020310E-3
6.0335000E+6	1.1629428E+0	103.4447112E-6	4.9054757E-3
6.0337500E+6	1.1751151E+0	103.8975832E-6	5.0093733E-3
6.0340010E+6	1.1875787E+0	104.8302303E-6	5.1142036E-3
6.0342500E+6	1.1994586E+0	105.2427473E-6	5.2194463E-3
6.0345000E+6	1.2142307E+0	105.6642321E-6	5.3251105E-3
6.0347500E+6	1.2240653E+0	106.0543297E-6	5.4311649E-3
6.0350000E+6	1.2360381E+0	106.0184587E-6	5.5371833E-3
6.0352500E+6	1.2486511E+0	105.6328449E-6	5.6428162E-3
6.0355000E+6	1.2607544E+0	107.5071070E-6	5.7503233E-3
6.0357500E+6	1.2733198E+0	107.1932354E-6	5.8575165E-3
6.0360000E+6	1.2853590E+0	107.3770745E-6	5.9648936E-3
6.0362500E+6	1.2979804E+0	107.5878169E-6	6.0724814E-3
6.0365000E+6	1.3099662E+0	108.6818837E-6	6.1811633E-3
6.0367500E+6	1.3222540E+0	109.0092070E-6	6.2901725E-3
6.0370000E+6	1.3337960E+0	109.4217240E-6	6.3995942E-3
6.0372500E+6	1.3469164E+0	109.8835637E-6	6.5094778E-3
6.0375000E+6	1.3585436E+0	110.5247586E-6	6.6200025E-3
6.0377500E+6	1.3715499E+0	111.0224693E-6	6.7310250E-3
6.0380000E+6	1.3832212E+0	111.1345664E-6	6.8421596E-3
6.0382500E+6	1.3961598E+0	111.9730520E-6	6.9541326E-3
6.0385000E+6	1.4079282E+0	111.3004699E-6	7.0654331E-3
6.0387500E+6	1.4208753E+0	112.1972460E-6	7.1776303E-3
6.0390000E+6	1.4325006E+0	111.2690828E-6	7.2888994E-3
6.0392510E+6	1.4451925E+0	111.1569858E-6	7.4000564E-3
6.0395000E+6	1.4566468E+0	112.5828598E-6	7.5126393E-3
6.0397500E+6	1.4697676E+0	112.7846344E-6	7.6254239E-3
6.0402500E+6	1.4658344E+0	113.9728627E-6	7.7393968E-3
6.0405000E+6	1.4543146E+0	113.0850544E-6	7.8524818E-3
6.0407510E+6	1.4412063E+0	112.2734720E-6	7.9647553E-3
6.0410000E+6	1.4297293E+0	111.3184055E-6	8.0760737E-3
6.0412500E+6	1.4171372E+0	111.7219547E-6	8.1877957E-3
6.0415010E+6	1.4053109E+0	110.2377903E-6	8.2980334E-3
6.0417510E+6	1.3924030E+0	110.4664682E-6	8.4084999E-3
6.0420000E+6	1.3806895E+0	110.4664682E-6	8.5189664E-3
6.0422500E+6	1.3678390E+0	110.1346610E-6	8.6291010E-3
6.0425000E+6	1.3560551E+0	109.5427888E-6	8.7386438E-3
6.0427500E+6	1.3431530E+0	109.4755306E-6	8.8481194E-3
6.0430000E+6	1.3313374E+0	108.6415288E-6	8.9567609E-3
6.0432500E+6	1.3185627E+0	109.8432088E-6	9.0666041E-3
6.0435000E+6	1.3066954E+0	108.4890768E-6	9.1750932E-3
6.0437500E+6	1.2937942E+0	107.9465273E-6	9.2830397E-3
6.0440000E+6	1.2820686E+0	107.3636228E-6	9.3904033E-3
6.0442500E+6	1.2691870E+0	107.2111709E-6	9.4976145E-3
6.0445000E+6	1.2574249E+0	107.1483966E-6	9.6047629E-3
6.0447510E+6	1.2451362E+0	106.6955246E-6	9.7114584E-3
6.0450000E+6	1.2328030E+0	105.8301357E-6	9.8172886E-3
6.0452500E+6	1.2205188E+0	105.9512005E-6	9.9232398E-3
6.0455010E+6	1.2081450E+0	105.5476512E-6	10.0287874E-3
6.0457500E+6	1.1957409E+0	105.7808130E-6	10.1345682E-3
6.0460000E+6	1.1837654E+0	104.2607775E-6	10.2388290E-3
6.0462500E+6	1.1712914E+0	104.9109402E-6	10.3437399E-3
6.0465000E+6	1.1591279E+0	104.0903900E-6	10.4478303E-3
6.0467500E+6	1.1465795E+0	103.9110348E-6	10.5517414E-3
6.0470000E+6	1.1344708E+0	102.6151933E-6	10.6543566E-3
6.0472500E+6	1.1219968E+0	103.1936139E-6	10.7575502E-3
6.0475000E+6	1.1098404E+0	103.2877754E-6	10.8608379E-3
6.0477500E+6	1.0974649E+0	102.5748384E-6	10.9634128E-3
6.0480000E+6	1.0852439E+0	102.7945486E-6	11.0662073E-3
6.0482500E+6	1.0733718E+0	101.9919339E-6	11.1681993E-3
6.0485000E+6	1.0608866E+0	102.2071602E-6	11.2704064E-3
6.0487500E+6	1.0485632E+0	101.3103841E-6	11.3717168E-3
6.0490000E+6	1.0362139E+0	101.2027710E-6	11.4729196E-3
6.0492500E+6	1.0241431E+0	100.2208011E-6	11.5731404E-3
6.0495000E+6	1.0115221E+0	99.9158973E-6	11.6730563E-3
6.0497500E+6	997.9575268E-3	99.8307035E-6	11.7728870E-3
6.0500000E+6	986.9026417E-3	99.8082841E-6	11.8726953E-3
6.0502500E+6	974.8051329E-3	99.0460244E-6	11.9717413E-3
6.0505000E+6	962.3223163E-3	99.2567668E-6	12.0709981E-3
6.0507500E+6	950.1798851E-3	98.3106680E-6	12.1693087E-3
6.0510000E+6	937.6386296E-3	97.6201504E-6	12.2669289E-3
6.0512500E+6	925.4859065E-3	97.4497630E-6	12.3643786E-3
6.0515000E+6	913.0006605E-3	97.3914725E-6	12.4617701E-3
6.0517500E+6	900.7705489E-3	96.2077281E-6	12.5579778E-3
6.0520000E+6	888.3181664E-3	96.2435991E-6	12.6542214E-3
6.0522500E+6	876.2332024E-3	96.3960510E-6	12.7506175E-3
6.0525000E+6	863.9848038E-3	95.7907272E-6	12.8464082E-3
6.0527500E+6	851.5872823E-3	96.1673731E-6	12.9425756E-3
6.0530000E+6	839.4243998E-3	95.4903072E-6	13.0380659E-3
6.0532500E+6	827.7519532E-3	95.0105320E-6	13.1330764E-3
6.0535000E+6	814.8355493E-3	93.8312714E-6	13.2269077E-3
6.0537500E+6	803.1229508E-3	93.6384645E-6	13.3205462E-3
6.0540000E+6	790.2178548E-3	93.7954003E-6	13.4143416E-3
6.0542500E+6	778.5755773E-3	92.6923657E-6	13.5070339E-3
6.0545000E+6	765.6171222E-3	93.2797541E-6	13.6003137E-3
6.0547500E+6	753.9815588E-3	92.6071720E-6	13.6929209E-3
6.0550000E+6	741.0141810E-3	92.0601386E-6	13.7849810E-3
6.0552500E+6	729.2424811E-3	91.8404284E-6	13.8768214E-3
6.0555000E+6	716.4387145E-3	91.8897511E-6	13.9687112E-3
6.0557500E+6	704.6639226E-3	91.1902657E-6	14.0599014E-3
6.0560000E+6	691.7409371E-3	91.5848472E-6	14.1514863E-3
6.0562500E+6	680.0455655E-3	89.9258114E-6	14.2414121E-3
6.0565000E+6	667.1078710E-3	89.5132944E-6	14.3309254E-3
6.0567500E+6	655.1361626E-3	89.9841019E-6	14.4209095E-3
6.0570000E+6	642.9377662E-3	88.7286153E-6	14.5096381E-3
6.0572500E+6	631.4231443E-3	87.6480001E-6	14.5972861E-3
6.0575000E+6	618.2594243E-3	87.4462255E-6	14.6847323E-3
6.0577500E+6	606.7698476E-3	87.1906443E-6	14.7719230E-3
6.0580000E+6	593.7373169E-3	87.6345485E-6	14.8595575E-3
6.0582500E+6	582.4357782E-3	86.6570625E-6	14.9462146E-3
6.0585000E+6	569.4716250E-3	83.5811205E-6	15.0297957E-3
6.0587500E+6	557.8391536E-3	64.1076273E-6	15.0939033E-3
6.0590000E+6	544.9155497E-3	42.6791622E-6	15.1365825E-3
6.0592510E+6	533.2165119E-3	15.8431372E-6	15.1524256E-3
6.0595010E+6	520.2281085E-3	11.2426758E-6	15.1636683E-3
6.0597500E+6	508.5736397E-3	9.6643499E-6	15.1733327E-3
6.0600000E+6	495.6429243E-3	9.7809307E-6	15.1831136E-3
6.0602500E+6	483.9214473E-3	8.9962517E-6	15.1921098E-3
6.0605000E+6	471.0243464E-3	8.8393158E-6	15.2009492E-3
6.0607500E+6	459.3143982E-3	8.8751869E-6	15.2098244E-3
6.0610000E+6	446.3777638E-3	7.7497329E-6	15.2175741E-3
6.0612500E+6	434.7052288E-3	5.8351159E-6	15.2234092E-3
6.0615000E+6	421.7136451E-3	6.1534714E-6	15.2295627E-3
6.0617500E+6	410.3398860E-3	6.0682777E-6	15.2356309E-3
6.0620000E+6	397.6283936E-3	4.7993395E-6	15.2404303E-3
6.0622500E+6	385.6815538E-3	5.4136311E-6	15.2458439E-3
6.0625000E+6	373.0305322E-3	4.1760801E-6	15.2500200E-3
6.0627500E+6	361.0755648E-3	2.9205935E-6	15.2529406E-3
6.0630000E+6	348.4510902E-3	2.9430129E-6	15.2558836E-3
6.0632500E+6	336.4936934E-3	1.8713655E-6	15.2577550E-3
6.0635000E+6	323.7899310E-3	2.1583338E-6	15.2599133E-3
6.0637500E+6	311.8899571E-3	1.1539446E-6	15.2610673E-3
6.0640000E+6	299.2182633E-3	1.4723001E-6	15.2625396E-3
6.0642500E+6	287.2097600E-3	925.2666909E-9	15.2634648E-3
6.0645000E+6	274.6332999E-3	1.5485261E-6	15.2650133E-3
6.0647500E+6	262.6450713E-3	1.4588485E-6	15.2664722E-3
6.0650000E+6	249.9763370E-3	1.4633324E-6	15.2679355E-3
6.0652500E+6	238.0031267E-3	1.3243321E-6	15.2692599E-3
6.0655000E+6	225.3329789E-3	956.6538546E-9	15.2702165E-3
6.0657500E+6	213.3630373E-3	279.5878938E-9	15.2704961E-3
6.0660010E+6	200.7550387E-3	1.6785586E-6	15.2721747E-3
6.0662500E+6	188.9992405E-3	1.2481061E-6	15.2734228E-3
6.0665000E+6	176.7240741E-3	1.2839771E-6	15.2747067E-3
6.0667500E+6	164.4235090E-3	1.1987834E-6	15.2759055E-3
6.0670000E+6	152.1195427E-3	1.0508153E-6	15.2769563E-3
6.0672500E+6	139.7710516E-3	337.8783408E-9	15.2772942E-3
6.0675000E+6	127.4941182E-3	454.4592347E-9	15.2777487E-3
6.0677500E+6	115.1742502E-3	463.4269958E-9	15.2782121E-3
6.0680000E+6	102.8938274E-3	432.0398320E-9	15.2786441E-3
6.0682500E+6	89.9637024E-3	454.4592347E-9	15.2790986E-3
6.0685000E+6	78.2998572E-3	575.5240091E-9	15.2796741E-3
6.0687510E+6	65.9049374E-3	463.4269958E-9	15.2801376E-3
6.0690000E+6	53.7200684E-3	-128.4452348E-9	15.2800091E-3
6.0692500E+6	41.6383878E-3	544.1368454E-9	15.2805532E-3
6.0695000E+6	29.8938996E-3	-155.3485180E-9	15.2803979E-3
6.0697500E+6	17.0912772E-3	28.4905839E-9	15.2804264E-3
6.0700000E+6	5.9091311E-3	118.1681946E-9	15.2805446E-3
