Acquisition Time (ms)	Shunt Voltage (V)	Sample Voltage (V)	Integrated Sample Voltage (V)		
milliseconds	Volts	Volts	Volts		
2.3277510E+6	3.6602233E-3	79.6084023E-6	79.6084023E-6
2.3280000E+6	15.6570013E-3	82.5677635E-6	162.1761658E-6
2.3282500E+6	27.7705020E-3	83.2134423E-6	245.3896081E-6
2.3285000E+6	40.2027664E-3	83.2403455E-6	328.6299536E-6
2.3287500E+6	52.4767218E-3	83.6438948E-6	412.2738484E-6
2.3290000E+6	64.9298375E-3	82.6843444E-6	494.9581928E-6
2.3292500E+6	77.2001858E-3	83.0878936E-6	578.0460864E-6
2.3295000E+6	89.7199096E-3	83.4331524E-6	661.4792388E-6
2.3297500E+6	101.9182995E-3	83.0430548E-6	744.5222936E-6
2.3300000E+6	114.4705407E-3	83.8680888E-6	828.3903824E-6
2.3302500E+6	129.4327604E-3	83.8949921E-6	912.2853745E-6
2.3305000E+6	139.2069376E-3	83.4914429E-6	995.7768174E-6
2.3307500E+6	151.4302909E-3	84.0339924E-6	1.0798108E-3
2.3310000E+6	163.2218680E-3	84.3702834E-6	1.1641811E-3
2.3312500E+6	175.8024803E-3	85.0877043E-6	1.2492688E-3
2.3315000E+6	187.9279938E-3	85.6616410E-6	1.3349304E-3
2.3317500E+6	200.5698277E-3	84.8948975E-6	1.4198253E-3
2.3320000E+6	212.6191454E-3	85.1146076E-6	1.5049399E-3
2.3322500E+6	225.2809449E-3	85.5405763E-6	1.5904805E-3
2.3325000E+6	237.4225368E-3	85.2446401E-6	1.6757252E-3
2.3327500E+6	250.0087147E-3	85.2939628E-6	1.7610191E-3
2.3330000E+6	262.0808690E-3	85.3029306E-6	1.8463221E-3
2.3332500E+6	274.7572450E-3	86.6480948E-6	1.9329701E-3
2.3335000E+6	286.9227779E-3	87.1951282E-6	2.0201653E-3
2.3337500E+6	299.5146981E-3	86.3745780E-6	2.1065399E-3
2.3340000E+6	311.6304497E-3	87.8228715E-6	2.1943627E-3
2.3342500E+6	323.8644041E-3	88.0111944E-6	2.2823739E-3
2.3345000E+6	335.5099503E-3	88.0919043E-6	2.3704658E-3
2.3347500E+6	348.5594870E-3	87.2489347E-6	2.4577148E-3
2.3350000E+6	360.3030939E-3	88.4506147E-6	2.5461654E-3
2.3352500E+6	373.3500245E-3	88.7061959E-6	2.6348716E-3
2.3355000E+6	384.9513992E-3	88.1277753E-6	2.7229993E-3
2.3357500E+6	398.0379075E-3	88.4192276E-6	2.8114186E-3
2.3360000E+6	409.7864174E-3	88.4057759E-6	2.8998243E-3
2.3362500E+6	422.7376284E-3	88.5582279E-6	2.9883826E-3
2.3365000E+6	433.9310352E-3	89.8540693E-6	3.0782366E-3
2.3367500E+6	447.0118012E-3	90.0379084E-6	3.1682746E-3
2.3370000E+6	458.6394138E-3	90.5759741E-6	3.2588505E-3
2.3372500E+6	471.8333029E-3	90.2172637E-6	3.3490678E-3
2.3375000E+6	483.1002995E-3	90.1769087E-6	3.4392447E-3
2.3377500E+6	495.4099197E-3	91.5758795E-6	3.5308206E-3
2.3380000E+6	507.5103438E-3	90.8315553E-6	3.6216521E-3
2.3382500E+6	520.1240847E-3	91.3202983E-6	3.7129724E-3
2.3385000E+6	532.2940788E-3	91.8538801E-6	3.8048263E-3
2.3387500E+6	544.8818027E-3	92.0018481E-6	3.8968282E-3
2.3390000E+6	557.0094364E-3	92.1408484E-6	3.9889690E-3
2.3392500E+6	569.7059989E-3	92.4592039E-6	4.0814282E-3
2.3395010E+6	581.7595570E-3	93.3649478E-6	4.1747932E-3
2.3397500E+6	593.6304661E-3	94.2034335E-6	4.2689966E-3
2.3400000E+6	606.1886392E-3	94.3244982E-6	4.3633211E-3
2.3402500E+6	618.3405673E-3	94.5262729E-6	4.4578474E-3
2.3405010E+6	630.9199869E-3	94.2751755E-6	4.5521225E-3
2.3407500E+6	643.0903345E-3	94.4679824E-6	4.6465905E-3
2.3410000E+6	655.6629075E-3	95.6831140E-6	4.7422736E-3
2.3412510E+6	667.9154140E-3	94.6114666E-6	4.8368851E-3
2.3415000E+6	680.3710652E-3	95.9969857E-6	4.9328821E-3
2.3417500E+6	692.6186245E-3	95.5485976E-6	5.0284307E-3
2.3420010E+6	705.1441107E-3	96.7413098E-6	5.1251720E-3
2.3422500E+6	717.3468802E-3	96.2749863E-6	5.2214470E-3
2.3425000E+6	729.5125014E-3	96.1987603E-6	5.3176457E-3
2.3427500E+6	741.2792541E-3	96.1628893E-6	5.4138086E-3
2.3430000E+6	754.2515791E-3	97.4228597E-6	5.5112315E-3
2.3432500E+6	765.9571101E-3	98.7500883E-6	5.6099816E-3
2.3435000E+6	778.9485172E-3	99.2119280E-6	5.7091935E-3
2.3437500E+6	790.7396967E-3	99.6334128E-6	5.8088269E-3
2.3440000E+6	803.6420099E-3	98.5527976E-6	5.9073797E-3
2.3442500E+6	815.4941461E-3	98.8128626E-6	6.0061926E-3
2.3445000E+6	828.3359885E-3	99.7051549E-6	6.1058977E-3
2.3447500E+6	840.1341471E-3	100.1266396E-6	6.2060244E-3
2.3450000E+6	852.7488156E-3	99.9114134E-6	6.3059358E-3
2.3452500E+6	864.1825595E-3	99.7455098E-6	6.4056813E-3
2.3455000E+6	877.3985786E-3	101.0278996E-6	6.5067092E-3
2.3457500E+6	888.9767632E-3	100.8575122E-6	6.6075667E-3
2.3460000E+6	902.1141129E-3	102.5299996E-6	6.7100967E-3
2.3462500E+6	913.7242777E-3	100.8978671E-6	6.8109946E-3
2.3465000E+6	926.8612739E-3	102.2564829E-6	6.9132511E-3
2.3467500E+6	938.4493530E-3	101.8394820E-6	7.0150905E-3
2.3470000E+6	951.6539316E-3	102.3237411E-6	7.1174143E-3
2.3472510E+6	963.2261090E-3	103.5702599E-6	7.2209845E-3
2.3475000E+6	976.4015344E-3	103.3012271E-6	7.3242858E-3
2.3477500E+6	987.9570149E-3	103.7137441E-6	7.4279995E-3
2.3480000E+6	1.0011793E+0	104.8930047E-6	7.5328925E-3
2.3482500E+6	1.0121905E+0	103.7585829E-6	7.6366511E-3
2.3485000E+6	1.0253734E+0	104.3190679E-6	7.7409702E-3
2.3487500E+6	1.0371232E+0	105.4176187E-6	7.8463878E-3
2.3490000E+6	1.0495968E+0	104.7450366E-6	7.9511328E-3
2.3492500E+6	1.0616382E+0	105.8973939E-6	8.0570302E-3
2.3495000E+6	1.0743214E+0	106.1664267E-6	8.1631966E-3
2.3497500E+6	1.0863953E+0	106.1978139E-6	8.2693945E-3
2.3500000E+6	1.0991065E+0	106.1574590E-6	8.3755519E-3
2.3502500E+6	1.1111212E+0	107.1977192E-6	8.4827496E-3
2.3505000E+6	1.1238394E+0	106.3861369E-6	8.5891358E-3
2.3507500E+6	1.1359064E+0	107.4667521E-6	8.6966025E-3
2.3510010E+6	1.1486290E+0	108.5339156E-6	8.8051364E-3
2.3512500E+6	1.1606107E+0	109.5517565E-6	8.9146882E-3
2.3515000E+6	1.1733097E+0	109.4127562E-6	9.0241010E-3
2.3517500E+6	1.1853561E+0	109.7804344E-6	9.1338814E-3
2.3520000E+6	1.1974095E+0	109.2423688E-6	9.2431238E-3
2.3522500E+6	1.2123285E+0	110.3364356E-6	9.3534602E-3
2.3525000E+6	1.2221724E+0	110.0001446E-6	9.4634603E-3
2.3527500E+6	1.2345453E+0	110.3678228E-6	9.5738282E-3
2.3530000E+6	1.2469765E+0	110.5606296E-6	9.6843888E-3
2.3532500E+6	1.2593360E+0	111.2421795E-6	9.7956310E-3
2.3535000E+6	1.2716514E+0	111.4753413E-6	9.9071063E-3
2.3537500E+6	1.2840929E+0	112.0627296E-6	10.0191690E-3
2.3540000E+6	1.2964506E+0	112.0941168E-6	10.1312632E-3
2.3542500E+6	1.3088146E+0	112.6859890E-6	10.2439491E-3
2.3545000E+6	1.3212218E+0	112.4079884E-6	10.3563571E-3
2.3547500E+6	1.3335826E+0	113.8697335E-6	10.4702269E-3
2.3550000E+6	1.3459123E+0	114.1432502E-6	10.5843701E-3
2.3552500E+6	1.3584059E+0	115.3045753E-6	10.6996747E-3
2.3555000E+6	1.3707102E+0	114.3719281E-6	10.8140466E-3
2.3557500E+6	1.3831486E+0	115.2328332E-6	10.9292795E-3
2.3560000E+6	1.3954925E+0	115.9906090E-6	11.0452701E-3
2.3562500E+6	1.4079326E+0	115.6812212E-6	11.1609513E-3
2.3565000E+6	1.4203647E+0	117.1295146E-6	11.2780808E-3
2.3567500E+6	1.4326984E+0	116.7125137E-6	11.3947933E-3
2.3570000E+6	1.4450205E+0	116.3896743E-6	11.5111830E-3
2.3572500E+6	1.4574415E+0	117.5734188E-6	11.6287564E-3
2.3575010E+6	1.4698563E+0	116.9367078E-6	11.7456931E-3
2.3577500E+6	1.4821877E+0	118.4881304E-6	11.8641812E-3
2.3580000E+6	1.4793397E+0	118.0935489E-6	11.9822748E-3
2.3582500E+6	1.4667209E+0	117.2640310E-6	12.0995388E-3
2.3585000E+6	1.4547935E+0	117.0488048E-6	12.2165876E-3
2.3587500E+6	1.4419676E+0	116.5645457E-6	12.3331522E-3
2.3590000E+6	1.4300050E+0	116.9053206E-6	12.4500575E-3
2.3592500E+6	1.4171991E+0	115.3852851E-6	12.5654428E-3
2.3595000E+6	1.4053488E+0	114.7171869E-6	12.6801600E-3
2.3597510E+6	1.3924004E+0	115.1655750E-6	12.7953255E-3
2.3600000E+6	1.3805211E+0	114.4167669E-6	12.9097423E-3
2.3602500E+6	1.3676622E+0	114.0715081E-6	13.0238138E-3
2.3605010E+6	1.3557130E+0	114.3584765E-6	13.1381723E-3
2.3607500E+6	1.3428532E+0	113.2240547E-6	13.2513964E-3
2.3610000E+6	1.3310220E+0	113.8607657E-6	13.3652571E-3
2.3612500E+6	1.3185859E+0	112.8698281E-6	13.4781269E-3
2.3615000E+6	1.3068229E+0	112.7532472E-6	13.5908802E-3
2.3617500E+6	1.2935011E+0	112.1882783E-6	13.7030685E-3
2.3620000E+6	1.2820357E+0	112.1255040E-6	13.8151940E-3
2.3622500E+6	1.2690106E+0	111.4798252E-6	13.9266738E-3
2.3625000E+6	1.2567148E+0	110.6144362E-6	14.0372882E-3
2.3627500E+6	1.2442617E+0	110.9103723E-6	14.1481986E-3
2.3630000E+6	1.2326542E+0	110.9327917E-6	14.2591314E-3
2.3632500E+6	1.2195476E+0	110.5651135E-6	14.3696965E-3
2.3635000E+6	1.2078857E+0	109.5338210E-6	14.4792303E-3
2.3637500E+6	1.1948411E+0	109.6369503E-6	14.5888673E-3
2.3640000E+6	1.1831921E+0	108.8836583E-6	14.6977509E-3
2.3642500E+6	1.1700423E+0	108.6101416E-6	14.8063611E-3
2.3645000E+6	1.1588615E+0	109.3096270E-6	14.9156707E-3
2.3647500E+6	1.1457393E+0	108.6280771E-6	15.0242988E-3
2.3650000E+6	1.1341398E+0	107.7268172E-6	15.1320256E-3
2.3652500E+6	1.1209905E+0	108.4442380E-6	15.2404698E-3
2.3655000E+6	1.1094061E+0	107.6057524E-6	15.3480756E-3
2.3657500E+6	1.0962750E+0	107.2066870E-6	15.4552823E-3
2.3660010E+6	1.0845227E+0	106.4220079E-6	15.5617043E-3
2.3662500E+6	1.0715444E+0	106.4892661E-6	15.6681936E-3
2.3665000E+6	1.0598504E+0	105.7897808E-6	15.7739833E-3
2.3667500E+6	1.0467412E+0	105.1351342E-6	15.8791185E-3
2.3670000E+6	1.0350975E+0	104.8885208E-6	15.9840070E-3
2.3672500E+6	1.0224520E+0	104.8885208E-6	16.0888955E-3
2.3675000E+6	1.0106204E+0	103.7316796E-6	16.1926272E-3
2.3677500E+6	996.6279210E-3	102.7766130E-6	16.2954038E-3
2.3680010E+6	985.8218980E-3	103.5299050E-6	16.3989337E-3
2.3682500E+6	972.9945439E-3	103.7361635E-6	16.5026699E-3
2.3685000E+6	961.0781823E-3	102.4134187E-6	16.6050833E-3
2.3687500E+6	948.3422631E-3	103.2743238E-6	16.7083576E-3
2.3690000E+6	936.3444052E-3	102.4223865E-6	16.8107800E-3
2.3692500E+6	923.5047714E-3	102.1533536E-6	16.9129334E-3
2.3695000E+6	911.5851853E-3	101.2251904E-6	17.0141585E-3
2.3697500E+6	898.7776641E-3	101.1534483E-6	17.1153120E-3
2.3700000E+6	886.8508782E-3	100.0190265E-6	17.2153310E-3
2.3702500E+6	874.1618691E-3	99.7230904E-6	17.3150541E-3
2.3705000E+6	862.0917024E-3	100.0100588E-6	17.4150642E-3
2.3707500E+6	849.9026703E-3	100.0459298E-6	17.5151101E-3
2.3710000E+6	837.6527700E-3	98.5438298E-6	17.6136539E-3
2.3712500E+6	825.1892563E-3	99.8307035E-6	17.7134846E-3
2.3715000E+6	812.9252652E-3	99.1312182E-6	17.8126159E-3
2.3717500E+6	800.3631166E-3	98.0371513E-6	17.9106530E-3
2.3720000E+6	788.2436988E-3	98.9025403E-6	18.0095555E-3
2.3722510E+6	775.7120285E-3	98.6873140E-6	18.1082429E-3
2.3725000E+6	763.4699465E-3	96.9475683E-6	18.2051904E-3
2.3727500E+6	750.9931372E-3	98.2568615E-6	18.3034473E-3
2.3730000E+6	738.7700047E-3	96.8085680E-6	18.4002559E-3
2.3732500E+6	726.4391380E-3	95.5351460E-6	18.4957910E-3
2.3735000E+6	714.3540414E-3	95.8041788E-6	18.5915952E-3
2.3737500E+6	702.0742369E-3	96.8130519E-6	18.6884082E-3
2.3740000E+6	689.6656284E-3	95.4723716E-6	18.7838806E-3
2.3742510E+6	677.5099016E-3	95.3826940E-6	18.8792633E-3
2.3745000E+6	664.8982810E-3	95.2840487E-6	18.9745473E-3
2.3747500E+6	652.8006838E-3	94.4904018E-6	19.0690378E-3
2.3750010E+6	640.1133091E-3	94.1361752E-6	19.1631739E-3
2.3752500E+6	628.1184549E-3	94.6159505E-6	19.2577899E-3
2.3755000E+6	615.3962288E-3	93.5936257E-6	19.3513835E-3
2.3757500E+6	603.3336597E-3	93.8716263E-6	19.4452551E-3
2.3760000E+6	590.6821963E-3	93.4053027E-6	19.5386604E-3
2.3762500E+6	578.5353480E-3	92.3874618E-6	19.6310479E-3
2.3765000E+6	565.9630842E-3	92.7730756E-6	19.7238210E-3
2.3767500E+6	553.8344787E-3	93.1900765E-6	19.8170110E-3
2.3770000E+6	541.4895654E-3	91.8404284E-6	19.9088515E-3
2.3772500E+6	529.9196850E-3	92.5309460E-6	20.0013824E-3
2.3775000E+6	516.8330001E-3	91.5086213E-6	20.0928910E-3
2.3777500E+6	505.2387370E-3	90.6611678E-6	20.1835522E-3
2.3780000E+6	492.1136228E-3	90.7463616E-6	20.2742986E-3
2.3782500E+6	480.4519541E-3	91.0333299E-6	20.3653319E-3
2.3785000E+6	467.3753844E-3	90.0154890E-6	20.4553474E-3
2.3787500E+6	455.7287781E-3	89.0559386E-6	20.5444033E-3
2.3790000E+6	442.6437717E-3	89.5715849E-6	20.6339749E-3
2.3792500E+6	430.9904514E-3	89.3832619E-6	20.7233582E-3
2.3795000E+6	417.8550011E-3	89.8092305E-6	20.8131674E-3
2.3797500E+6	406.2539356E-3	89.5132944E-6	20.9026807E-3
2.3800000E+6	393.1796187E-3	89.2039067E-6	20.9918846E-3
2.3802500E+6	381.5407866E-3	88.4326792E-6	21.0803173E-3
2.3805000E+6	368.4753481E-3	88.6210022E-6	21.1689383E-3
2.3807500E+6	357.2868443E-3	88.1367431E-6	21.2570750E-3
2.3810000E+6	344.1797963E-3	88.3923243E-6	21.3454674E-3
2.3812500E+6	332.5546573E-3	88.3923243E-6	21.4338597E-3
2.3815000E+6	319.4450916E-3	86.6705142E-6	21.5205302E-3
2.3817500E+6	308.0893545E-3	87.0785473E-6	21.6076087E-3
2.3820000E+6	295.2535636E-3	86.1100291E-6	21.6937188E-3
2.3822500E+6	283.4215254E-3	86.3969974E-6	21.7801158E-3
2.3825000E+6	270.4562678E-3	86.7915789E-6	21.8669073E-3
2.3827500E+6	258.6599202E-3	85.1818658E-6	21.9520892E-3
2.3830000E+6	245.7752315E-3	85.8813512E-6	22.0379706E-3
2.3832500E+6	233.9012304E-3	85.4195115E-6	22.1233901E-3
2.3835000E+6	221.0068681E-3	85.3746727E-6	22.2087647E-3
2.3837500E+6	209.2406454E-3	85.1639303E-6	22.2939287E-3
2.3840000E+6	196.2779498E-3	84.7155422E-6	22.3786442E-3
2.3842510E+6	184.4605766E-3	84.9487040E-6	22.4635929E-3
2.3845000E+6	171.5365752E-3	84.5720581E-6	22.5481650E-3
2.3847500E+6	159.7143431E-3	83.4466041E-6	22.6316116E-3
2.3850000E+6	146.8810700E-3	83.2224100E-6	22.7148340E-3
2.3852500E+6	135.2038529E-3	83.1147969E-6	22.7979488E-3
2.3855000E+6	122.7065480E-3	83.9129276E-6	22.8818617E-3
2.3857500E+6	110.5505562E-3	83.0430548E-6	22.9649048E-3
2.3860000E+6	96.7180915E-3	83.6707981E-6	23.0485756E-3
2.3862500E+6	85.8094933E-3	83.5497333E-6	23.1321253E-3
2.3865000E+6	73.2320697E-3	82.6484733E-6	23.2147738E-3
2.3867500E+6	61.0958850E-3	83.1730873E-6	23.2979469E-3
2.3870000E+6	48.4962379E-3	83.9039599E-6	23.3818508E-3
2.3872500E+6	36.6683355E-3	83.4017652E-6	23.4652526E-3
2.3875000E+6	24.4443161E-3	81.9310524E-6	23.5471836E-3
2.3877500E+6	11.9500295E-3	75.2859415E-6	23.6224696E-3
2.3880000E+6	955.1653669E-6	70.0084141E-6	23.6924780E-3
