Acquisition Time (ms)	Shunt Voltage (V)	Sample Voltage (V)	Integrated Sample Voltage (V)		
milliseconds	Volts	Volts	Volts		
2.6340000E+6	2.9769703E-3	19.6499518E-6	19.6499518E-6
2.6342500E+6	13.6956852E-3	27.8016466E-6	47.4515984E-6
2.6345000E+6	26.7727986E-3	60.4129097E-6	107.8645082E-6
2.6347500E+6	37.8291842E-3	80.0747259E-6	187.9392341E-6
2.6350000E+6	50.3610434E-3	81.8548265E-6	269.7940605E-6
2.6352500E+6	62.4233343E-3	82.9444094E-6	352.7384700E-6
2.6355000E+6	75.0675671E-3	83.0609903E-6	435.7994603E-6
2.6357500E+6	87.1665814E-3	82.6305378E-6	518.4299981E-6
2.6360000E+6	99.8192396E-3	82.8009253E-6	601.2309233E-6
2.6362500E+6	111.8788085E-3	83.1686035E-6	684.3995268E-6
2.6365000E+6	126.7447049E-3	83.6977014E-6	768.0972282E-6
2.6367500E+6	136.5966239E-3	83.4107330E-6	851.5079612E-6
2.6370000E+6	149.2478222E-3	83.2672488E-6	934.7752100E-6
2.6372500E+6	161.2783228E-3	83.4779912E-6	1.0182532E-3
2.6375000E+6	174.0186592E-3	83.3883136E-6	1.1016415E-3
2.6377500E+6	186.0449635E-3	84.1057345E-6	1.1857472E-3
2.6380000E+6	198.6974428E-3	83.8860243E-6	1.2696333E-3
2.6382500E+6	210.4713071E-3	85.4150276E-6	1.3550483E-3
2.6385000E+6	222.8063701E-3	85.7513186E-6	1.4407996E-3
2.6387500E+6	235.1493840E-3	84.9218008E-6	1.5257214E-3
2.6390000E+6	247.5124959E-3	86.5180622E-6	1.6122395E-3
2.6392500E+6	259.9105916E-3	85.4060598E-6	1.6976455E-3
2.6395000E+6	272.2149996E-3	85.8544479E-6	1.7835000E-3
2.6397500E+6	284.5608404E-3	85.7827058E-6	1.8692827E-3
2.6400000E+6	296.0521398E-3	85.3791566E-6	1.9546619E-3
2.6402500E+6	309.0050293E-3	85.1415109E-6	2.0398034E-3
2.6405000E+6	320.8257596E-3	86.7601918E-6	2.1265636E-3
2.6407510E+6	333.7290003E-3	86.1414163E-6	2.2127050E-3
2.6410000E+6	345.5420889E-3	87.0247407E-6	2.2997297E-3
2.6412500E+6	358.4229790E-3	87.8049359E-6	2.3875346E-3
2.6415000E+6	370.2219327E-3	88.5402923E-6	2.4760749E-3
2.6417500E+6	383.0951810E-3	87.8901297E-6	2.5639651E-3
2.6420000E+6	395.0380013E-3	88.3340338E-6	2.6522991E-3
2.6422500E+6	407.9161968E-3	88.3564532E-6	2.7406556E-3
2.6425000E+6	419.7019433E-3	89.4191329E-6	2.8300747E-3
2.6427500E+6	432.2363522E-3	89.6747141E-6	2.9197494E-3
2.6430000E+6	444.4951752E-3	88.6792926E-6	3.0084287E-3
2.6432500E+6	456.8590380E-3	89.3384231E-6	3.0977671E-3
2.6435000E+6	468.4529919E-3	89.7330046E-6	3.1875001E-3
2.6437500E+6	481.6187880E-3	90.1948443E-6	3.2776950E-3
2.6440000E+6	493.1804525E-3	91.0064266E-6	3.3687014E-3
2.6442500E+6	506.3437308E-3	90.1948443E-6	3.4588962E-3
2.6445000E+6	517.9635691E-3	91.2351045E-6	3.5501313E-3
2.6447500E+6	531.0665092E-3	91.4099759E-6	3.6415413E-3
2.6450000E+6	542.4669478E-3	91.5534601E-6	3.7330948E-3
2.6452500E+6	555.2521182E-3	91.9839126E-6	3.8250787E-3
2.6455000E+6	566.7678002E-3	92.4188490E-6	3.9174975E-3
2.6457500E+6	579.4333543E-3	92.9524308E-6	4.0104500E-3
2.6460000E+6	591.4381913E-3	93.3111412E-6	4.1037611E-3
2.6462500E+6	604.1368297E-3	92.7192690E-6	4.1964804E-3
2.6465000E+6	616.1750162E-3	94.0509815E-6	4.2905314E-3
2.6467510E+6	628.9590823E-3	93.2393991E-6	4.3837708E-3
2.6470000E+6	640.8490735E-3	93.9523361E-6	4.4777231E-3
2.6472500E+6	653.6178121E-3	94.4231436E-6	4.5721462E-3
2.6475000E+6	665.5663305E-3	94.3379499E-6	4.6664842E-3
2.6477500E+6	678.4414340E-3	94.3603693E-6	4.7608446E-3
2.6480000E+6	690.3532459E-3	96.6561161E-6	4.8575007E-3
2.6482500E+6	703.0483064E-3	95.1360806E-6	4.9526368E-3
2.6485000E+6	715.0402454E-3	95.6113719E-6	5.0482481E-3
2.6487500E+6	727.2318394E-3	96.5978257E-6	5.1448460E-3
2.6490000E+6	739.4441499E-3	95.8579854E-6	5.2407039E-3
2.6492500E+6	751.8645080E-3	96.8668585E-6	5.3375708E-3
2.6495000E+6	764.1583590E-3	97.4497630E-6	5.4350206E-3
2.6497500E+6	776.5444843E-3	96.8444391E-6	5.5318650E-3
2.6500000E+6	788.8598026E-3	96.9027295E-6	5.6287677E-3
2.6502500E+6	800.5959445E-3	98.7321528E-6	5.7274999E-3
2.6505000E+6	813.2174596E-3	98.3644746E-6	5.8258644E-3
2.6507500E+6	825.1099243E-3	98.2523776E-6	5.9241167E-3
2.6510000E+6	837.8998652E-3	98.7321528E-6	6.0228489E-3
2.6512500E+6	849.7864110E-3	99.9024456E-6	6.1227513E-3
2.6515000E+6	862.6445085E-3	99.6289289E-6	6.2223803E-3
2.6517500E+6	874.5751816E-3	100.2656399E-6	6.3226459E-3
2.6520000E+6	887.2895893E-3	100.2566722E-6	6.4229026E-3
2.6522500E+6	899.2696461E-3	100.6871247E-6	6.5235897E-3
2.6525000E+6	912.0841022E-3	101.6601268E-6	6.6252498E-3
2.6527500E+6	924.0810767E-3	101.4987071E-6	6.7267485E-3
2.6530000E+6	936.8340019E-3	101.5749331E-6	6.8283235E-3
2.6532510E+6	948.8063287E-3	101.7498044E-6	6.9300733E-3
2.6535000E+6	961.5403044E-3	102.4717092E-6	7.0325450E-3
2.6537500E+6	973.6660829E-3	102.1219665E-6	7.1346669E-3
2.6540000E+6	986.2250070E-3	102.7631614E-6	7.2374301E-3
2.6542500E+6	998.0527163E-3	103.7361635E-6	7.3411663E-3
2.6545000E+6	1.0106806E+0	103.3460659E-6	7.4445123E-3
2.6547500E+6	1.0222300E+0	104.6150041E-6	7.5491273E-3
2.6550000E+6	1.0353940E+0	105.0499405E-6	7.6541773E-3
2.6552510E+6	1.0469760E+0	105.1216826E-6	7.7592990E-3
2.6555000E+6	1.0600615E+0	105.1979085E-6	7.8644969E-3
2.6557500E+6	1.0717368E+0	105.9467166E-6	7.9704436E-3
2.6560000E+6	1.0847933E+0	106.5296210E-6	8.0769732E-3
2.6562500E+6	1.0964694E+0	106.0767491E-6	8.1830500E-3
2.6565000E+6	1.1095654E+0	106.2336849E-6	8.2892836E-3
2.6567500E+6	1.1207473E+0	107.2515258E-6	8.3965352E-3
2.6570000E+6	1.1338317E+0	107.1663321E-6	8.5037015E-3
2.6572500E+6	1.1457151E+0	107.5205586E-6	8.6112221E-3
2.6575000E+6	1.1585957E+0	108.6684321E-6	8.7198905E-3
2.6577500E+6	1.1702081E+0	108.4890768E-6	8.8283796E-3
2.6580000E+6	1.1833331E+0	108.0496565E-6	8.9364292E-3
2.6582500E+6	1.1949340E+0	109.6952407E-6	9.0461245E-3
2.6585000E+6	1.2097697E+0	109.2423688E-6	9.1553668E-3
2.6587500E+6	1.2196322E+0	110.5382102E-6	9.2659050E-3
2.6590000E+6	1.2327495E+0	110.3364356E-6	9.3762415E-3
2.6592500E+6	1.2444609E+0	110.3767905E-6	9.4866183E-3
2.6595000E+6	1.2574957E+0	110.6144362E-6	9.5972327E-3
2.6597500E+6	1.2691042E+0	111.4349864E-6	9.7086677E-3
2.6600000E+6	1.2822762E+0	110.7579204E-6	9.8194256E-3
2.6602500E+6	1.2938365E+0	111.9102777E-6	9.9313359E-3
2.6605000E+6	1.3069601E+0	112.0627296E-6	10.0433986E-3
2.6607500E+6	1.3183881E+0	113.3720227E-6	10.1567706E-3
2.6610000E+6	1.3312238E+0	112.1837944E-6	10.2689544E-3
2.6612500E+6	1.3430536E+0	112.7084084E-6	10.3816629E-3
2.6615000E+6	1.3559571E+0	113.7083138E-6	10.4953712E-3
2.6617500E+6	1.3678208E+0	114.4122830E-6	10.6097834E-3
2.6620000E+6	1.3807523E+0	114.4212508E-6	10.7242047E-3
2.6622500E+6	1.3925679E+0	114.7844451E-6	10.8389891E-3
2.6625000E+6	1.4054860E+0	114.5198962E-6	10.9535090E-3
2.6627500E+6	1.4173332E+0	115.9412863E-6	11.0694503E-3
2.6630000E+6	1.4301886E+0	115.9950929E-6	11.1854454E-3
2.6632500E+6	1.4420656E+0	116.3672549E-6	11.3018127E-3
2.6635000E+6	1.4548760E+0	116.3044806E-6	11.4181172E-3
2.6637500E+6	1.4665797E+0	117.5375478E-6	11.5356547E-3
2.6640010E+6	1.4791789E+0	118.5912597E-6	11.6542460E-3
2.6642500E+6	1.4797322E+0	118.1339039E-6	11.7723799E-3
2.6645000E+6	1.4676578E+0	117.6272254E-6	11.8900071E-3
2.6647500E+6	1.4554408E+0	117.3178376E-6	12.0073249E-3
2.6650000E+6	1.4428764E+0	116.3313839E-6	12.1236563E-3
2.6652500E+6	1.4306755E+0	115.8964475E-6	12.2395528E-3
2.6655000E+6	1.4182318E+0	115.8022860E-6	12.3553550E-3
2.6657500E+6	1.4059315E+0	114.0849597E-6	12.4694400E-3
2.6660000E+6	1.3933983E+0	114.1208308E-6	12.5835608E-3
2.6662500E+6	1.3812205E+0	114.8382517E-6	12.6983991E-3
2.6665000E+6	1.3686240E+0	114.8830905E-6	12.8132822E-3
2.6667500E+6	1.3565064E+0	113.3989260E-6	12.9266811E-3
2.6670000E+6	1.3439094E+0	112.1793105E-6	13.0388604E-3
2.6672500E+6	1.3317156E+0	112.3496980E-6	13.1512101E-3
2.6675000E+6	1.3191458E+0	112.6994407E-6	13.2639096E-3
2.6677500E+6	1.3069574E+0	112.5828598E-6	13.3764924E-3
2.6680000E+6	1.2943814E+0	112.7936022E-6	13.4892860E-3
2.6682500E+6	1.2822094E+0	112.3766013E-6	13.6016626E-3
2.6685000E+6	1.2696062E+0	111.0717920E-6	13.7127344E-3
2.6687500E+6	1.2577505E+0	110.3723067E-6	13.8231067E-3
2.6690000E+6	1.2455180E+0	110.3498873E-6	13.9334566E-3
2.6692500E+6	1.2330649E+0	110.0718867E-6	14.0435285E-3
2.6695000E+6	1.2208965E+0	110.2557258E-6	14.1537842E-3
2.6697500E+6	1.2083116E+0	108.7715613E-6	14.2625558E-3
2.6700000E+6	1.1961632E+0	109.3768852E-6	14.3719327E-3
2.6702500E+6	1.1835828E+0	107.7851076E-6	14.4797178E-3
2.6705000E+6	1.1714059E+0	108.7939807E-6	14.5885118E-3
2.6707500E+6	1.1588749E+0	107.8433980E-6	14.6963551E-3
2.6710000E+6	1.1466771E+0	107.3456873E-6	14.8037008E-3
2.6712500E+6	1.1341469E+0	106.9421381E-6	14.9106430E-3
2.6715000E+6	1.1219255E+0	107.6954300E-6	15.0183384E-3
2.6717500E+6	1.1093945E+0	105.8391034E-6	15.1241775E-3
2.6720000E+6	1.0978346E+0	106.3457819E-6	15.2305233E-3
2.6722500E+6	1.0850359E+0	106.1440073E-6	15.3366673E-3
2.6725000E+6	1.0732969E+0	106.3412981E-6	15.4430086E-3
2.6727500E+6	1.0602785E+0	105.2606829E-6	15.5482693E-3
2.6730000E+6	1.0485071E+0	105.3817476E-6	15.6536510E-3
2.6732500E+6	1.0355355E+0	103.6016471E-6	15.7572527E-3
2.6735000E+6	1.0237627E+0	103.6375181E-6	15.8608902E-3
2.6737500E+6	1.0107567E+0	103.6733891E-6	15.9645636E-3
2.6740000E+6	997.8934781E-3	102.7676453E-6	16.0673312E-3
2.6742500E+6	986.4639305E-3	103.5119694E-6	16.1708432E-3
2.6745000E+6	974.9178585E-3	102.9739038E-6	16.2738171E-3
2.6747500E+6	961.7560821E-3	103.3640014E-6	16.3771811E-3
2.6750000E+6	950.1578877E-3	102.2250957E-6	16.4794062E-3
2.6752500E+6	936.9685041E-3	101.6421913E-6	16.5810484E-3
2.6755000E+6	925.7298656E-3	100.5705438E-6	16.6816189E-3
2.6757500E+6	912.6941104E-3	102.2878701E-6	16.7839068E-3
2.6760000E+6	900.9873867E-3	100.5301889E-6	16.8844370E-3
2.6762500E+6	888.0384726E-3	100.3956725E-6	16.9848327E-3
2.6765000E+6	876.2870032E-3	99.3464444E-6	17.0841791E-3
2.6767500E+6	863.3403419E-3	99.2747023E-6	17.1834538E-3
2.6770000E+6	851.5553463E-3	98.5886686E-6	17.2820425E-3
2.6772500E+6	838.5627467E-3	100.1131880E-6	17.3821557E-3
2.6775000E+6	826.8071693E-3	99.5168319E-6	17.4816725E-3
2.6777500E+6	813.9112610E-3	98.5662492E-6	17.5802387E-3
2.6780000E+6	802.1248078E-3	98.1088934E-6	17.6783476E-3
2.6782500E+6	789.1576509E-3	98.0326674E-6	17.7763803E-3
2.6785000E+6	777.4411212E-3	97.3690531E-6	17.8737494E-3
2.6787500E+6	764.9401942E-3	97.8577961E-6	17.9716072E-3
2.6790000E+6	753.0025862E-3	97.5394406E-6	18.0691466E-3
2.6792500E+6	740.4449431E-3	96.0373406E-6	18.1651839E-3
2.6795000E+6	728.2965488E-3	96.9251489E-6	18.2621091E-3
2.6797500E+6	715.6332034E-3	96.0059534E-6	18.3581150E-3
2.6800000E+6	703.5156849E-3	94.8356606E-6	18.4529507E-3
2.6802500E+6	690.8871907E-3	94.8849833E-6	18.5478357E-3
2.6805000E+6	678.8387123E-3	94.7056281E-6	18.6425413E-3
2.6807500E+6	666.1463904E-3	94.9163705E-6	18.7374577E-3
2.6810000E+6	654.1134603E-3	94.0195944E-6	18.8314773E-3
2.6812500E+6	641.4970691E-3	93.5981096E-6	18.9250754E-3
2.6815000E+6	629.4218228E-3	93.4635932E-6	19.0185390E-3
2.6817500E+6	617.3104000E-3	93.5846579E-6	19.1121236E-3
2.6820000E+6	604.9662376E-3	93.4187544E-6	19.2055424E-3
2.6822500E+6	592.6601953E-3	92.7685917E-6	19.2983110E-3
2.6825000E+6	580.2593610E-3	92.9389791E-6	19.3912500E-3
2.6827500E+6	567.9633014E-3	92.5937203E-6	19.4838437E-3
2.6830000E+6	555.5416181E-3	91.6565893E-6	19.5755003E-3
2.6832500E+6	543.2921594E-3	91.6476216E-6	19.6671479E-3
2.6835000E+6	530.8456076E-3	91.4817180E-6	19.7586296E-3
2.6837500E+6	518.5095287E-3	90.8136198E-6	19.8494432E-3
2.6840000E+6	506.0941619E-3	90.4011028E-6	19.9398443E-3
2.6842510E+6	493.7448315E-3	90.1589732E-6	20.0300033E-3
2.6845000E+6	481.3755356E-3	89.6029720E-6	20.1196063E-3
2.6847500E+6	469.0825238E-3	90.2217475E-6	20.2098280E-3
2.6850000E+6	456.6770073E-3	89.7599078E-6	20.2995879E-3
2.6852500E+6	444.3795343E-3	89.1635517E-6	20.3887515E-3
2.6855000E+6	432.2155916E-3	89.3429070E-6	20.4780944E-3
2.6857500E+6	420.4718522E-3	89.1994228E-6	20.5672938E-3
2.6860000E+6	407.5887094E-3	89.2846165E-6	20.6565784E-3
2.6862500E+6	395.6936386E-3	88.4954535E-6	20.7450739E-3
2.6865000E+6	382.8252491E-3	88.7017120E-6	20.8337756E-3
2.6867500E+6	371.0251469E-3	88.5806473E-6	20.9223562E-3
2.6870000E+6	358.1194767E-3	87.5852258E-6	21.0099415E-3
2.6872500E+6	346.0729418E-3	87.1502894E-6	21.0970918E-3
2.6875000E+6	333.4114074E-3	87.7825165E-6	21.1848743E-3
2.6877500E+6	321.6254842E-3	87.5224515E-6	21.2723967E-3
2.6880000E+6	308.7598334E-3	86.7870951E-6	21.3591838E-3
2.6882500E+6	296.8262892E-3	86.6929336E-6	21.4458768E-3
2.6885000E+6	284.0226551E-3	86.7063852E-6	21.5325831E-3
2.6887500E+6	272.6946135E-3	85.7109637E-6	21.6182941E-3
2.6890000E+6	259.7302394E-3	86.3700942E-6	21.7046642E-3
2.6892500E+6	248.2777668E-3	86.2893843E-6	21.7909536E-3
2.6895000E+6	235.4686113E-3	85.3970921E-6	21.8763507E-3
2.6897510E+6	223.7766850E-3	84.8500587E-6	21.9612007E-3
2.6900000E+6	210.7525028E-3	85.2984467E-6	22.0464992E-3
2.6902500E+6	199.0619900E-3	84.6796712E-6	22.1311789E-3
2.6905000E+6	186.0230986E-3	84.4375417E-6	22.2156164E-3
2.6907500E+6	174.3427011E-3	83.7873790E-6	22.2994038E-3
2.6910000E+6	161.3018220E-3	83.9039599E-6	22.3833077E-3
2.6912500E+6	149.6626807E-3	83.7066691E-6	22.4670144E-3
2.6915000E+6	136.5850068E-3	83.9846697E-6	22.5509991E-3
2.6917500E+6	124.9520495E-3	83.0385709E-6	22.6340376E-3
2.6920000E+6	111.8809129E-3	82.9354417E-6	22.7169731E-3
2.6922500E+6	100.1786505E-3	82.8861190E-6	22.7998592E-3
2.6925000E+6	86.1854160E-3	83.6214754E-6	22.8834807E-3
2.6927500E+6	75.6988369E-3	82.3839244E-6	22.9658646E-3
2.6930000E+6	62.9850640E-3	83.1282485E-6	23.0489929E-3
2.6932500E+6	51.0278789E-3	82.2269885E-6	23.1312198E-3
2.6935000E+6	38.2542204E-3	80.4648235E-6	23.2116847E-3
2.6937500E+6	26.3393146E-3	37.3971510E-6	23.2490818E-3
2.6940000E+6	13.5760795E-3	21.3538264E-6	23.2704356E-3
2.6942500E+6	1.9409882E-3	17.5111408E-6	23.2879468E-3
