Acquisition Time (ms)	Shunt Voltage (V)	Sample Voltage (V)	Integrated Sample Voltage (V)		
milliseconds	Volts	Volts	Volts		
3.9535000E+6	7.4203223E-3	1.0194282E-6	1.0194282E-6
3.9537500E+6	18.4481820E-3	1.4005580E-6	2.4199862E-6
3.9540000E+6	31.5369391E-3	1.2660416E-6	3.6860278E-6
3.9542500E+6	42.6506222E-3	1.7458168E-6	5.4318446E-6
3.9545000E+6	55.1153236E-3	1.6651070E-6	7.0969516E-6
3.9547500E+6	67.1992928E-3	3.3555299E-6	10.4524816E-6
3.9550000E+6	79.7775209E-3	4.1222735E-6	14.5747551E-6
3.9552500E+6	91.9442964E-3	6.0010195E-6	20.5757745E-6
3.9555000E+6	104.4225321E-3	7.0861185E-6	27.6618931E-6
3.9557500E+6	116.5850927E-3	10.1261895E-6	37.7880826E-6
3.9560000E+6	131.4051938E-3	52.2791505E-6	90.0672331E-6
3.9562500E+6	140.9844422E-3	78.4112062E-6	168.4784393E-6
3.9565000E+6	153.2473732E-3	82.2628596E-6	250.7412989E-6
3.9567500E+6	165.6251500E-3	82.2000853E-6	332.9413842E-6
3.9570000E+6	177.8887435E-3	82.7829897E-6	415.7243739E-6
3.9572500E+6	190.3004882E-3	82.8502479E-6	498.5746218E-6
3.9575000E+6	202.4123969E-3	83.4331524E-6	582.0077743E-6
3.9577500E+6	214.9729553E-3	82.4197954E-6	664.4275697E-6
3.9580000E+6	227.1452464E-3	83.7963467E-6	748.2239164E-6
3.9582500E+6	239.6673757E-3	84.2447348E-6	832.4686512E-6
3.9585000E+6	251.8540667E-3	84.0877990E-6	916.5564502E-6
3.9587500E+6	264.3269447E-3	85.1728981E-6	1.0017293E-3
3.9590000E+6	276.5942928E-3	84.1460894E-6	1.0858754E-3
3.9592500E+6	288.9892082E-3	85.3208661E-6	1.1711963E-3
3.9595000E+6	301.2372533E-3	85.6437055E-6	1.2568400E-3
3.9597500E+6	313.6846886E-3	84.6662196E-6	1.3415062E-3
3.9600000E+6	325.8834384E-3	85.4508987E-6	1.4269571E-3
3.9602500E+6	338.3708047E-3	85.7423509E-6	1.5126995E-3
3.9605000E+6	350.5068752E-3	85.7961575E-6	1.5984956E-3
3.9607500E+6	363.0555073E-3	86.9036759E-6	1.6853993E-3
3.9610000E+6	375.2643724E-3	86.2131583E-6	1.7716125E-3
3.9612500E+6	387.6929906E-3	86.5987721E-6	1.8582112E-3
3.9615000E+6	399.2330552E-3	87.0202568E-6	1.9452315E-3
3.9617500E+6	412.0366010E-3	88.1098398E-6	2.0333413E-3
3.9620000E+6	423.7829023E-3	88.0380977E-6	2.1213794E-3
3.9622500E+6	436.7500592E-3	88.6210022E-6	2.2100004E-3
3.9625000E+6	448.4155709E-3	87.7780327E-6	2.2977785E-3
3.9627500E+6	461.3223454E-3	88.2353885E-6	2.3860139E-3
3.9630000E+6	473.0660406E-3	89.4011974E-6	2.4754151E-3
3.9632500E+6	486.0315632E-3	89.2308099E-6	2.5646459E-3
3.9635000E+6	497.8052508E-3	90.0379084E-6	2.6546838E-3
3.9637500E+6	510.4209794E-3	90.5894257E-6	2.7452732E-3
3.9640000E+6	521.9935985E-3	90.6746195E-6	2.8359478E-3
3.9642500E+6	534.9844313E-3	91.1454269E-6	2.9270932E-3
3.9645000E+6	546.5547976E-3	89.8899404E-6	3.0169832E-3
3.9647500E+6	559.7122894E-3	90.6432323E-6	3.1076264E-3
3.9650000E+6	571.1886588E-3	90.9032974E-6	3.1985297E-3
3.9652500E+6	584.3720793E-3	92.5937203E-6	3.2911234E-3
3.9655000E+6	595.4433520E-3	91.3696210E-6	3.3824931E-3
3.9657500E+6	607.9922492E-3	92.2215583E-6	3.4747146E-3
3.9660000E+6	620.0091450E-3	92.6295914E-6	3.5673442E-3
3.9662500E+6	632.6270822E-3	92.3695263E-6	3.6597137E-3
3.9665000E+6	644.6805520E-3	93.4770448E-6	3.7531908E-3
3.9667500E+6	657.3694286E-3	93.3918511E-6	3.8465826E-3
3.9670000E+6	669.3506780E-3	94.2706917E-6	3.9408533E-3
3.9672500E+6	682.0369485E-3	93.8133359E-6	4.0346667E-3
3.9675000E+6	694.0100262E-3	95.1809194E-6	4.1298476E-3
3.9677500E+6	706.1520598E-3	94.4814341E-6	4.2243290E-3
3.9680000E+6	718.4962221E-3	95.0553708E-6	4.3193844E-3
3.9682500E+6	730.6268153E-3	96.2839540E-6	4.4156683E-3
3.9685000E+6	743.0926701E-3	95.9655985E-6	4.5116339E-3
3.9687500E+6	755.2978689E-3	95.4454684E-6	4.6070794E-3
3.9690000E+6	767.7268405E-3	96.4677931E-6	4.7035472E-3
3.9692510E+6	780.0518766E-3	96.3736316E-6	4.7999208E-3
3.9695000E+6	792.4013837E-3	97.5842794E-6	4.8975051E-3
3.9697500E+6	804.7030530E-3	97.5797955E-6	4.9950849E-3
3.9700000E+6	817.0478338E-3	97.8353767E-6	5.0929203E-3
3.9702500E+6	829.3211009E-3	98.4676038E-6	5.1913879E-3
3.9705000E+6	841.7465829E-3	97.9788609E-6	5.2893667E-3
3.9707500E+6	853.8143201E-3	99.3195411E-6	5.3886863E-3
3.9710000E+6	866.0396611E-3	98.3599907E-6	5.4870463E-3
3.9712500E+6	877.7964753E-3	99.8800262E-6	5.5869263E-3
3.9715000E+6	890.7277208E-3	100.0459298E-6	5.6869722E-3
3.9717500E+6	902.5682840E-3	99.6334128E-6	5.7866056E-3
3.9720000E+6	915.4502783E-3	100.0683492E-6	5.8866740E-3
3.9722500E+6	927.2739239E-3	100.6691892E-6	5.9873432E-3
3.9725000E+6	940.1172240E-3	100.1669946E-6	6.0875102E-3
3.9727500E+6	951.9869846E-3	100.9247704E-6	6.1884349E-3
3.9730000E+6	964.8138529E-3	102.1399020E-6	6.2905749E-3
3.9732500E+6	976.6197415E-3	102.3371927E-6	6.3929120E-3
3.9735000E+6	989.4676796E-3	102.9470005E-6	6.4958590E-3
3.9737500E+6	1.0014029E+0	102.4537736E-6	6.5983128E-3
3.9740000E+6	1.0141780E+0	103.1218718E-6	6.7014347E-3
3.9742500E+6	1.0260694E+0	103.0635814E-6	6.8044983E-3
3.9745000E+6	1.0389281E+0	103.8527444E-6	6.9083510E-3
3.9747500E+6	1.0507203E+0	103.3909047E-6	7.0117419E-3
3.9750000E+6	1.0632369E+0	105.2427473E-6	7.1169847E-3
3.9752500E+6	1.0748009E+0	105.0589082E-6	7.2220436E-3
3.9755000E+6	1.0878713E+0	105.2472312E-6	7.3272908E-3
3.9757500E+6	1.0994431E+0	105.0633921E-6	7.4323542E-3
3.9760000E+6	1.1125576E+0	105.1844569E-6	7.5375387E-3
3.9762500E+6	1.1237912E+0	105.8166840E-6	7.6433553E-3
3.9765000E+6	1.1367875E+0	106.7807184E-6	7.7501361E-3
3.9767500E+6	1.1484317E+0	107.1035578E-6	7.8572396E-3
3.9770000E+6	1.1614220E+0	107.2739452E-6	7.9645136E-3
3.9772500E+6	1.1729057E+0	106.8121055E-6	8.0713257E-3
3.9775000E+6	1.1850184E+0	108.3276571E-6	8.1796533E-3
3.9777500E+6	1.1975795E+0	107.3994939E-6	8.2870528E-3
3.9780000E+6	1.2121445E+0	108.7670774E-6	8.3958199E-3
3.9782500E+6	1.2219666E+0	108.8253679E-6	8.5046453E-3
3.9785000E+6	1.2342793E+0	110.4395649E-6	8.6150848E-3
3.9787500E+6	1.2466455E+0	109.4575950E-6	8.7245424E-3
3.9790000E+6	1.2590683E+0	109.5158855E-6	8.8340583E-3
3.9792500E+6	1.2713538E+0	109.5069177E-6	8.9435652E-3
3.9795000E+6	1.2837918E+0	110.5382102E-6	9.0541034E-3
3.9797500E+6	1.2960359E+0	111.7085031E-6	9.1658119E-3
3.9800000E+6	1.3084204E+0	111.4394702E-6	9.2772514E-3
3.9802500E+6	1.3207687E+0	111.7936968E-6	9.3890451E-3
3.9805000E+6	1.3331599E+0	112.3766013E-6	9.5014217E-3
3.9807500E+6	1.3454793E+0	112.6680535E-6	9.6140898E-3
3.9810000E+6	1.3579132E+0	112.3990207E-6	9.7264888E-3
3.9812500E+6	1.3701774E+0	113.5558618E-6	9.8400446E-3
3.9815000E+6	1.3818032E+0	113.9459595E-6	9.9539906E-3
3.9817510E+6	1.3945717E+0	113.7083138E-6	10.0676989E-3
3.9820000E+6	1.4064460E+0	113.2375063E-6	10.1809364E-3
3.9822510E+6	1.4192720E+0	115.6543179E-6	10.2965907E-3
3.9825000E+6	1.4312408E+0	115.4032206E-6	10.4119940E-3
3.9827500E+6	1.4439295E+0	115.5018660E-6	10.5274958E-3
3.9830000E+6	1.4559972E+0	115.1162523E-6	10.6426121E-3
3.9832500E+6	1.4687149E+0	115.7529633E-6	10.7583650E-3
3.9835000E+6	1.4798177E+0	116.1475448E-6	10.8745126E-3
3.9837500E+6	1.4731208E+0	116.3627711E-6	10.9908754E-3
3.9840000E+6	1.4611800E+0	116.2775773E-6	11.1071529E-3
3.9842500E+6	1.4485082E+0	115.4301239E-6	11.2225831E-3
3.9845000E+6	1.4365180E+0	115.0041553E-6	11.3375872E-3
3.9847500E+6	1.4237927E+0	115.3583818E-6	11.4529456E-3
3.9850000E+6	1.4125697E+0	114.5737027E-6	11.5675193E-3
3.9852500E+6	1.3995393E+0	113.9997660E-6	11.6815191E-3
3.9855000E+6	1.3879509E+0	113.1254093E-6	11.7946445E-3
3.9857500E+6	1.3748131E+0	113.0581511E-6	11.9077026E-3
3.9860000E+6	1.3631846E+0	112.6456341E-6	12.0203483E-3
3.9862510E+6	1.3501168E+0	111.8116323E-6	12.1321599E-3
3.9865000E+6	1.3384349E+0	111.9865037E-6	12.2441464E-3
3.9867500E+6	1.3253590E+0	112.2017299E-6	12.3563481E-3
3.9870000E+6	1.3137991E+0	111.2332117E-6	12.4675813E-3
3.9872500E+6	1.3006658E+0	110.6323717E-6	12.5782137E-3
3.9875000E+6	1.2895483E+0	111.2421795E-6	12.6894559E-3
3.9877500E+6	1.2764203E+0	110.7668882E-6	12.8002228E-3
3.9880000E+6	1.2648827E+0	109.2603043E-6	12.9094831E-3
3.9882500E+6	1.2517922E+0	110.0898222E-6	13.0195729E-3
3.9885000E+6	1.2401290E+0	109.3993046E-6	13.1289722E-3
3.9887500E+6	1.2270335E+0	108.9284971E-6	13.2379007E-3
3.9890000E+6	1.2154420E+0	108.3949154E-6	13.3462956E-3
3.9892500E+6	1.2023537E+0	107.7357849E-6	13.4540314E-3
3.9895000E+6	1.1907974E+0	107.8658174E-6	13.5618972E-3
3.9897500E+6	1.1776641E+0	107.3367195E-6	13.6692339E-3
3.9900000E+6	1.1660993E+0	107.3815583E-6	13.7766155E-3
3.9902500E+6	1.1529744E+0	106.8838476E-6	13.8834993E-3
3.9905000E+6	1.1413905E+0	106.1350396E-6	13.9896344E-3
3.9907500E+6	1.1287940E+0	106.5699760E-6	14.0962044E-3
3.9910000E+6	1.1169245E+0	105.5745545E-6	14.2017789E-3
3.9912500E+6	1.1041124E+0	104.9916500E-6	14.3067706E-3
3.9915000E+6	1.0922812E+0	104.3773584E-6	14.4111479E-3
3.9917500E+6	1.0793912E+0	104.9692306E-6	14.5161172E-3
3.9920000E+6	1.0676121E+0	104.6015524E-6	14.6207187E-3
3.9922510E+6	1.0546467E+0	104.4087456E-6	14.7251275E-3
3.9925000E+6	1.0428695E+0	103.5747438E-6	14.8287022E-3
3.9927500E+6	1.0300155E+0	103.8975832E-6	14.9325998E-3
3.9930000E+6	1.0181433E+0	103.0770330E-6	15.0356768E-3
3.9932500E+6	1.0053116E+0	102.5882901E-6	15.1382651E-3
3.9935000E+6	992.8190141E-3	101.8798369E-6	15.2401449E-3
3.9937500E+6	981.2850893E-3	101.9067402E-6	15.3420517E-3
3.9940000E+6	969.0660206E-3	102.4761930E-6	15.4445279E-3
3.9942500E+6	956.5059481E-3	102.0457405E-6	15.5465736E-3
3.9945000E+6	944.3480127E-3	101.2879647E-6	15.6478616E-3
3.9947500E+6	931.8415643E-3	101.1534483E-6	15.7490150E-3
3.9950000E+6	919.6645469E-3	100.4225758E-6	15.8494376E-3
3.9952510E+6	907.7053832E-3	100.0010910E-6	15.9494387E-3
3.9955000E+6	895.2789294E-3	99.6289289E-6	16.0490676E-3
3.9957500E+6	883.1730281E-3	99.4854447E-6	16.1485531E-3
3.9960000E+6	870.5735546E-3	98.7187012E-6	16.2472718E-3
3.9962500E+6	858.4872212E-3	98.5348621E-6	16.3458066E-3
3.9965000E+6	845.8892937E-3	98.9653146E-6	16.4447719E-3
3.9967500E+6	833.8510189E-3	97.8488283E-6	16.5426208E-3
3.9970000E+6	821.2424460E-3	97.7995056E-6	16.6404203E-3
3.9972500E+6	809.1123829E-3	97.5573761E-6	16.7379777E-3
3.9975000E+6	796.5588919E-3	97.2255689E-6	16.8352032E-3
3.9977500E+6	784.4211429E-3	96.5485030E-6	16.9317517E-3
3.9980000E+6	771.8911512E-3	96.6919872E-6	17.0284437E-3
3.9982500E+6	760.5827659E-3	96.6695678E-6	17.1251133E-3
3.9985000E+6	747.6554517E-3	96.6919872E-6	17.2218053E-3
3.9987500E+6	735.9053516E-3	95.5351460E-6	17.3173404E-3
3.9990000E+6	722.9803785E-3	95.7503722E-6	17.4130908E-3
3.9992500E+6	711.3188864E-3	95.1674678E-6	17.5082583E-3
3.9995000E+6	698.2184199E-3	94.2796594E-6	17.6025379E-3
3.9997500E+6	686.3073590E-3	94.3020788E-6	17.6968400E-3
4.0000000E+6	673.5300069E-3	92.7013335E-6	17.7895413E-3
4.0002500E+6	661.9212556E-3	93.0914311E-6	17.8826328E-3
4.0005000E+6	648.9413331E-3	93.8671424E-6	17.9764999E-3
4.0007500E+6	637.1323966E-3	93.0510762E-6	18.0695510E-3
4.0010000E+6	624.2116640E-3	92.5847526E-6	18.1621357E-3
4.0012500E+6	613.0409612E-3	92.4457523E-6	18.2545815E-3
4.0015000E+6	599.9955324E-3	92.0511708E-6	18.3466327E-3
4.0017500E+6	588.4331170E-3	91.8314607E-6	18.4384641E-3
4.0020000E+6	575.2310120E-3	91.4906857E-6	18.5299548E-3
4.0022500E+6	564.0088936E-3	90.9929750E-6	18.6209478E-3
4.0025000E+6	551.1275177E-3	90.8046520E-6	18.7117524E-3
4.0027500E+6	539.2916367E-3	90.2307153E-6	18.8019831E-3
4.0030000E+6	526.4455096E-3	90.7912004E-6	18.8927743E-3
4.0032500E+6	514.6246910E-3	90.2307153E-6	18.9830051E-3
4.0035000E+6	501.7251606E-3	90.0782634E-6	19.0730833E-3
4.0037510E+6	489.9226732E-3	89.1142291E-6	19.1621976E-3
4.0040000E+6	477.0693020E-3	88.8586479E-6	19.2510562E-3
4.0042500E+6	465.2755605E-3	88.2578079E-6	19.3393140E-3
4.0045000E+6	452.3351715E-3	89.1276807E-6	19.4284417E-3
4.0047500E+6	440.6232356E-3	87.9170329E-6	19.5163587E-3
4.0050000E+6	427.7082894E-3	88.6434216E-6	19.6050021E-3
4.0052500E+6	416.1203870E-3	87.8811619E-6	19.6928833E-3
4.0055010E+6	403.6035583E-3	87.8721941E-6	19.7807555E-3
4.0057500E+6	391.5317574E-3	87.4955482E-6	19.8682510E-3
4.0060000E+6	378.9263207E-3	86.5404816E-6	19.9547915E-3
4.0062500E+6	366.8570817E-3	86.5046106E-6	20.0412961E-3
4.0065000E+6	354.2939172E-3	86.7019013E-6	20.1279980E-3
4.0067500E+6	342.1911520E-3	85.9486094E-6	20.2139467E-3
4.0070000E+6	329.5517033E-3	85.5898990E-6	20.2995365E-3
4.0072500E+6	317.5180223E-3	85.2536079E-6	20.3847902E-3
4.0075000E+6	304.8963747E-3	85.3029306E-6	20.4700931E-3
4.0077500E+6	292.8344682E-3	84.9576718E-6	20.5550508E-3
4.0080000E+6	280.2572571E-3	85.3163822E-6	20.6403671E-3
4.0082500E+6	268.3991578E-3	83.5093784E-6	20.7238765E-3
4.0085000E+6	256.2239955E-3	85.0608010E-6	20.8089373E-3
4.0087500E+6	243.7668867E-3	84.2806058E-6	20.8932179E-3
4.0090000E+6	231.5199458E-3	84.0743473E-6	20.9772923E-3
4.0092500E+6	219.1049766E-3	83.0161515E-6	21.0603084E-3
4.0095000E+6	206.9043716E-3	84.3030252E-6	21.1446115E-3
4.0097500E+6	194.3919601E-3	82.7202154E-6	21.2273317E-3
4.0100000E+6	182.1788104E-3	82.4691181E-6	21.3098008E-3
4.0102500E+6	169.7637086E-3	83.0206354E-6	21.3928214E-3
4.0105000E+6	157.4913250E-3	81.8099877E-6	21.4746314E-3
4.0107500E+6	145.0634577E-3	81.2853736E-6	21.5559168E-3
4.0110000E+6	133.6339101E-3	59.4264560E-6	21.6153432E-3
4.0112500E+6	120.7943646E-3	9.2473490E-6	21.6245906E-3
4.0115000E+6	108.9594552E-3	7.5748615E-6	21.6321654E-3
4.0117500E+6	95.2748001E-3	4.9607592E-6	21.6371262E-3
4.0120000E+6	84.2984809E-3	3.9384344E-6	21.6410646E-3
4.0122500E+6	71.4306898E-3	3.1403037E-6	21.6442049E-3
4.0125000E+6	59.6701820E-3	1.5619777E-6	21.6457669E-3
4.0127500E+6	46.7440027E-3	2.2211082E-6	21.6479880E-3
4.0130000E+6	34.9522605E-3	3.2344652E-6	21.6512225E-3
4.0132500E+6	22.1086953E-3	1.7189135E-6	21.6529414E-3
4.0135010E+6	10.2629721E-3	1.2481061E-6	21.6541895E-3
