Acquisition Time (ms)	Shunt Voltage (V)	Sample Voltage (V)	Integrated Sample Voltage (V)		
milliseconds	Volts	Volts	Volts		
4.7440000E+6	7.2617897E-3	1.0373637E-6	1.0373637E-6
4.7442500E+6	18.7986228E-3	943.2022130E-9	1.9805659E-6
4.7445000E+6	31.7702593E-3	1.3467515E-6	3.3273174E-6
4.7447510E+6	43.4115458E-3	575.5240091E-9	3.9028414E-6
4.7450000E+6	56.6013189E-3	1.5261067E-6	5.4289481E-6
4.7452500E+6	68.0154220E-3	1.4902356E-6	6.9191837E-6
4.7455000E+6	80.7422466E-3	1.1001380E-6	8.0193217E-6
4.7457500E+6	92.0455494E-3	934.2344519E-9	8.9535562E-6
4.7460000E+6	104.7277794E-3	1.1001380E-6	10.0536942E-6
4.7462500E+6	116.6421846E-3	1.7727201E-6	11.8264143E-6
4.7465000E+6	131.5056397E-3	2.3645923E-6	14.1910067E-6
4.7467500E+6	141.2746930E-3	3.0237228E-6	17.2147295E-6
4.7470000E+6	154.0236870E-3	4.6199843E-6	21.8347137E-6
4.7472500E+6	165.9284314E-3	4.4406290E-6	26.2753427E-6
4.7475000E+6	178.7502199E-3	4.8665977E-6	31.1419404E-6
4.7477500E+6	190.5707294E-3	5.7768254E-6	36.9187659E-6
4.7480000E+6	203.3765720E-3	7.8752815E-6	44.7940474E-6
4.7482500E+6	215.2748674E-3	8.6420251E-6	53.4360725E-6
4.7485000E+6	228.0897211E-3	8.8124126E-6	62.2484850E-6
4.7487500E+6	239.8991434E-3	16.6816229E-6	78.9301079E-6
4.7490000E+6	252.7350227E-3	56.0769973E-6	135.0071052E-6
4.7492500E+6	264.5834485E-3	78.2856576E-6	213.2927627E-6
4.7495000E+6	277.4434454E-3	81.9983106E-6	295.2910734E-6
4.7497500E+6	288.9785187E-3	81.6351163E-6	376.9261897E-6
4.7500000E+6	302.0378615E-3	83.8008306E-6	460.7270203E-6
4.7502500E+6	313.9021006E-3	83.9263793E-6	544.6533996E-6
4.7505000E+6	326.1057535E-3	84.0519279E-6	628.7053275E-6
4.7507500E+6	338.4724874E-3	83.2807005E-6	711.9860280E-6
4.7510000E+6	350.7833886E-3	84.9307685E-6	796.9167965E-6
4.7512500E+6	363.1806893E-3	84.6617357E-6	881.5785322E-6
4.7515000E+6	375.3399939E-3	85.6302539E-6	967.2087860E-6
4.7517500E+6	387.5122409E-3	85.3746727E-6	1.0525835E-3
4.7520000E+6	399.9694822E-3	86.2624810E-6	1.1388459E-3
4.7522500E+6	412.1843988E-3	85.6257700E-6	1.2244717E-3
4.7525000E+6	424.7515387E-3	85.9755127E-6	1.3104472E-3
4.7527500E+6	436.8515653E-3	86.1862551E-6	1.3966335E-3
4.7530000E+6	449.2203753E-3	85.6571572E-6	1.4822906E-3
4.7532500E+6	461.4666095E-3	86.8678049E-6	1.5691584E-3
4.7535000E+6	473.9686407E-3	88.0515494E-6	1.6572100E-3
4.7537500E+6	486.1636801E-3	87.9798073E-6	1.7451898E-3
4.7540000E+6	498.5624825E-3	87.9170329E-6	1.8331068E-3
4.7542500E+6	510.7667096E-3	88.4864858E-6	1.9215933E-3
4.7545000E+6	522.6892993E-3	88.8496801E-6	2.0104430E-3
4.7547500E+6	535.1458781E-3	89.2577132E-6	2.0997007E-3
4.7550000E+6	547.1667935E-3	90.2845219E-6	2.1899852E-3
4.7552500E+6	559.8065955E-3	90.2172637E-6	2.2802025E-3
4.7555000E+6	571.7271534E-3	89.7374884E-6	2.3699400E-3
4.7557500E+6	584.4264986E-3	89.6612625E-6	2.4596012E-3
4.7560000E+6	596.5154822E-3	90.2531347E-6	2.5498544E-3
4.7562500E+6	609.0827547E-3	91.1947496E-6	2.6410491E-3
4.7565010E+6	621.2590654E-3	90.9615878E-6	2.7320107E-3
4.7567500E+6	633.7561053E-3	90.9615878E-6	2.8229723E-3
4.7570000E+6	645.8461049E-3	91.7014281E-6	2.9146737E-3
4.7572500E+6	658.4062658E-3	92.1049774E-6	3.0067787E-3
4.7575000E+6	670.4622975E-3	92.3246875E-6	3.0991034E-3
4.7577500E+6	683.0876997E-3	92.3381392E-6	3.1914415E-3
4.7580000E+6	695.0784460E-3	93.1676571E-6	3.2846092E-3
4.7582500E+6	707.8235087E-3	93.0107212E-6	3.3776199E-3
4.7585000E+6	719.0636490E-3	93.4770448E-6	3.4710970E-3
4.7587500E+6	731.9816430E-3	93.9119812E-6	3.5650089E-3
4.7590000E+6	743.5993612E-3	95.0060481E-6	3.6600150E-3
4.7592500E+6	756.6302575E-3	94.4724663E-6	3.7544875E-3
4.7595000E+6	768.2379046E-3	96.1628893E-6	3.8506503E-3
4.7597500E+6	781.2951271E-3	95.5889525E-6	3.9462393E-3
4.7600000E+6	792.8694689E-3	95.9655985E-6	4.0422049E-3
4.7602500E+6	805.8702845E-3	95.9655985E-6	4.1381705E-3
4.7605000E+6	817.5929982E-3	96.1180504E-6	4.2342885E-3
4.7607500E+6	830.5461086E-3	96.5888579E-6	4.3308774E-3
4.7610000E+6	842.2071148E-3	97.4766662E-6	4.4283541E-3
4.7612500E+6	855.1404363E-3	97.4632146E-6	4.5258173E-3
4.7615000E+6	867.0727438E-3	97.7950218E-6	4.6236123E-3
4.7617510E+6	879.8809275E-3	97.9654092E-6	4.7215777E-3
4.7620000E+6	891.5393276E-3	98.1044095E-6	4.8196821E-3
4.7622500E+6	904.5219445E-3	98.8397659E-6	4.9185219E-3
4.7625000E+6	916.1982340E-3	99.9741877E-6	5.0184961E-3
4.7627500E+6	929.2013465E-3	98.9518629E-6	5.1174479E-3
4.7630000E+6	940.4784584E-3	100.3194465E-6	5.2177674E-3
4.7632500E+6	953.4167271E-3	100.2970271E-6	5.3180644E-3
4.7635000E+6	964.9236632E-3	101.2251904E-6	5.4192896E-3
4.7637500E+6	978.2383172E-3	100.5301889E-6	5.5198198E-3
4.7640000E+6	989.6373865E-3	101.8619014E-6	5.6216817E-3
4.7642500E+6	1.0027306E+0	101.4404166E-6	5.7231221E-3
4.7645000E+6	1.0140421E+0	101.4224811E-6	5.8245446E-3
4.7647500E+6	1.0269056E+0	103.0501298E-6	5.9275947E-3
4.7650000E+6	1.0385116E+0	103.0097748E-6	6.0306045E-3
4.7652500E+6	1.0509878E+0	102.8976778E-6	6.1335022E-3
4.7655000E+6	1.0631260E+0	104.2069709E-6	6.2377091E-3
4.7657500E+6	1.0757062E+0	103.1263557E-6	6.3408355E-3
4.7660000E+6	1.0877446E+0	102.8618068E-6	6.4436973E-3
4.7662500E+6	1.1003140E+0	104.1755838E-6	6.5478729E-3
4.7665000E+6	1.1124492E+0	105.0858115E-6	6.6529587E-3
4.7667500E+6	1.1250090E+0	104.8391981E-6	6.7577979E-3
4.7670000E+6	1.1371028E+0	105.4848769E-6	6.8632828E-3
4.7672500E+6	1.1496988E+0	105.3369088E-6	6.9686197E-3
4.7675000E+6	1.1614900E+0	106.6551697E-6	7.0752749E-3
4.7677500E+6	1.1741792E+0	106.6686213E-6	7.1819435E-3
4.7680000E+6	1.1861721E+0	106.8165894E-6	7.2887601E-3
4.7682500E+6	1.1983517E+0	106.3771691E-6	7.3951372E-3
4.7685000E+6	1.2132863E+0	107.2066870E-6	7.5023439E-3
4.7687500E+6	1.2229480E+0	107.8389142E-6	7.6101828E-3
4.7690000E+6	1.2354206E+0	108.5787545E-6	7.7187616E-3
4.7692500E+6	1.2476314E+0	109.0002392E-6	7.8277618E-3
4.7695000E+6	1.2601441E+0	108.9778198E-6	7.9367397E-3
4.7697500E+6	1.2723384E+0	109.8387249E-6	8.0465784E-3
4.7700000E+6	1.2848093E+0	110.2064031E-6	8.1567848E-3
4.7702500E+6	1.2969652E+0	109.1616589E-6	8.2659464E-3
4.7705000E+6	1.3094227E+0	110.1750159E-6	8.3761215E-3
4.7707500E+6	1.3217141E+0	110.5965007E-6	8.4867180E-3
4.7710000E+6	1.3341515E+0	111.3632443E-6	8.5980812E-3
4.7712500E+6	1.3464046E+0	110.4664682E-6	8.7085477E-3
4.7715000E+6	1.3588755E+0	111.3408249E-6	8.8198885E-3
4.7717500E+6	1.3711258E+0	112.4348917E-6	8.9323234E-3
4.7720000E+6	1.3832515E+0	113.8159269E-6	9.0461393E-3
4.7722500E+6	1.3951490E+0	112.8653442E-6	9.1590047E-3
4.7725000E+6	1.4079215E+0	113.0088284E-6	9.2720135E-3
4.7727500E+6	1.4197241E+0	113.4168615E-6	9.3854303E-3
4.7730010E+6	1.4326062E+0	114.7799612E-6	9.5002103E-3
4.7732500E+6	1.4443077E+0	114.4616057E-6	9.6146719E-3
4.7735000E+6	1.4572277E+0	114.7665096E-6	9.7294384E-3
4.7737500E+6	1.4690579E+0	115.0714135E-6	9.8445098E-3
4.7742500E+6	1.4699779E+0	114.4167669E-6	9.9589266E-3
4.7745000E+6	1.4571127E+0	114.2687989E-6	10.0731954E-3
4.7747500E+6	1.4453689E+0	115.0445102E-6	10.1882399E-3
4.7750000E+6	1.4324378E+0	113.8742174E-6	10.3021141E-3
4.7752500E+6	1.4206325E+0	115.1476394E-6	10.4172618E-3
4.7755000E+6	1.4077914E+0	113.3899583E-6	10.5306517E-3
4.7757500E+6	1.3959999E+0	111.8609550E-6	10.6425127E-3
4.7760000E+6	1.3830942E+0	112.0537619E-6	10.7545664E-3
4.7762500E+6	1.3719402E+0	112.0761813E-6	10.8666426E-3
4.7765000E+6	1.3588429E+0	111.4170508E-6	10.9780597E-3
4.7767500E+6	1.3472332E+0	111.0269532E-6	11.0890866E-3
4.7770000E+6	1.3341431E+0	111.4215347E-6	11.2005082E-3
4.7772500E+6	1.3229360E+0	109.9059831E-6	11.3104141E-3
4.7775000E+6	1.3099190E+0	110.0808544E-6	11.4204950E-3
4.7777500E+6	1.2982348E+0	109.6862729E-6	11.5301813E-3
4.7780000E+6	1.2852044E+0	109.6459180E-6	11.6398272E-3
4.7782500E+6	1.2735563E+0	109.0944007E-6	11.7489216E-3
4.7785000E+6	1.2605869E+0	108.6594643E-6	11.8575811E-3
4.7787500E+6	1.2488783E+0	109.1213040E-6	11.9667024E-3
4.7790000E+6	1.2358697E+0	108.3231733E-6	12.0750255E-3
4.7792500E+6	1.2242185E+0	108.0137855E-6	12.1830393E-3
4.7795000E+6	1.2116866E+0	107.3950100E-6	12.2904343E-3
4.7797500E+6	1.1998100E+0	107.1528804E-6	12.3975872E-3
4.7800000E+6	1.1871328E+0	106.9959446E-6	12.5045832E-3
4.7802500E+6	1.1751640E+0	105.8480712E-6	12.6104312E-3
4.7805000E+6	1.1624989E+0	106.9959446E-6	12.7174272E-3
4.7807500E+6	1.1504895E+0	106.9331703E-6	12.8243603E-3
4.7810000E+6	1.1378057E+0	105.1261664E-6	12.9294865E-3
4.7812500E+6	1.1258133E+0	103.8661960E-6	13.0333527E-3
4.7815000E+6	1.1130902E+0	105.3907154E-6	13.1387434E-3
4.7817500E+6	1.1011517E+0	104.0096802E-6	13.2427531E-3
4.7820000E+6	1.0884296E+0	104.5432620E-6	13.3472964E-3
4.7822500E+6	1.0764523E+0	103.5478405E-6	13.4508442E-3
4.7825000E+6	1.0637890E+0	104.0365835E-6	13.5548808E-3
4.7827500E+6	1.0517988E+0	102.7003871E-6	13.6575812E-3
4.7830000E+6	1.0391305E+0	102.6151933E-6	13.7601964E-3
4.7832500E+6	1.0271296E+0	102.0009017E-6	13.8621973E-3
4.7835000E+6	1.0147420E+0	102.2564829E-6	13.9644537E-3
4.7837500E+6	1.0027599E+0	101.4493844E-6	14.0659031E-3
4.7840010E+6	988.9753001E-3	101.2072549E-6	14.1671104E-3
4.7842500E+6	978.0732925E-3	100.6647053E-6	14.2677751E-3
4.7845000E+6	965.6852679E-3	100.6512537E-6	14.3684263E-3
4.7847500E+6	953.3995886E-3	100.8978671E-6	14.4693242E-3
4.7850000E+6	941.0608152E-3	100.3194465E-6	14.5696437E-3
4.7852500E+6	928.6965990E-3	99.7903486E-6	14.6694340E-3
4.7855000E+6	916.4006719E-3	98.6693785E-6	14.7681034E-3
4.7857500E+6	904.0496630E-3	98.6873140E-6	14.8667907E-3
4.7860000E+6	891.6528925E-3	98.5079588E-6	14.9652987E-3
4.7862500E+6	879.7515051E-3	98.2703131E-6	15.0635690E-3
4.7865000E+6	867.7837721E-3	97.8174412E-6	15.1613864E-3
4.7867500E+6	855.0652565E-3	98.1582161E-6	15.2595446E-3
4.7870000E+6	843.1463330E-3	97.3825048E-6	15.3569271E-3
4.7872500E+6	830.4236211E-3	97.5035695E-6	15.4544307E-3
4.7875000E+6	818.5490899E-3	95.7234690E-6	15.5501542E-3
4.7877500E+6	805.7594140E-3	95.5844687E-6	15.6457386E-3
4.7880000E+6	793.8938055E-3	95.8579854E-6	15.7415966E-3
4.7882500E+6	781.1226375E-3	95.5261782E-6	15.8371228E-3
4.7885000E+6	769.3060152E-3	95.0733063E-6	15.9321961E-3
4.7887500E+6	756.5003934E-3	94.5621439E-6	16.0267583E-3
4.7890000E+6	744.5541278E-3	94.6832087E-6	16.1214415E-3
4.7892500E+6	731.8100810E-3	94.0330460E-6	16.2154745E-3
4.7895000E+6	719.9520258E-3	94.5128212E-6	16.3099873E-3
4.7897500E+6	707.1712726E-3	93.3739156E-6	16.4033612E-3
4.7900000E+6	695.2927218E-3	93.0959150E-6	16.4964572E-3
4.7902500E+6	682.5725277E-3	92.1498162E-6	16.5886070E-3
4.7905010E+6	670.4708668E-3	92.4009135E-6	16.6810079E-3
4.7907500E+6	657.9043452E-3	92.4143651E-6	16.7734223E-3
4.7910000E+6	646.0606899E-3	91.7642024E-6	16.8651865E-3
4.7912500E+6	633.2317014E-3	92.1453323E-6	16.9573318E-3
4.7915000E+6	622.0473055E-3	90.8808780E-6	17.0482127E-3
4.7917500E+6	608.9334993E-3	90.6566840E-6	17.1388694E-3
4.7920000E+6	597.3137493E-3	90.8494908E-6	17.2297188E-3
4.7922500E+6	584.3400550E-3	89.8899404E-6	17.3196088E-3
4.7925000E+6	572.7312153E-3	89.9302953E-6	17.4095391E-3
4.7927500E+6	559.6256691E-3	89.8899404E-6	17.4994290E-3
4.7930000E+6	548.4672902E-3	89.3787780E-6	17.5888078E-3
4.7932500E+6	535.4355546E-3	89.8226822E-6	17.6786305E-3
4.7935000E+6	523.8325456E-3	88.4192276E-6	17.7670497E-3
4.7937500E+6	510.7216989E-3	89.3249714E-6	17.8563747E-3
4.7940000E+6	499.2087996E-3	87.9663556E-6	17.9443410E-3
4.7942500E+6	486.1039602E-3	89.1770034E-6	18.0335180E-3
4.7945000E+6	474.5619962E-3	87.3520640E-6	18.1208701E-3
4.7947500E+6	462.0026746E-3	87.9798073E-6	18.2088499E-3
4.7950000E+6	450.1263766E-3	87.3251607E-6	18.2961751E-3
4.7952500E+6	437.3655446E-3	87.0606118E-6	18.3832357E-3
4.7955000E+6	425.5274992E-3	85.9306739E-6	18.4691664E-3
4.7957500E+6	412.7460392E-3	86.7108691E-6	18.5558772E-3
4.7960010E+6	400.8695203E-3	86.3880297E-6	18.6422653E-3
4.7962500E+6	388.0243209E-3	85.3612210E-6	18.7276265E-3
4.7965000E+6	376.1978483E-3	85.3522533E-6	18.8129787E-3
4.7967500E+6	363.4469550E-3	84.8769619E-6	18.8978557E-3
4.7970000E+6	351.5254254E-3	85.0832204E-6	18.9829389E-3
4.7972500E+6	338.7144146E-3	85.2939628E-6	19.0682329E-3
4.7975000E+6	326.8791520E-3	85.0966721E-6	19.1533295E-3
4.7977500E+6	314.1017999E-3	84.4868643E-6	19.2378164E-3
4.7980000E+6	302.2664489E-3	84.0743473E-6	19.3218908E-3
4.7982500E+6	289.4414358E-3	82.9982160E-6	19.4048890E-3
4.7985000E+6	277.6248135E-3	82.2538918E-6	19.4871429E-3
4.7987500E+6	265.3702751E-3	80.9535665E-6	19.5680964E-3
4.7990000E+6	253.0099018E-3	73.4834215E-6	19.6415799E-3
4.7992500E+6	240.7809829E-3	31.5367191E-6	19.6731166E-3
4.7995000E+6	228.5626209E-3	9.1083487E-6	19.6822249E-3
4.7997500E+6	216.1067931E-3	9.2518328E-6	19.6914768E-3
4.8000000E+6	203.9363572E-3	7.8214750E-6	19.6992982E-3
4.8002500E+6	191.4816337E-3	5.7678577E-6	19.7050661E-3
4.8005000E+6	179.2602680E-3	5.6602445E-6	19.7107263E-3
4.8007500E+6	166.7566467E-3	5.1176950E-6	19.7158440E-3
4.8010000E+6	154.6360804E-3	3.2748201E-6	19.7191188E-3
4.8012500E+6	142.1588735E-3	3.1044326E-6	19.7222233E-3
4.8015000E+6	129.9807960E-3	1.8130750E-6	19.7240364E-3
4.8017500E+6	117.5602170E-3	2.8084965E-6	19.7268449E-3
4.8020000E+6	105.3193718E-3	1.8937849E-6	19.7287386E-3
4.8022500E+6	91.6102685E-3	1.7368491E-6	19.7304755E-3
4.8025000E+6	80.7118658E-3	526.2013233E-9	19.7310017E-3
4.8027500E+6	68.2110758E-3	526.2013233E-9	19.7315279E-3
4.8030000E+6	56.3075722E-3	1.0328798E-6	19.7325608E-3
4.8032500E+6	44.1883011E-3	588.9756507E-9	19.7331497E-3
4.8035000E+6	31.7191747E-3	1.3198482E-6	19.7344696E-3
4.8037500E+6	19.6794917E-3	597.9434118E-9	19.7350675E-3
4.8040000E+6	7.0576970E-3	1.0373637E-6	19.7361049E-3
