Calibrated Field (T)	Sample Voltage (V)	Sample Current (A)	Acquisition Time (s)	
Teslas	Volts	Amps	Seconds	
0.0282342514	0.0169278237	-0.0100379243	0
0.0261796089666667	0.016982026	-0.0100379341	0.2
0.02783128342	0.0171572536	-0.0100379531	0.4
0.0301854076142857	0.0173395027	-0.0100379691	0.6
0.0327863440111111	0.0174995388	-0.0100379665	0.8
0.0355318810181818	0.0176838427	-0.0100379798	1
0.0383595663153846	0.0178642927	-0.0100380024	1.2
0.0412547240133333	0.0180525538	-0.010038009	1.4
0.0441901392352941	0.0182518608	-0.0100380126	1.6
0.0471596482947369	0.0184453129	-0.0100380343	1.8
0.0501549266190476	0.0186428522	-0.0100380361	2
0.0531775948130435	0.0188401538	-0.0100380521	2.2
0.056230346984	0.0190423053	-0.010038064	2.4
0.0593033943037037	0.0192318182	-0.0100380818	2.6
0.0623940403	0.0194269079	-0.0100380711	2.8
0.0655045011193548	0.0196239043	-0.0100380893	3
0.0686329388333333	0.0198184377	-0.010038076	3.2
0.0717704898628572	0.0200091843	-0.0100380929	3.4
0.0749271811405405	0.020194085	-0.010038111	3.6
0.0781011422974359	0.0203758226	-0.0100381146	3.8
0.0812915219317073	0.0205672064	-0.0100381297	4
0.0844914203860465	0.0207477326	-0.0100381275	4.2
0.0877059741177778	0.0209323058	-0.0100381408	4.4
0.0906743496288889	0.0211127692	-0.0100381554	4.6
0.0937933970577778	0.02128893	-0.0100381576	4.8
0.0969698065111111	0.0214600569	-0.0100381683	5
0.100150694317778	0.0216317356	-0.0100381913	5.2
0.10333755016	0.0218081836	-0.0100381851	5.4
0.106538613833333	0.0219787945	-0.0100381909	5.6
0.109752647042222	0.022144367	-0.0100381909	5.8
0.112976251451111	0.0223101683	-0.0100382024	6
0.116208719462222	0.0224768939	-0.0100382162	6.2
0.119451093853333	0.0226323536	-0.010038217	6.4
0.122703309448889	0.022790281	-0.0100382188	6.6
0.12596447244	0.0229579308	-0.0100382193	6.8
0.129231147251111	0.0231117485	-0.0100382574	7
0.132505317017778	0.0232708648	-0.0100382698	7.2
0.135788946257778	0.0234246466	-0.0100382534	7.4
0.139078608706667	0.02358156	-0.0100382627	7.6
0.142375812664444	0.0237290023	-0.0100382694	7.8
0.145681656773333	0.0238780642	-0.0100382712	8
0.148995051702222	0.024030491	-0.0100382805	8.2
0.152315662273333	0.0241782429	-0.0100382889	8.4
0.155646048875556	0.0243266542	-0.0100383026	8.6
0.158978046195556	0.0244701259	-0.0100383089	8.8
0.162315620506667	0.0246111075	-0.0100383058	9
0.165659609757778	0.0247559116	-0.0100383084	9.2
0.169010377057778	0.0248982796	-0.0100383266	9.4
0.172365492362222	0.0250435324	-0.0100383359	9.6
0.175726789844444	0.0251872687	-0.0100383364	9.8
0.179090461504444	0.0253291476	-0.0100383386	10
0.182460799486667	0.0254609317	-0.010038351	10.2
0.185836146522222	0.0255982523	-0.0100383488	10.4
0.189215115344444	0.0257401088	-0.0100383687	10.6
0.192600554968889	0.0258746656	-0.0100383501	10.8
0.195988033593333	0.0260115913	-0.0100383709	11
0.199380158162222	0.0261472204	-0.0100383692	11.2
0.202773791031111	0.0262830918	-0.0100383869	11.4
0.206171762595556	0.0264112822	-0.0100383794	11.6
0.209570413826667	0.0265427971	-0.0100383727	11.8
0.212971271648889	0.0266772238	-0.0100383891	12
0.216375741948889	0.0268069217	-0.0100383989	12.2
0.219780696391111	0.0269414695	-0.0100383856	12.4
0.223186367744444	0.0270709072	-0.0100384135	12.6
0.226592337035556	0.0272037322	-0.0100384211	12.8
0.230001350862222	0.0273274719	-0.010038414	13
0.233412142993333	0.0274536882	-0.0100384268	13.2
0.236824192042222	0.027585571	-0.0100384361	13.4
0.240237414215556	0.0277098132	-0.0100384384	13.6
0.243654081275556	0.0278374203	-0.0100384477	13.8
0.24707005936	0.0279602492	-0.0100384499	14
0.250483951891111	0.0280836345	-0.0100384685	14.2
0.253898645124444	0.028211614	-0.0100384499	14.4
0.25731394354	0.0283364484	-0.0100384699	14.6
0.260728143317778	0.0284619064	-0.0100384645	14.8
0.264140369266667	0.0285861262	-0.010038477	15
0.267550770357778	0.0287102069	-0.0100384827	15.2
0.270959560728889	0.028829949	-0.010038484	15.4
0.274366749693333	0.0289461378	-0.0100384978	15.6
0.277774022453333	0.029073229	-0.0100384911	15.8
0.281180066226667	0.0291893594	-0.0100384969	16
0.284584843771111	0.0293115154	-0.0100385058	16.2
0.287986856095555	0.0294304275	-0.0100385022	16.4
0.29138682942	0.0295498332	-0.0100385217	16.6
0.294782324391111	0.0296644606	-0.0100385062	16.8
0.298177027966667	0.0297805148	-0.0100385186	17
0.301568249413333	0.0299012081	-0.010038512	17.2
0.304955811831111	0.0300199363	-0.0100385178	17.4
0.308340366955555	0.0301383146	-0.01003852	17.6
0.311723032046667	0.0302533727	-0.010038524	17.8
0.315101479482222	0.0303711094	-0.0100385266	18
0.318476333062222	0.0304831301	-0.010038543	18.2
0.321847415884444	0.0305976903	-0.0100385346	18.4
0.325216040735555	0.0307156513	-0.0100385421	18.6
0.328581835193333	0.0308289462	-0.0100385546	18.8
0.33194907278	0.0309478449	-0.0100385523	19
0.335307251242222	0.0310538941	-0.0100385586	19.2
0.338659014766667	0.031166341	-0.0100385683	19.4
0.342011132091111	0.0312817761	-0.0100385754	19.6
0.345355419277778	0.0313935411	-0.0100385759	19.8
0.348698067815556	0.031507195	-0.0100385688	20
0.3520358842	0.0316175961	-0.0100385754	20.2
0.355371307784444	0.031731416	-0.0100385688	20.4
0.358701889906667	0.0318418395	-0.0100385661	20.6
0.362029874397778	0.0319476643	-0.0100385772	20.8
0.365353091911111	0.0320599274	-0.0100385821	21
0.36867278074	0.0321680358	-0.0100385887	21.2
0.371997376208889	0.0322784549	-0.0100385927	21.4
0.375319867502222	0.0323857199	-0.0100386051	21.6
0.378639370122222	0.0324962421	-0.0100385994	21.8
0.381956172695556	0.0326006447	-0.0100386056	22
0.385267854491111	0.0327083449	-0.0100386189	22.2
0.388574592408889	0.0328189748	-0.0100386069	22.4
0.391877159217778	0.0329258001	-0.0100386309	22.6
0.395178096688889	0.0330359679	-0.010038618	22.8
0.398471762655556	0.0331447943	-0.0100386193	23
0.401765028268889	0.0332508344	-0.0100386224	23.2
0.40505288448	0.0333524239	-0.0100386224	23.4
0.408336662691111	0.0334572482	-0.0100386326	23.6
0.411613765266667	0.0335641588	-0.0100386362	23.8
0.414889657477778	0.0336677582	-0.0100386402	24
0.418164060006667	0.0337738388	-0.010038645	24.2
0.421431181722222	0.0338739477	-0.0100386459	24.4
0.424692726444444	0.0339763313	-0.0100386393	24.6
0.427950658688889	0.0340814517	-0.0100386508	24.8
0.43120246462	0.0341848268	-0.0100386601	25
0.434450872217778	0.0342905125	-0.0100386548	25.2
0.437693227986667	0.0343928378	-0.0100386619	25.4
0.440931142644444	0.0344986896	-0.0100386575	25.6
0.444168265908889	0.0345997003	-0.010038665	25.8
0.447398946302222	0.0347006302	-0.0100386654	26
0.450623360726667	0.0348073344	-0.0100386579	26.2
0.453843259555555	0.0349085066	-0.010038677	26.4
0.457058903482222	0.0350123977	-0.0100386801	26.6
0.460269454562222	0.0351117304	-0.0100386827	26.8
0.463474149333333	0.0352133917	-0.0100386796	27
0.466672606064444	0.0353083904	-0.0100386867	27.2
0.469866044435556	0.0354067406	-0.0100386867	27.4
0.473053738222222	0.0355107214	-0.0100386996	27.6
0.476234709824444	0.0356060342	-0.0100387085	27.8
0.4794085682	0.0357040479	-0.0100386987	28
0.48257789236	0.0358005675	-0.0100387045	28.2
0.485744153362222	0.0358973519	-0.0100386969	28.4
0.488901206273333	0.0359904303	-0.0100387182	28.6
0.492054898093333	0.0360863219	-0.0100387156	28.8
0.495203310857778	0.0361846092	-0.010038712	29
0.498346537668889	0.0362808328	-0.0100387156	29.2
0.501488479631111	0.0363780747	-0.010038716	29.4
0.504619472437778	0.0364719922	-0.0100387187	29.6
0.507744050306667	0.0365675652	-0.0100387191	29.8
0.510863740157778	0.0366676561	-0.0100387236	30
0.513975702291111	0.036764445	-0.0100387258	30.2
0.517074396951111	0.0368627054	-0.0100387289	30.4
0.520165242855556	0.0369581303	-0.010038732	30.6
0.5232496552	0.0370555832	-0.0100387311	30.8
0.526328695382222	0.0371484508	-0.0100387373	31
0.529401004071111	0.037243122	-0.0100387426	31.2
0.532466199531111	0.0373394936	-0.0100387475	31.4
0.535526786293333	0.037434259	-0.0100387546	31.6
0.538577196671111	0.0375298409	-0.0100387599	31.8
0.54162341732	0.0376187962	-0.0100387462	32
0.544661267826667	0.0377123458	-0.010038759	32.2
0.547692554424444	0.0377991699	-0.0100387612	32.4
0.550716504342222	0.0378899916	-0.0100387639	32.6
0.553734802784444	0.0379797635	-0.0100387573	32.8
0.556746453524444	0.0380691629	-0.0100387652	33
0.559751568291111	0.0381565928	-0.010038775	33.2
0.562748648088889	0.0382449244	-0.0100387688	33.4
0.565741137808889	0.0383330452	-0.0100387701	33.6
0.568728134331111	0.0384178953	-0.010038775	33.8
0.571711527686667	0.0385041138	-0.0100387817	34
0.574684511895555	0.0385928806	-0.0100387657	34.2
0.577655941251111	0.0386780223	-0.010038779	34.4
0.580621700506667	0.0387663764	-0.0100387741	34.6
0.583574127117778	0.0388505984	-0.0100387861	34.8
0.586521107086667	0.0389362381	-0.0100387848	35
0.589462193502222	0.0390252248	-0.0100387723	35.2
0.592398624664444	0.0391147005	-0.0100387883	35.4
0.595326341195556	0.0392029066	-0.0100387852	35.6
0.598248601768889	0.0392909062	-0.0100387874	35.8
0.601165359833333	0.0393803819	-0.0100387843	36
0.604077630235556	0.0394652859	-0.0100387852	36.2
0.606981986704444	0.0395525228	-0.0100387812	36.4
0.609880161	0.0396422677	-0.0100387985	36.6
0.612773326242222	0.0397292983	-0.0100387989	36.8
0.615660961044444	0.0398193258	-0.0100387887	37
0.618539695002222	0.0399087657	-0.0100388047	37.2
0.621412572653333	0.0399969717	-0.0100388131	37.4
0.624278532597778	0.0400835043	-0.0100387994	37.6
0.62713818002	0.0401694356	-0.0100387976	37.8
0.629989224533333	0.040260347	-0.0100388025	38
0.632835464826667	0.0403463591	-0.0100388096	38.2
0.635672850828889	0.040432775	-0.0100388118	38.4
0.638505274331111	0.0405159651	-0.0100388074	38.6
0.641331096682222	0.0406029866	-0.0100388007	38.8
0.644147887844444	0.0406820804	-0.0100388176	39
0.646957994062222	0.0407641129	-0.0100388318	39.2
0.649762141557778	0.040847792	-0.0100388171	39.4
0.652558579953333	0.0409277921	-0.0100388313	39.6
0.655351331388889	0.0410077339	-0.0100388296	39.8
0.65813110398	0.0410825565	-0.0100388251	40
0.660904694393333	0.0411607305	-0.0100388398	40.2
0.663671720902222	0.0412404838	-0.0100388256	40.4
0.666430796237778	0.0413160557	-0.0100388269	40.6
0.669183279735556	0.0413943823	-0.0100388278	40.8
0.671929338984444	0.0414694785	-0.0100388278	41
0.674665463922222	0.0415451984	-0.010038822	41.2
0.677396114284444	0.0416160908	-0.0100388318	41.4
0.680118040702222	0.041690034	-0.0100388384	41.6
0.68283369184	0.0417666198	-0.0100388296	41.8
0.685540079022222	0.0418396881	-0.0100388362	42
0.688239380908889	0.0419129404	-0.0100388362	42.2
0.690931150597778	0.0419873009	-0.0100388384	42.4
0.693615639468889	0.0420626529	-0.0100388491	42.6
0.696289141944444	0.0421329979	-0.0100388628	42.8
0.698952188722222	0.0422059496	-0.0100388477	43
0.701608382966667	0.0422824725	-0.0100388366	43.2
0.704254549795556	0.0423539078	-0.0100388593	43.4
0.706893482362222	0.0424293091	-0.0100388704	43.6
0.709525944128889	0.0425009642	-0.0100388752	43.8
0.712148443651111	0.0425756746	-0.0100388522	44
0.714764109264445	0.0426451941	-0.0100388699	44.2
0.717369794015556	0.0427194962	-0.0100388819	44.4
0.719966549988889	0.0427945162	-0.0100388637	44.6
0.72255440512	0.0428685043	-0.0100388761	44.8
0.725137539824445	0.0429440851	-0.010038873	45
0.727705703235556	0.0430133982	-0.0100388841	45.2
0.730264155788889	0.0430880861	-0.0100388757	45.4
0.73281613754	0.0431648918	-0.0100388677	45.6
0.7353570491	0.0432372468	-0.0100388863	45.8
0.737886974262222	0.043311863	-0.0100388837	46
0.740409599988889	0.0433866093	-0.0100388845	46.2
0.742921332422222	0.0434613825	-0.0100388881	46.4
0.745423838144445	0.0435309109	-0.010038869	46.6
0.74791611162	0.0436048631	-0.0100388961	46.8
0.750397454562222	0.0436815297	-0.0100388943	47
0.752868416291111	0.0437547685	-0.0100388894	47.2
0.755330207171111	0.0438279176	-0.0100389014	47.4
0.757780145777778	0.0439000168	-0.0100388996	47.6
0.760219377302222	0.0439757367	-0.0100388987	47.8
0.762650713517778	0.0440475129	-0.010038901	48
0.765069620208889	0.0441190558	-0.0100389018	48.2
0.767476125304444	0.0441933759	-0.0100389063	48.4
0.769872621606666	0.0442654123	-0.0100389094	48.6
0.772258466691111	0.044336547	-0.010038912	48.8
0.774632412946667	0.0444079597	-0.0100389103	49
0.776996331788889	0.0444791033	-0.0100388983	49.2
0.779348714913333	0.0445462135	-0.010038912	49.4
0.781688426437777	0.044615567	-0.0100389085	49.6
0.784017831233333	0.0446849518	-0.0100388979	49.8
0.786335002024444	0.0447526542	-0.0100389032	50
0.788642704031111	0.0448188356	-0.0100388965	50.2
0.7909333585	0.0448826033	-0.0100388992	50.4
0.793212942777777	0.0449476631	-0.0100389085	50.6
0.795481885146666	0.0450136068	-0.0100389183	50.8
0.797740222851111	0.0450751446	-0.0100389081	51
0.799984604106666	0.0451397064	-0.0100389032	51.2
0.802214265453333	0.0452000149	-0.0100389209	51.4
0.804435333202222	0.0452599825	-0.0100389298	51.6
0.806647649075555	0.0453190213	-0.0100389178	51.8
0.808847321279999	0.0453768353	-0.0100389249	52
0.811029731808888	0.0454367893	-0.01003892	52.2
0.813201137319999	0.0454928401	-0.0100389236	52.4
0.815366332722222	0.0455513719	-0.0100389169	52.6
0.817516864077777	0.045606135	-0.0100389254	52.8
0.819650366517777	0.0456632087	-0.0100389449	53
0.821771737368888	0.0457162131	-0.0100389435	53.2
0.823884738075555	0.0457702494	-0.0100389378	53.4
0.825986752384444	0.0458260489	-0.0100389369	53.6
0.828071821573333	0.0458777881	-0.0100389356	53.8
0.830142859828889	0.0459310123	-0.010038944	54
0.832208451437777	0.0459828502	-0.0100389644	54.2
0.834262646988889	0.0460356168	-0.0100389435	54.4
0.836295689071111	0.0460849825	-0.0100389484	54.6
0.838317428197777	0.0461343797	-0.0100389595	54.8
0.840333664815555	0.0461866662	-0.0100389511	55
0.842336410511111	0.0462356237	-0.0100389631	55.2
0.844323598351111	0.0462868649	-0.0100389582	55.4
0.846296094213333	0.0463329913	-0.0100389644	55.6
0.848263432053333	0.0463814059	-0.0100389635	55.8
0.850223358731111	0.0464309287	-0.0100389648	56
0.852166861675555	0.0464797337	-0.0100389701	56.2
0.854093075011111	0.0465277535	-0.0100389555	56.4
0.856006542264444	0.046572516	-0.0100389781	56.6
0.857915335644444	0.0466222946	-0.0100389812	56.8
0.859816289577778	0.0466664604	-0.0100389786	57
0.861703491893333	0.0467134079	-0.0100389826	57.2
0.863570648691111	0.0467600503	-0.0100389835	57.4
0.865427331168889	0.0468051538	-0.0100389932	57.6
0.867276295235555	0.0468522763	-0.0100389772	57.8
0.869122252011111	0.0468980349	-0.0100389786	58
0.870953172317778	0.0469460053	-0.0100389906	58.2
0.87276967996	0.0469889014	-0.0100389879	58.4
0.874571290795556	0.0470333903	-0.0100389968	58.6
0.876359224497778	0.047080441	-0.0100390008	58.8
0.878136991126667	0.0471237544	-0.0100389937	59
0.879911303557778	0.0471679067	-0.0100389972	59.2
0.881680560384444	0.0472122117	-0.0100390025	59.4
0.883441987075556	0.0472557538	-0.0100389976	59.6
0.885191524251111	0.0472969675	-0.0100390167	59.8
0.886928147753333	0.047342071	-0.0100390025	60
0.88865343106	0.0473868022	-0.0100390123	60.2
0.89036848212	0.0474286798	-0.0100390061	60.4
0.892068301193333	0.0474725406	-0.0100390189	60.6
0.893752888277778	0.047512848	-0.0100390123	60.8
0.895429328671111	0.047557597	-0.0100390185	61
0.897101914513333	0.0476003002	-0.0100390132	61.2
0.898765888137778	0.0476417248	-0.0100390389	61.4
0.900415020817778	0.0476845985	-0.0100390194	61.6
0.90205853926	0.0477274677	-0.0100390362	61.8
0.903700065255555	0.0477685961	-0.0100390296	62
0.905332550748889	0.0478086836	-0.0100390247	62.2
0.906953183966666	0.0478488744	-0.0100390416	62.4
0.908563184588889	0.0478912411	-0.0100390393	62.6
0.910170550337778	0.0479319747	-0.0100390305	62.8
0.911768195917777	0.047975638	-0.0100390327	63
0.913347807048889	0.0480169952	-0.0100390385	63.2
0.91492063082	0.0480579397	-0.010039034	63.4
0.916491760077778	0.0480968248	-0.0100390402	63.6
0.918051614313333	0.0481388236	-0.0100390407	63.8
0.919594867917777	0.0481792387	-0.0100390371	64
0.921131445888889	0.048221224	-0.0100390455	64.2
0.922667055566666	0.0482611994	-0.0100390518	64.4
0.924192088511111	0.0483016863	-0.0100390473	64.6
0.925706432995555	0.0483418904	-0.0100390593	64.8
0.927214986344444	0.0483801564	-0.0100390491	65
0.928723325551111	0.0484208272	-0.0100390691	65.2
0.93023078026	0.0484615115	-0.0100390518	65.4
0.931731875893333	0.0484999031	-0.010039062	65.6
0.933213791884444	0.0485407578	-0.0100390593	65.8
0.934675234073333	0.048577283	-0.0100390628	66
0.936133678277777	0.0486189812	-0.0100390655	66.2
0.937595837373333	0.0486593155	-0.010039077	66.4
0.939062167577778	0.0486985461	-0.0100390686	66.6
0.940519094171111	0.0487388041	-0.0100390788	66.8
0.941953852448889	0.0487768099	-0.010039085	67
0.943375361877778	0.0488174941	-0.010039089	67.2
0.944792886411111	0.0488541449	-0.0100390855	67.4
0.946214377217778	0.04889255	-0.0100390934	67.6
0.947640774662222	0.0489331311	-0.0100390979	67.8
0.949059975084444	0.0489717111	-0.0100390921	68
0.95045456784	0.0490105918	-0.0100390908	68.2
0.951833221008889	0.0490490731	-0.0100391085	68.4
0.953216194253333	0.0490891158	-0.010039105	68.6
0.954597528848888	0.0491236669	-0.010039097	68.8
0.955964096982222	0.0491634224	-0.0100391152	69
0.957320954257777	0.049202644	-0.0100391063	69.2
0.958688695513333	0.0492390256	-0.0100391139	69.4
0.960055096055555	0.0492784581	-0.0100391245	69.6
0.96140180488	0.0493168408	-0.0100391196	69.8
0.962744873295555	0.0493549004	-0.0100391045	70
0.964096721517777	0.0493887426	-0.0100391187	70.2
0.965426084868888	0.0494269233	-0.0100391254	70.4
0.966745811846666	0.0494649695	-0.0100391298	70.6
0.9680770373	0.0495024862	-0.0100391267	70.8
0.969391122111111	0.0495414207	-0.0100391316	71
0.970685626926666	0.0495760839	-0.0100391418	71.2
0.971992394311111	0.0496131475	-0.0100391289	71.4
0.973282960151111	0.0496498971	-0.0100391449	71.6
0.974563118202222	0.0496876964	-0.0100391484	71.8
0.975854793524444	0.0497261688	-0.0100391409	72
0.977126021606666	0.0497608769	-0.0100391462	72.2
0.978398125151111	0.0497979674	-0.0100391476	72.4
0.979674316795555	0.0498329448	-0.0100391427	72.6
0.980928348524444	0.0498699231	-0.0100391476	72.8
0.982197938755555	0.049905044	-0.0100391489	73
0.983451804037777	0.0499383613	-0.0100391489	73.2
0.984698463111111	0.0499772778	-0.0100391578	73.4
0.985954972097777	0.0500124974	-0.0100391524	73.6
0.987181855595555	0.0500476901	-0.0100391657	73.8
0.988417779573333	0.050081299	-0.0100391755	74
0.989625910571111	0.0501181473	-0.0100391653	74.2
0.990838640655555	0.0501520837	-0.0100391751	74.4
0.992042926626666	0.0501864867	-0.0100391764	74.6
0.993245342173333	0.0502236221	-0.0100391844	74.8
0.994462328526666	0.0502586712	-0.0100391879	75
0.995657565075555	0.0502920872	-0.0100391813	75.2
0.996860734264444	0.0503230087	-0.0100391817	75.4
0.998031454986666	0.050358991	-0.010039183	75.6
0.99921159876	0.0503918372	-0.010039187	75.8
1.00037709801556	0.0504270523	-0.0100391932	76
1.00156536942444	0.0504610426	-0.010039199	76.2
1.00272859531333	0.0504917308	-0.0100391963	76.4
1.00390465219111	0.0505265107	-0.0100391897	76.6
1.00504359662444	0.0505590518	-0.0100392065	76.8
1.00619805304667	0.0505906238	-0.0100391866	77
1.00734201543333	0.0506235149	-0.0100391999	77.2
1.00849744018667	0.0506562534	-0.0100391986	77.4
1.00963046408889	0.0506879017	-0.0100392017	77.6
1.01075563925111	0.0507192135	-0.0100391915	77.8
1.01189243324667	0.0507523962	-0.0100392216	78
1.01301656501333	0.0507831965	-0.0100392039	78.2
1.01414371264667	0.0508147102	-0.0100392048	78.4
1.01524127136889	0.0508464348	-0.0100391995	78.6
1.01637041222	0.0508772665	-0.0100392114	78.8
1.01747662091111	0.050909839	-0.0100391981	79
1.01856498088889	0.0509360855	-0.0100392132	79.2
1.01967252032667	0.0509680344	-0.0100392199	79.4
1.02076062163556	0.050999059	-0.0100392247	79.6
1.02184964370667	0.0510273648	-0.0100392247	79.8
1.02292598545333	0.0510569717	-0.0100392212	80
1.02401032444444	0.0510882925	-0.010039223	80.2
1.02508370444444	0.0511193081	-0.0100392309	80.4
1.02614144444444	0.0511450072	-0.0100392327	80.6
1.02722058666667	0.0511742103	-0.0100392456	80.8
1.02827195555556	0.0512025386	-0.0100392367	81
1.02932525333333	0.0512319077	-0.0100392429	81.2
1.03039090666667	0.0512627484	-0.0100392456	81.4
1.03142339555556	0.051287438	-0.0100392358	81.6
1.03246530666667	0.0513174038	-0.010039242	81.8
1.03350738444444	0.0513435561	-0.01003925	82
1.03454146444444	0.0513694929	-0.0100392482	82.2
1.03556156	0.0513985659	-0.010039262	82.4
1.03658906666667	0.0514244041	-0.0100392611	82.6
1.03761878	0.0514524721	-0.0100392562	82.8
1.03861262	0.0514779873	-0.0100392589	83
1.03964250222222	0.0515039466	-0.010039266	83.2
1.04065194888889	0.0515302469	-0.0100392549	83.4
1.04164512888889	0.0515552146	-0.0100392695	83.6
1.04264759111111	0.0515820533	-0.0100392571	83.8
1.04364658	0.0516090311	-0.0100392651	84
1.04463510444444	0.0516327247	-0.0100392731	84.2
1.04560376888889	0.0516573919	-0.0100392762	84.4
1.04660573777778	0.0516833243	-0.0100392749	84.6
1.04758160888889	0.0517077671	-0.0100392607	84.8
1.04855375555556	0.051731205	-0.0100392731	85
1.04950977777778	0.0517562535	-0.0100392851	85.2
1.05049912222222	0.051780831	-0.01003927	85.4
1.05144759333333	0.0518038919	-0.0100392908	85.6
1.05239973333333	0.0518286713	-0.0100392957	85.8
1.05334333333333	0.051852311	-0.0100392882	86
1.05431423333333	0.0518752329	-0.0100392833	86.2
1.05525385777778	0.0518980337	-0.0100392984	86.4
1.05618282222222	0.0519225932	-0.0100393001	86.6
1.05711295111111	0.0519441198	-0.0100392997	86.8
1.05805220444444	0.0519695452	-0.0100392988	87
1.05899242666667	0.0519896675	-0.0100392979	87.2
1.05989229777778	0.0520131457	-0.0100393001	87.4
1.06080580888889	0.0520350806	-0.0100393165	87.6
1.06170806222222	0.0520576525	-0.0100393307	87.8
1.06263659111111	0.0520797579	-0.0100393139	88
1.06354965555556	0.0520989604	-0.0100393201	88.2
1.06443319555556	0.0521237577	-0.0100393347	88.4
1.06533442444444	0.0521449612	-0.0100393259	88.6
1.06622223777778	0.0521654739	-0.0100393152	88.8
1.06714072888889	0.0521883419	-0.010039325	89
1.06804674222222	0.0522096487	-0.010039329	89.2
1.06892411777778	0.0522318572	-0.0100393347	89.4
1.06981111111111	0.0522507502	-0.0100393316	89.6
1.07067799333333	0.0522719313	-0.0100393365	89.8
1.07156224888889	0.0522918875	-0.0100393414	90
1.07246645777778	0.0523133199	-0.0100393396	90.2
1.07333922444444	0.0523323295	-0.0100393569	90.4
1.07420743777778	0.0523542419	-0.0100393418	90.6
1.07507170444444	0.052372942	-0.0100393432	90.8
1.07590867333333	0.0523925842	-0.0100393454	91
1.07676948444444	0.0524137922	-0.0100393511	91.2
1.07764791111111	0.0524349823	-0.0100393547	91.4
1.07850262444444	0.0524541804	-0.0100393534	91.6
1.07936190888889	0.0524730554	-0.0100393689	91.8
1.08021547777778	0.0524920426	-0.0100393449	92
1.08103786444444	0.0525114066	-0.0100393636	92.2
1.08185650888889	0.0525298868	-0.0100393698	92.4
1.08269457555556	0.052550377	-0.0100393653	92.6
1.08352576888889	0.0525674394	-0.0100393742	92.8
1.08435176888889	0.0525881898	-0.0100393684	93
1.08520314	0.0526051984	-0.0100393689	93.2
1.08604510888889	0.052623064	-0.010039376	93.4
1.08685075777778	0.0526416698	-0.0100393862	93.6
1.08765146222222	0.0526604012	-0.0100393826	93.8
1.08846116	0.0526783385	-0.0100393769	94
1.08925836222222	0.0526951901	-0.0100393884	94.2
1.0900324	0.0527129435	-0.0100393897	94.4
1.09082179111111	0.0527321909	-0.0100393982	94.6
1.09163322888889	0.0527473734	-0.0100393942	94.8
1.09243684666667	0.0527681283	-0.0100394119	95
1.09322531555556	0.0527833064	-0.0100394097	95.2
1.09402912888889	0.0528032986	-0.0100393995	95.4
1.09483659111111	0.0528184318	-0.010039407	95.6
1.09562299333333	0.0528354987	-0.0100394208	95.8
1.09638200444444	0.0528533104	-0.0100394035	96
1.09713772888889	0.0528687397	-0.0100393995	96.2
1.09790340666667	0.0528872738	-0.0100394172	96.4
1.09866755555556	0.0529031697	-0.0100394115	96.6
1.09941655777778	0.0529209365	-0.010039431	96.8
1.10014725555556	0.0529357512	-0.0100394327	97
1.10088926444444	0.0529534104	-0.0100394376	97.2
1.10164537111111	0.0529702036	-0.0100394279	97.4
1.10240038666667	0.0529861668	-0.0100394381	97.6
1.10314302888889	0.0530015064	-0.0100394212	97.8
1.10386988888889	0.0530193316	-0.0100394474	98
1.10460454444444	0.0530374214	-0.0100394319	98.2
1.10535321111111	0.0530524201	-0.0100394381	98.4
1.10610640222222	0.0530701106	-0.0100394398	98.6
1.10685293777778	0.0530853425	-0.0100394452	98.8
1.10758084444444	0.053102719	-0.0100394416	99
1.10829682222222	0.0531179285	-0.0100394385	99.2
1.10901175777778	0.0531339635	-0.0100394487	99.4
1.10974181333333	0.0531504696	-0.0100394602	99.6
1.11047402888889	0.0531658182	-0.0100394523	99.8
1.11120379555556	0.0531799644	-0.0100394607	100
1.11191687777778	0.0531958782	-0.0100394571	100.2
1.11261084666667	0.0532102577	-0.0100394647	100.4
1.11329885555556	0.0532253146	-0.0100394647	100.6
1.11399062666667	0.0532405331	-0.0100394727	100.8
1.11469390444444	0.0532566264	-0.0100394656	101
1.11539803111111	0.0532711764	-0.0100394722	101.2
1.11610289111111	0.0532862288	-0.0100394864	101.4
1.11680112222222	0.0533021382	-0.0100394709	101.6
1.11748868666667	0.0533158582	-0.0100394727	101.8
1.11816218	0.0533332795	-0.0100394869	102
1.11882643777778	0.0533465733	-0.0100394873	102.2
1.11949440888889	0.0533612085	-0.0100394815	102.4
1.12017481111111	0.0533765301	-0.0100394762	102.6
1.12085726222222	0.0533895277	-0.0100394926	102.8
1.12154287777778	0.0534054685	-0.0100394829	103
1.12222753555556	0.0534187981	-0.0100394851	103.2
1.12290865555556	0.053433716	-0.0100394908	103.4
1.12358262444444	0.0534494459	-0.0100394971	103.6
1.12423607333333	0.0534612635	-0.0100394886	103.8
1.12487759555556	0.0534773344	-0.0100394931	104
1.12550675333333	0.0534913281	-0.0100394908	104.2
1.12612734666667	0.0535046577	-0.0100394984	104.4
1.12675078888889	0.053519239	-0.0100395117	104.6
1.12737666888889	0.0535343049	-0.0100395064	104.8
1.12799796888889	0.0535458265	-0.0100395108	105
1.12862430444444	0.0535597842	-0.0100395112	105.2
1.12924902	0.0535769229	-0.0100395152	105.4
1.12987337333333	0.05358975	-0.010039513	105.6
1.13049576222222	0.053604964	-0.0100395237	105.8
1.13111789777778	0.0536175354	-0.0100395232	106
1.13173831333333	0.0536335614	-0.0100395135	106.2
1.13236398888889	0.0536456796	-0.0100395272	106.4
1.13298469333333	0.0536596733	-0.0100395285	106.6
1.133609	0.0536737656	-0.010039533	106.8
1.13422966666667	0.0536867811	-0.0100395104	107
1.13484460666667	0.0536992	-0.0100395379	107.2
1.13544974222222	0.0537126373	-0.010039537	107.4
1.13604401333333	0.053725083	-0.0100395374	107.6
1.13662315555556	0.0537395118	-0.0100395396	107.8
1.13719316222222	0.0537512667	-0.0100395485	108
1.13775783555556	0.0537665345	-0.0100395547	108.2
1.13831952	0.0537790296	-0.0100395534	108.4
1.13888368	0.0537918387	-0.0100395552	108.6
1.13945366	0.0538057696	-0.0100395441	108.8
1.14003191555556	0.0538186774	-0.0100395565	109
1.14061989333333	0.0538322359	-0.0100395649	109.2
1.14121401555556	0.0538445066	-0.0100395649	109.4
1.14179831555556	0.0538615152	-0.0100395534	109.6
1.14236880666667	0.0538721439	-0.0100395614	109.8
1.14292536	0.0538847288	-0.0100395702	110
1.14347683111111	0.0538962772	-0.0100395685	110.2
1.14402698	0.0539093645	-0.0100395747	110.4
1.14458086222222	0.0539224967	-0.0100395636	110.6
1.14513881111111	0.0539347855	-0.0100395742	110.8
1.14570734888889	0.0539487477	-0.0100395804	111
1.14628154666667	0.0539611934	-0.0100395858	111.2
1.14685204	0.0539751198	-0.0100395875	111.4
1.14740763555556	0.0539858696	-0.010039592	111.6
1.14794623777778	0.053998764	-0.0100395942	111.8
1.14847693777778	0.0540104111	-0.0100395858	112
1.14900769333333	0.0540236331	-0.010039588	112.2
1.14954825111111	0.0540354507	-0.0100395964	112.4
1.15010054	0.0540486008	-0.0100395937	112.6
1.15066669333333	0.0540620112	-0.010039596	112.8
1.15122965333333	0.0540750402	-0.0100395982	113
1.15178632	0.0540845787	-0.0100396026	113.2
1.15233316222222	0.0540978589	-0.0100396008	113.4
1.15286831111111	0.0541100714	-0.0100396017	113.6
1.15341489333333	0.0541236747	-0.0100396204	113.8
1.15397894222222	0.0541335227	-0.0100396075	114
1.15455507555556	0.0541482118	-0.0100396053	114.2
1.15513766222222	0.0541615728	-0.0100396066	114.4
1.15570742888889	0.0541727578	-0.0100396075	114.6
1.15625662666667	0.054185392	-0.0100396093	114.8
1.15679517555556	0.0541958726	-0.0100396195	115
1.15732972	0.0542081075	-0.0100396119	115.2
1.15787188	0.0542211814	-0.0100396164	115.4
1.15842222444444	0.054231348	-0.0100396261	115.6
1.15895918	0.0542448795	-0.0100396257	115.8
1.15947658444444	0.0542551268	-0.0100396252	116
1.15997540444444	0.0542678552	-0.0100396456	116.2
1.16047738222222	0.0542778827	-0.0100396403	116.4
1.16099941333333	0.0542931415	-0.0100396385	116.6
1.16155336	0.0543040439	-0.0100396487	116.8
1.16211252	0.0543149059	-0.0100396554	117
1.16265345111111	0.0543276253	-0.0100396541	117.2
1.16318080666667	0.0543385412	-0.0100396408	117.4
1.16370675777778	0.0543510273	-0.0100396518	117.6
1.16423573333333	0.054362827	-0.0100396474	117.8
1.16477347111111	0.0543754701	-0.0100396514	118
1.16529241111111	0.0543838511	-0.0100396683	118.2
1.16578950888889	0.0543978716	-0.0100396634	118.4
1.16628042444444	0.0544081952	-0.0100396487	118.6
1.16678939333333	0.0544200218	-0.0100396585	118.8
1.16732674	0.0544319606	-0.0100396638	119
1.16787682222222	0.0544411401	-0.0100396656	119.2
1.16840377777778	0.054453218	-0.0100396656	119.4
1.16890809111111	0.0544655919	-0.0100396687	119.6
1.16941017111111	0.0544760726	-0.0100396669	119.8
1.16991703555556	0.0544889446	-0.0100396714	120
1.17043061111111	0.0545014083	-0.0100396718	120.2
1.17092320222222	0.0545130644	-0.0100396802	120.4
1.17140976	0.0545231726	-0.0100396878	120.6
1.17191197777778	0.0545336308	-0.0100396873	120.8
1.17244298222222	0.0545447261	-0.0100396869	121
1.17298197555556	0.0545562835	-0.0100396962	121.2
1.17349109333333	0.0545706765	-0.0100396953	121.4
1.1739697	0.0545789407	-0.0100397029	121.6
1.17443978666667	0.0545910051	-0.0100397086	121.8
1.17493491111111	0.0546011807	-0.0100396895	122
1.17544709111111	0.0546127157	-0.0100396887	122.2
1.17595495111111	0.0546245109	-0.0100397006	122.4
1.17645065111111	0.0546365887	-0.0100396953	122.6
1.17694746	0.054647011	-0.0100397033	122.8
1.17745678222222	0.0546575006	-0.0100396958	123
1.17795038	0.0546683267	-0.0100397113	123.2
1.17840862444444	0.054680768	-0.010039698	123.4
1.17887330222222	0.0546918139	-0.0100397037	123.6
1.17937296	0.0547042507	-0.0100397113	123.8
1.17989981333333	0.0547149467	-0.0100397162	124
1.18040653777778	0.0547261811	-0.0100397122	124.2
1.18087196	0.0547379539	-0.0100397326	124.4
1.18132737333333	0.0547479993	-0.0100397304	124.6
1.18180826	0.0547610866	-0.0100397312	124.8
1.18230612	0.0547701809	-0.0100397201	125
1.18279391555556	0.0547831785	-0.0100397361	125.2
1.18327370444444	0.0547921248	-0.0100397406	125.4
1.18376243111111	0.0548034444	-0.0100397388	125.6
1.18424429555556	0.0548145397	-0.0100397357	125.8
1.18470218666667	0.0548247287	-0.0100397445	126
1.18516205111111	0.054836147	-0.0100397361	126.2
1.18565134666667	0.0548467129	-0.0100397445	126.4
1.18616139555556	0.0548577544	-0.0100397388	126.6
1.18664335333333	0.0548685894	-0.0100397578	126.8
1.18707890888889	0.0548815287	-0.010039749	127
1.1875341	0.0548913274	-0.0100397445	127.2
1.18802910222222	0.054901144	-0.0100397543	127.4
1.18851745777778	0.0549144153	-0.0100397406	127.6
1.18897570222222	0.0549238102	-0.0100397499	127.8
1.18942353777778	0.0549361034	-0.0100397459	128
1.18989219111111	0.0549461937	-0.0100397508	128.2
1.19036546222222	0.0549549963	-0.0100397476	128.4
1.19083015777778	0.0549679311	-0.0100397543	128.6
1.1913011	0.0549769626	-0.0100397587	128.8
1.19177816888889	0.054987699	-0.0100397574	129
1.19221830444444	0.0549995256	-0.0100397769	129.2
1.19265844888889	0.055010751	-0.0100397605	129.4
1.19313025777778	0.0550194684	-0.0100397734	129.6
1.19362417111111	0.0550288139	-0.0100397862	129.8
1.19406756666667	0.0550407751	-0.0100397814	130
1.19448692222222	0.0550508834	-0.0100397765	130.2
1.19495152666667	0.0550628715	-0.0100397774	130.4
1.19543957333333	0.0550740072	-0.0100397831	130.6
1.19589302444444	0.0550853851	-0.010039776	130.8
1.19632007777778	0.0550942686	-0.0100397814	131
1.19676995333333	0.055104157	-0.01003978	131.2
1.19723276888889	0.0551143415	-0.0100397987	131.4
1.19768294222222	0.0551240459	-0.0100397858	131.6
1.19813500444444	0.0551357514	-0.0100397916	131.8
1.19858979333333	0.0551458731	-0.0100397955	132
1.19901859777778	0.0551579914	-0.0100397973	132.2
1.19946117111111	0.055166794	-0.0100397871	132.4
1.19993379111111	0.0551771086	-0.0100397867	132.6
1.20039615111111	0.0551866785	-0.0100397902	132.8
1.20080149333333	0.0551986038	-0.0100398026	133
1.20123070666667	0.055208739	-0.0100398057	133.2
1.20171186444444	0.0552173173	-0.0100397916	133.4
1.20216550888889	0.0552279819	-0.0100398044	133.6
1.20257466888889	0.0552385702	-0.0100397955	133.8
1.2030111	0.0552491585	-0.0100397955	134
1.20347832	0.0552588047	-0.0100397973	134.2
1.20391474888889	0.0552694378	-0.010039808	134.4
1.20434159777778	0.0552790436	-0.0100397973	134.6
1.20477959333333	0.0552893627	-0.0100398106	134.8
1.20520707555556	0.0552975776	-0.0100398151	135
1.20564242444444	0.0553091036	-0.0100398173	135.2
1.20608714888889	0.0553206655	-0.0100398146	135.4
1.20648773333333	0.0553301098	-0.010039816	135.6
1.20687170888889	0.055339213	-0.0100398275	135.8
1.20728929333333	0.055350407	-0.0100398177	136
1.20770418666667	0.0553595013	-0.0100398208	136.2
1.20804762222222	0.0553703095	-0.010039823	136.4
1.20840137333333	0.0553803818	-0.0100398177	136.6
1.20879962	0.0553908535	-0.0100398257	136.8
1.20915490888889	0.0554009886	-0.0100398257	137
1.20945570444444	0.055410056	-0.0100398497	137.2
1.20979527777778	0.0554217391	-0.0100398262	137.4
1.21014486	0.0554316678	-0.0100398332	137.6
1.21044009777778	0.0554394117	-0.0100398341	137.8
1.21071596	0.0554505159	-0.010039839	138
1.21102812444444	0.0554610953	-0.0100398497	138.2
1.21131583777778	0.0554694179	-0.0100398461	138.4
1.21157448444444	0.0554801004	-0.0100398519	138.6
1.21183353111111	0.0554888223	-0.0100398603	138.8
1.21209293111111	0.0554990562	-0.0100398616	139
1.21233227555556	0.0555095233	-0.0100398479	139.2
1.21256533555556	0.0555134626	-0.0100398514	139.4
1.21278038222222	0.0555200713	-0.0100398563	139.6
1.21298651555556	0.0555206635	-0.0100398457	139.8
1.21319810666667	0.0555220678	-0.0100398545	140
1.21339356	0.0555203764	-0.0100398559	140.2
1.21354796666667	0.0555236336	-0.0100398559	140.4
1.21372646666667	0.0555223056	-0.0100398709	140.6
1.21391308666667	0.0555224357	-0.0100398678	140.8
1.21404181333333	0.0555240823	-0.0100398621	141
1.21416953555556	0.0555239746	-0.0100398798	141.2
1.21432739555556	0.0555238669	-0.0100398763	141.4
1.21445184	0.0555246296	-0.0100398767	141.6
1.21452608222222	0.0555252533	-0.0100398807	141.8
1.21464096444444	0.0555249796	-0.0100398878	142
1.21476324888889	0.0555237054	-0.0100398936	142.2
1.21480867555556	0.0555252578	-0.0100398785	142.4
1.21487075777778	0.0555261775	-0.0100399042	142.6
1.21497505555556	0.0555252264	-0.0100398927	142.8
1.21501851555556	0.0555259622	-0.0100398847	143
1.21502751111111	0.0555228305	-0.0100399047	143.2
1.21509246222222	0.0555262807	-0.0100399078	143.4
1.21514226444444	0.0555260923	-0.0100399078	143.6
1.21511712444444	0.0555251635	-0.0100399166	143.8
1.21513333555556	0.0555254507	-0.01003991	144
1.21517044666667	0.0555263929	-0.0100399197	144.2
1.21513791555556	0.05552585	-0.0100399149	144.4
1.21511289777778	0.0555260384	-0.0100399206	144.6
1.21514235555556	0.0555278824	-0.0100399313	144.8
1.21513565333333	0.0555257827	-0.0100399282	145
1.21508808666667	0.055525177	-0.0100399215	145.2
1.21510108444444	0.0555251501	-0.0100399392	145.4
1.2151198	0.055524845	-0.0100399406	145.6
1.21510513777778	0.05552585	-0.010039922	145.8
1.21509548222222	0.0555249123	-0.0100399406	146
1.21512843111111	0.0555267652	-0.0100399184	146.2
1.21510034222222	0.05552633	-0.010039945	146.4
1.21506309111111	0.0555269671	-0.0100399517	146.6
1.21508603111111	0.0555266127	-0.0100399326	146.8
1.21508948444444	0.0555260833	-0.0100399508	147
1.21504037111111	0.0555250873	-0.010039949	147.2
1.21504142222222	0.0555249302	-0.0100399636	147.4
1.21506396222222	0.055525177	-0.0100399548	147.6
1.21501847111111	0.0555256436	-0.0100399641	147.8
1.21499667555556	0.0555257468	-0.0100399583	148
1.21502767111111	0.0555247463	-0.0100399765	148.2
1.21500157333333	0.0555267024	-0.0100399707	148.4
1.21496318444444	0.0555286182	-0.0100399836	148.6
1.21498319333333	0.0555271376	-0.0100399721	148.8
1.21499230888889	0.0555260339	-0.0100399836	149
1.21494612	0.0555252264	-0.010039984	149.2
1.21494346666667	0.0555262044	-0.0100399747	149.4
1.21496789777778	0.055524338	-0.0100399849	149.6
1.21492898888889	0.0555246296	-0.0100399845	149.8
1.21490516444444	0.0555254193	-0.0100399823	150
1.21493576666667	0.0555253161	-0.0100399925	150.2
1.21492181111111	0.0555252353	-0.0100399938	150.4
1.21488293111111	0.0555249706	-0.0100400044	150.6
1.21489727777778	0.0555248181	-0.0100400005	150.8
1.21491244444444	0.0555248629	-0.0100400018	151
1.21486589111111	0.0555268998	-0.0100400111	151.2
1.21486677555556	0.0555270255	-0.0100400169	151.4
1.21489347777778	0.0555252578	-0.0100400049	151.6
1.21485587111111	0.0555252757	-0.0100400027	151.8
1.21482932666667	0.0555252219	-0.01004002	152
1.21485237777778	0.0555261371	-0.0100400257	152.2
1.21484575777778	0.0555274158	-0.010040024	152.4
1.21479972666667	0.0555264108	-0.010040024	152.6
1.21481067777778	0.0555248764	-0.0100400288	152.8
1.21482520222222	0.055526007	-0.0100400262	153
1.21478341777778	0.055526173	-0.0100400453	153.2
1.21477282222222	0.0555266979	-0.0100400497	153.4
1.21479524222222	0.055527344	-0.0100400488	153.6
1.21478013111111	0.0555282189	-0.0100400439	153.8
1.21475084888889	0.0555276042	-0.0100400484	154
1.21476642666667	0.0555266755	-0.0100400479	154.2
1.21476964888889	0.0555271735	-0.0100400568	154.4
1.21472922222222	0.055528838	-0.0100400546	154.6
1.21469416666667	0.0555271107	-0.0100400657	154.8
1.21471308666667	0.0555254103	-0.0100400532	155
1.21467759555556	0.0555276491	-0.0100400617	155.2
1.21465578888889	0.0555275549	-0.0100400559	155.4
1.21466710222222	0.0555265454	-0.0100400643	155.6
1.21466404888889	0.0555271421	-0.0100400723	155.8
1.21462692888889	0.0555277613	-0.0100400772	156
1.21462602444444	0.0555272857	-0.0100400736	156.2
1.21464210444444	0.0555277927	-0.0100400781	156.4
1.21460742222222	0.0555270255	-0.0100400874	156.6
1.21459749777778	0.055528672	-0.0100400688	156.8
1.21460568	0.0555284701	-0.0100400887	157
1.21458881777778	0.0555282503	-0.0100400798	157.2
1.21453230222222	0.0555291162	-0.0100400816	157.4
1.21450176444444	0.0555285688	-0.0100400967	157.6
1.21445616222222	0.0555292194	-0.0100401007	157.8
1.21436519777778	0.0555287214	-0.0100401065	158
1.21429137555556	0.055528192	-0.0100400949	158.2
1.21422704888889	0.0555289053	-0.0100401131	158.4
1.21412475333333	0.0555296905	-0.0100401065	158.6
1.21401665777778	0.0555293585	-0.0100401153	158.8
1.21390914888889	0.0555284612	-0.0100401118	159
1.21379037555556	0.0555288156	-0.01004011	159.2
1.21365793333333	0.0555288022	-0.0100401144	159.4
1.21351973777778	0.0555284612	-0.0100401069	159.6
1.21336949555556	0.0555289009	-0.0100401238	159.8
1.21321421555556	0.055529363	-0.0100401224	160
1.21305312666667	0.0555293944	-0.0100401286	160.2
1.21286786666667	0.0555297398	-0.0100401406	160.4
1.21267158444444	0.0555304756	-0.0100401286	160.6
1.21250033777778	0.0555299283	-0.0100401428	160.8
1.21230124222222	0.0555296142	-0.0100401313	161
1.21206313555556	0.0555301436	-0.0100401313	161.2
1.21184214	0.0555304173	-0.0100401477	161.4
1.21164703777778	0.0554889928	-0.0100401433	161.6
1.21139114666667	0.0554922949	-0.0100401424	161.8
1.21111238	0.0554782788	-0.0100401464	162
1.21088139555556	0.0554675963	-0.0100401552	162.2
1.21064225555556	0.0554608575	-0.0100401499	162.4
1.21033048222222	0.0554523868	-0.0100401526	162.6
1.21002316222222	0.0554415248	-0.0100401584	162.8
1.20976474888889	0.0554342028	-0.0100401597	163
1.20946640222222	0.0554218422	-0.0100401597	163.2
1.20911605555556	0.0554143497	-0.010040165	163.4
1.20879894	0.0554057444	-0.0100401654	163.6
1.20848974888889	0.0553954029	-0.0100401663	163.8
1.20813916222222	0.0553877757	-0.0100401814	164
1.20777615555556	0.0553789865	-0.0100401756	164.2
1.20741777555556	0.0553681783	-0.010040177	164.4
1.20705517777778	0.0553591828	-0.0100401876	164.6
1.20667608222222	0.0553501782	-0.0100401845	164.8
1.20629209777778	0.0553396303	-0.0100401832	165
1.20588578	0.0553312	-0.0100402049	165.2
1.20545866	0.0553211949	-0.0100402142	165.4
1.20506698666667	0.0553105663	-0.0100401969	165.6
1.20465386888889	0.0553020956	-0.0100402023	165.8
1.20418723555556	0.0552916868	-0.0100402076	166
1.20372225111111	0.0552840327	-0.0100402244	166.2
1.2033385	0.0552746378	-0.0100402063	166.4
1.20292022444444	0.0552644667	-0.010040228	166.6
1.20245197111111	0.0552554083	-0.0100402364	166.8
1.20202086666667	0.0552449591	-0.0100402187	167
1.20162141777778	0.0552335094	-0.0100402289	167.2
1.20119162666667	0.0552242446	-0.0100402382	167.4
1.20073432444444	0.0552163168	-0.0100402484	167.6
1.20029902222222	0.055205208	-0.0100402417	167.8
1.19987160444445	0.0551953286	-0.010040251	168
1.19943439111111	0.0551871855	-0.0100402586	168.2
1.19900582888889	0.0551747577	-0.0100402719	168.4
1.19857200444445	0.0551667895	-0.0100402661	168.6
1.19811683111111	0.055156273	-0.0100402537	168.8
1.19766081111111	0.055146259	-0.0100402657	169
1.19725508666667	0.0551396502	-0.0100402697	169.2
1.19683181111111	0.0551303137	-0.0100402697	169.4
1.19636142444444	0.0551213181	-0.0100402896	169.6
1.19589053555556	0.0551090653	-0.0100402905	169.8
1.19547170222222	0.0551010343	-0.0100402892	170
1.19506169555556	0.0550906299	-0.0100402856	170.2
1.19460476444445	0.0550813248	-0.0100402856	170.4
1.19412369111111	0.0550732265	-0.0100402852	170.6
1.19367961777778	0.0550614223	-0.010040291	170.8
1.19324997555556	0.055052512	-0.0100402932	171
1.19280671111111	0.0550412911	-0.0100403047	171.2
1.19234854222222	0.055031304	-0.0100402989	171.4
1.19189791555556	0.0550205497	-0.0100403176	171.6
1.19143961555556	0.055012263	-0.0100403194	171.8
1.19096363555556	0.0550018048	-0.0100403114	172
1.19051654444445	0.0549916382	-0.0100403233	172.2
1.19009273111111	0.0549823734	-0.0100403198	172.4
1.1896401	0.0549719735	-0.0100403189	172.6
1.18915271333333	0.0549623498	-0.0100403424	172.8
1.1886673	0.0549525915	-0.0100403398	173
1.18823218222222	0.0549412585	-0.0100403513	173.2
1.18780627333333	0.0549312444	-0.0100403406	173.4
1.18733478888889	0.0549212528	-0.0100403562	173.6
1.18683785777778	0.054912347	-0.0100403473	173.8
1.18636998666667	0.0549002691	-0.010040361	174
1.18591670444444	0.0548896988	-0.010040369	174.2
1.18545994888889	0.0548805686	-0.0100403619	174.4
1.18499296222222	0.0548703123	-0.0100403633	174.6
1.18453505333333	0.0548609174	-0.0100403673	174.8
1.18407185555556	0.0548494048	-0.0100403743	175
1.18358681333333	0.0548397138	-0.0100403673	175.2
1.18308845111111	0.0548273713	-0.0100403841	175.4
1.18261977111111	0.054818452	-0.0100403841	175.6
1.18218406666667	0.0548086937	-0.0100403783	175.8
1.18173175333333	0.0547981278	-0.0100403983	176
1.18123274666667	0.0547877728	-0.0100403925	176.2
1.18072202666667	0.0547749277	-0.0100403868	176.4
1.18024516888889	0.0547655508	-0.010040397	176.6
1.17978559333333	0.0547570128	-0.0100404187	176.8
1.17932738666667	0.0547464604	-0.010040393	177
1.17884122	0.0547365765	-0.0100404089	177.2
1.17835613333333	0.0547244224	-0.0100404041	177.4
1.17787278888889	0.0547144981	-0.0100404258	177.6
1.17738604666667	0.0547030169	-0.0100404342	177.8
1.1768857	0.0546945777	-0.0100404311	178
1.17637761555556	0.0546850751	-0.0100404351	178.2
1.17590971555556	0.0546722345	-0.010040436	178.4
1.17545630444444	0.0546629114	-0.0100404271	178.6
1.17498201777778	0.0546513765	-0.0100404515	178.8
1.17446849777778	0.0546419277	-0.0100404431	179
1.17393720444444	0.0546311106	-0.010040467	179.2
1.17342345111111	0.0546217112	-0.0100404577	179.4
1.1729402	0.0546101852	-0.0100404657	179.6
1.17246310222222	0.0545993905	-0.0100404741	179.8
1.17197365777778	0.0545896053	-0.0100404795	180
1.17146869333333	0.0545770519	-0.0100404826	180.2
1.17096448222222	0.0545671231	-0.0100404848	180.4
1.17047125777778	0.0545543543	-0.0100404817	180.6
1.16996544444444	0.0545458119	-0.0100404874	180.8
1.16944991111111	0.0545341647	-0.0100404941	181
1.16891345777778	0.0545208127	-0.0100404928	181.2
1.16839408	0.0545111262	-0.0100404945	181.4
1.16790486	0.0544997707	-0.010040491	181.6
1.16743459555556	0.0544898643	-0.0100405078	181.8
1.16695398666667	0.0544770955	-0.0100405016	182
1.16644055777778	0.054467418	-0.0100405056	182.2
1.16590449777778	0.0544560131	-0.0100405203	182.4
1.16537277333333	0.054444357	-0.0100405278	182.6
1.16485380666667	0.0544325618	-0.0100405291	182.8
1.16433712888889	0.054421637	-0.0100405225	183
1.16381050666667	0.0544124619	-0.0100405234	183.2
1.16327412888889	0.0544014968	-0.0100405305	183.4
1.16274221777778	0.0543887594	-0.010040534	183.6
1.16223137777778	0.0543785435	-0.0100405376	183.8
1.16174229777778	0.0543665822	-0.010040546	184
1.16125276222222	0.0543557337	-0.0100405464	184.2
1.16074236888889	0.0543445263	-0.0100405526	184.4
1.16020157777778	0.0543334624	-0.0100405478	184.6
1.15964966888889	0.0543250007	-0.0100405562	184.8
1.15910335555556	0.0543108007	-0.0100405611	185
1.15857506888889	0.0543002213	-0.0100405575	185.2
1.15805546	0.0542867616	-0.0100405753	185.4
1.15753792666667	0.0542757202	-0.0100405668	185.6
1.15701065333333	0.0542651677	-0.010040573	185.8
1.15647239555556	0.0542549025	-0.0100405779	186
1.15593955555556	0.0542431476	-0.0100405917	186.2
1.15542596888889	0.0542318235	-0.0100405899	186.4
1.15493502444444	0.0542208987	-0.0100405872	186.6
1.15444375555556	0.0542077576	-0.0100405895	186.8
1.15394648222222	0.0541968507	-0.0100406005	187
1.15343228222222	0.0541840236	-0.0100405992	187.2
1.15289314	0.054173175	-0.0100405988	187.4
1.15235312888889	0.0541615234	-0.0100405939	187.6
1.15182269111111	0.0541488533	-0.0100406068	187.8
1.15129641333333	0.0541381349	-0.0100406094	188
1.15077428	0.0541241637	-0.0100406161	188.2
1.15024475333333	0.0541126422	-0.0100406294	188.4
1.14970013333333	0.054100681	-0.010040628	188.6
1.14914153111111	0.0540884775	-0.0100406263	188.8
1.14856892666667	0.0540772342	-0.0100406351	189
1.14799648888889	0.0540652012	-0.0100406427	189.2
1.14743751333333	0.0540535406	-0.0100406418	189.4
1.14688749555556	0.0540394662	-0.0100406445	189.6
1.14634585777778	0.0540287164	-0.01004064	189.8
1.14580187333333	0.0540166654	-0.0100406431	190
1.14525283333333	0.0540054939	-0.0100406449	190.2
1.14469151333333	0.053992568	-0.0100406515	190.4
1.14411549111111	0.0539781123	-0.0100406476	190.6
1.14353029777778	0.0539667658	-0.0100406618	190.8
1.14294706	0.0539546744	-0.0100406591	191
1.14237213777778	0.0539424799	-0.0100406675	191.2
1.14180876666667	0.053931259	-0.0100406782	191.4
1.14125549111111	0.0539187325	-0.0100406675	191.6
1.14070428222222	0.0539070181	-0.010040683	191.8
1.14014903111111	0.0538939128	-0.0100406906	192
1.13959064444444	0.0538811216	-0.0100406875	192.2
1.13901811333333	0.0538689585	-0.0100406937	192.4
1.13843175777778	0.0538553282	-0.0100406955	192.6
1.13783278666667	0.0538429632	-0.0100406986	192.8
1.13722892666667	0.0538319442	-0.010040719	193
1.13662817555556	0.0538180583	-0.0100407159	193.2
1.13603301111111	0.0538037057	-0.0100407136	193.4
1.13544444666667	0.0537916772	-0.0100407252	193.6
1.13485773555556	0.0537788367	-0.0100407203	193.8
1.13427125777778	0.0537663191	-0.0100407203	194
1.13368410888889	0.0537540797	-0.0100407278	194.2
1.13309607555556	0.0537404854	-0.0100407465	194.4
1.13250007333333	0.05372843	-0.0100407318	194.6
1.13189942444444	0.0537151946	-0.0100407491	194.8
1.13129420222222	0.053701192	-0.0100407478	195
1.13068524888889	0.0536874048	-0.0100407558	195.2
1.13007234888889	0.0536741784	-0.0100407482	195.4
1.12945734444444	0.053662926	-0.0100407487	195.6
1.12884775777778	0.0536467609	-0.0100407615	195.8
1.12823589777778	0.0536343959	-0.0100407686	196
1.12762631111111	0.0536209362	-0.0100407704	196.2
1.12701718	0.0536074092	-0.0100407828	196.4
1.1264036	0.0535936668	-0.0100407802	196.6
1.12578420888889	0.0535793187	-0.0100407704	196.8
1.12516726888889	0.0535654866	-0.0100407802	197
1.12453939555556	0.0535508021	-0.010040797	197.2
1.12391369333333	0.0535370866	-0.0100407992	197.4
1.12328317777778	0.0535239051	-0.0100407948	197.6
1.12264909333333	0.0535103197	-0.0100407917	197.8
1.12201622	0.0534956711	-0.0100408112	198
1.12138577777778	0.0534811211	-0.010040809	198.2
1.12076332444444	0.0534677511	-0.010040817	198.4
1.12014811333333	0.0534531204	-0.0100407984	198.6
1.11953282888889	0.0534395979	-0.0100408077	198.8
1.11891848444444	0.0534255818	-0.0100408254	199
1.11829866666667	0.0534075144	-0.0100408205	199.2
1.11766507555556	0.0533953692	-0.0100408298	199.4
1.11702224888889	0.0533801149	-0.0100408298	199.6
1.11636663111111	0.0533663456	-0.0100408196	199.8
1.11570320222222	0.0533512886	-0.0100408201	200
1.11504306888889	0.0533360164	-0.0100408378	200.2
1.11439014222222	0.0533243064	-0.0100408387	200.4
1.11374399333333	0.0533089399	-0.0100408507	200.6
1.11309966888889	0.0532939637	-0.010040864	200.8
1.11245016	0.0532795169	-0.0100408494	201
1.11178539777778	0.0532641594	-0.0100408604	201.2
1.11110429777778	0.0532480212	-0.0100408591	201.4
1.11041887555556	0.053232713	-0.0100408751	201.6
1.10973597777778	0.0532183694	-0.0100408689	201.8
1.10906854444444	0.0532016345	-0.0100408884	202
1.10840465777778	0.0531868512	-0.010040884	202.2
1.10773931111111	0.0531711841	-0.0100408871	202.4
1.10705682222222	0.0531563964	-0.0100408915	202.6
1.10635902888889	0.0531404376	-0.0100408915	202.8
1.10565618888889	0.0531253448	-0.010040899	203
1.10495819111111	0.0531104987	-0.0100409115	203.2
1.10427491111111	0.0530924582	-0.0100409154	203.4
1.10358145555556	0.0530771142	-0.0100409168	203.6
1.10287141777778	0.0530591589	-0.0100409261	203.8
1.10213775111111	0.0530438956	-0.010040915	204
1.10140448444444	0.0530301308	-0.0100409217	204.2
1.10067918666667	0.0530123684	-0.0100409208	204.4
1.09995479111111	0.0529978364	-0.0100409341	204.6
1.09920430666667	0.0529771264	-0.0100409452	204.8
1.09843563111111	0.052962536	-0.0100409412	205
1.09766474	0.0529462991	-0.0100409421	205.2
1.09691314	0.0529284695	-0.0100409523	205.4
1.09616506	0.0529127261	-0.0100409363	205.6
1.09540416	0.0528951477	-0.0100409656	205.8
1.09463325777778	0.0528781212	-0.0100409709	206
1.09388300888889	0.0528622118	-0.0100409704	206.2
1.09314627777778	0.0528427311	-0.0100409731	206.4
1.09240264666667	0.0528255879	-0.0100409811	206.6
1.09163615111111	0.0528088081	-0.0100409696	206.8
1.09086781111111	0.0527921046	-0.0100409851	207
1.09011416222222	0.0527743333	-0.0100409784	207.2
1.08933714444445	0.0527581502	-0.0100409962	207.4
1.08852686	0.0527389387	-0.0100409975	207.6
1.08771884666667	0.0527209879	-0.0100410015	207.8
1.08692324666667	0.0527021757	-0.010041001	208
1.08611013111111	0.0526849607	-0.0100410095	208.2
1.08529064	0.052666826	-0.0100410139	208.4
1.08449449111111	0.0526480407	-0.0100410277	208.6
1.08371291111111	0.0526306732	-0.010041025	208.8
1.08290590444444	0.0526109009	-0.0100410161	209
1.08209275111111	0.0525921829	-0.0100410352	209.2
1.08128779333333	0.052574111	-0.0100410356	209.4
1.08044982888889	0.0525552629	-0.0100410325	209.6
1.07959538444444	0.0525363789	-0.0100410454	209.8
1.07876254	0.052515301	-0.0100410348	210
1.07792760222222	0.0524975655	-0.0100410578	210.2
1.07708835333333	0.0524753749	-0.0100410556	210.4
1.07627104	0.0524577965	-0.0100410574	210.6
1.07544124888889	0.0524397605	-0.0100410698	210.8
1.07457052	0.0524206926	-0.0100410738	211
1.07371227777778	0.0523982283	-0.0100410898	211.2
1.07283843111111	0.0523778862	-0.0100410951	211.4
1.07196196	0.0523578357	-0.010041088	211.6
1.07112041111111	0.052336179	-0.0100410924	211.8
1.07025703777778	0.0523159804	-0.0100410849	212
1.06938363777778	0.0522971234	-0.0100411057	212.2
1.06850471777778	0.0522750629	-0.0100410898	212.4
1.06759624444444	0.0522551111	-0.0100411106	212.6
1.06671657777778	0.0522328622	-0.0100411119	212.8
1.06584391333333	0.0522121881	-0.0100411204	213
1.06494890222222	0.0521884272	-0.0100411177	213.2
1.06405710444444	0.0521684395	-0.0100411208	213.4
1.06312682666667	0.0521489453	-0.010041127	213.6
1.06223200444444	0.0521246909	-0.0100411275	213.8
1.06133285333333	0.0521044161	-0.0100411266	214
1.06042626222222	0.0520824139	-0.0100411279	214.2
1.05950345111111	0.0520586082	-0.0100411408	214.4
1.05855717777778	0.0520375482	-0.0100411385	214.6
1.05764916888889	0.0520147833	-0.010041147	214.8
1.05672051111111	0.0519905693	-0.0100411523	215
1.05579680444444	0.0519693433	-0.0100411589	215.2
1.05483352	0.0519441602	-0.0100411758	215.4
1.05388955555556	0.0519219696	-0.0100411678	215.6
1.05294951111111	0.0518976658	-0.0100411683	215.8
1.05200974666667	0.0518763187	-0.0100411665	216
1.05103546	0.0518501799	-0.0100411683	216.2
1.05007450444444	0.051827249	-0.0100411607	216.4
1.04912404222222	0.051801016	-0.0100411935	216.6
1.04817046	0.051776295	-0.0100411962	216.8
1.04717941111111	0.0517525117	-0.0100411971	217
1.04621386444444	0.0517281092	-0.0100411953	217.2
1.04523893333333	0.0517021679	-0.0100412029	217.4
1.04426286666667	0.0516773212	-0.0100412166	217.6
1.04324941777778	0.0516538295	-0.0100412086	217.8
1.04228397333333	0.0516268114	-0.010041225	218
1.04128457555556	0.0516015295	-0.0100412153	218.2
1.04028322222222	0.0515761714	-0.010041225	218.4
1.03927927111111	0.0515501672	-0.0100412295	218.6
1.03828217111111	0.0515247508	-0.0100412525	218.8
1.03726701777778	0.0514983428	-0.0100412476	219
1.03623928666667	0.0514703152	-0.0100412476	219.2
1.03524435555556	0.0514441585	-0.010041261	219.4
1.03420508888889	0.0514155566	-0.0100412707	219.6
1.03316760222222	0.0513909298	-0.0100412649	219.8
1.03216127777778	0.0513622202	-0.0100412747	220
1.03110597777778	0.051335377	-0.0100412774	220.2
1.03007022	0.0513086191	-0.0100412778	220.4
1.02904891333333	0.0512792006	-0.0100412916	220.6
1.02797762666667	0.0512520479	-0.0100413026	220.8
1.02693570666667	0.0512239395	-0.0100412995	221
1.02589272444444	0.0511970964	-0.0100412858	221.2
1.02480962444444	0.0511674311	-0.0100413089	221.4
1.02375924135333	0.0511371109	-0.0100413075	221.6
1.02269525628	0.0511089531	-0.0100413111	221.8
1.02161350567778	0.0510795347	-0.0100413151	222
1.02053817124444	0.0510500085	-0.0100413164	222.2
1.01945325448667	0.051019096	-0.0100413381	222.4
1.01838310549333	0.0509905704	-0.0100413324	222.6
1.01727271565111	0.0509600976	-0.0100413332	222.8
1.01617505293556	0.050929239	-0.0100413488	223
1.01509032204	0.0508981964	-0.0100413559	223.2
1.01398737212222	0.0508657898	-0.0100413541	223.4
1.01288300591333	0.0508343569	-0.0100413665	223.6
1.01174860530444	0.0508053557	-0.0100413572	223.8
1.01064816918444	0.0507760808	-0.0100413847	224
1.00952789281778	0.0507445043	-0.0100413825	224.2
1.00841574426667	0.0507130624	-0.0100413723	224.4
1.00727437948889	0.0506787939	-0.0100413776	224.6
1.00613582514667	0.0506465175	-0.0100413882	224.8
1.00499034365111	0.0506163364	-0.0100413931	225
1.00385903250222	0.05058253	-0.0100413976	225.2
1.00271926827778	0.0505496973	-0.0100413993	225.4
1.00157691535111	0.0505182599	-0.0100414095	225.6
1.00041378240667	0.0504836953	-0.0100414144	225.8
0.999253963682222	0.0504503062	-0.0100414259	226
0.998071111397778	0.050416141	-0.0100414277	226.2
0.996901786513333	0.0503847798	-0.0100414375	226.4
0.995710003491111	0.0503501121	-0.0100414415	226.6
0.994537298946666	0.0503163775	-0.0100414344	226.8
0.993337948466666	0.0502810682	-0.010041449	227
0.992162925002222	0.0502460729	-0.0100414512	227.2
0.990960285842222	0.0502126121	-0.0100414583	227.4
0.989771612591111	0.0501773207	-0.0100414659	227.6
0.988573239306667	0.0501454166	-0.0100414778	227.8
0.987363051351111	0.0501087165	-0.0100414734	228
0.986163774491111	0.0500745781	-0.0100414703	228.2
0.984934630446667	0.0500390714	-0.0100414743	228.4
0.983713474668889	0.0500035871	-0.0100414823	228.6
0.982481656451111	0.0499685559	-0.0100414858	228.8
0.981228722135555	0.0499325871	-0.0100415027	229
0.979989718335555	0.0498999876	-0.0100415031	229.2
0.978735481875555	0.0498640591	-0.0100415071	229.4
0.977470919262222	0.0498288126	-0.0100415209	229.6
0.976230174228888	0.0497924489	-0.0100415186	229.8
0.974975723073333	0.0497580414	-0.0100415275	230
0.973710145684444	0.0497228577	-0.0100415315	230.2
0.972452202328888	0.0496871177	-0.0100415311	230.4
0.971170313248888	0.0496491747	-0.0100415435	230.6
0.969869775224444	0.0496122771	-0.0100415448	230.8
0.968589627208888	0.0495757878	-0.0100415541	231
0.967311518193333	0.0495384551	-0.0100415714	231.2
0.966011427073333	0.049502567	-0.0100415696	231.4
0.964705544817777	0.0494675582	-0.0100415705	231.6
0.963400761202222	0.0494286507	-0.0100415843	231.8
0.962083948413333	0.0493919415	-0.010041583	232
0.960755646459999	0.0493543754	-0.0100416007	232.2
0.95943112457111	0.0493177336	-0.0100415985	232.4
0.958108529957777	0.0492802169	-0.010041602	232.6
0.956772928566666	0.0492429424	-0.0100416047	232.8
0.955426284917777	0.0492086695	-0.0100416078	233
0.954074287726666	0.0491686134	-0.0100416184	233.2
0.952711471726666	0.0491311953	-0.0100416042	233.4
0.951350275755555	0.0490943292	-0.0100416269	233.6
0.950001360342221	0.0490570188	-0.0100416229	233.8
0.948632902175555	0.0490181113	-0.010041634	234
0.947243588475555	0.0489797196	-0.0100416309	234.2
0.945855252377777	0.0489426964	-0.010041645	234.4
0.944455064006666	0.0489049689	-0.0100416428	234.6
0.943053953895555	0.0488652941	-0.0100416473	234.8
0.941659808044444	0.048827405	-0.0100416619	235
0.940249359495555	0.0487884166	-0.0100416668	235.2
0.938845260713333	0.0487522055	-0.0100416699	235.4
0.937422084704444	0.0487128134	-0.0100416677	235.6
0.935997651777777	0.0486739014	-0.0100416983	235.8
0.934559914137777	0.0486350342	-0.0100416788	236
0.933113303586666	0.0485963061	-0.0100416947	236.2
0.931658816346666	0.048557717	-0.0100417085	236.4
0.930194422726666	0.0485171539	-0.0100417111	236.6
0.928725020055555	0.0484783316	-0.0100417227	236.8
0.927247889664444	0.0484393568	-0.0100417249	237
0.925760284953332	0.0483998031	-0.0100417324	237.2
0.924275287186666	0.0483623492	-0.0100417369	237.4
0.922779340262221	0.0483224636	-0.0100417391	237.6
0.921286884777777	0.0482825779	-0.0100417435	237.8
0.919779886282221	0.0482418668	-0.0100417506	238
0.918277617524444	0.0482036771	-0.0100417484	238.2
0.916754297713333	0.0481631768	-0.0100417612	238.4
0.91522343639111	0.0481230937	-0.0100417772	238.6
0.913674819935555	0.0480833068	-0.0100417675	238.8
0.912116930215555	0.048041474	-0.0100417732	239
0.910553575228888	0.0480018889	-0.0100417967	239.2
0.908981496297777	0.0479598318	-0.0100417972	239.4
0.907419230639999	0.047921171	-0.0100417843	239.6
0.905844526146666	0.0478809399	-0.0100418007	239.8
0.904253751719999	0.0478392596	-0.0100418105	240
0.902653108157777	0.0477975973	-0.0100418198	240.2
0.90102757761111	0.0477558767	-0.0100418167	240.4
0.899414029686666	0.0477157443	-0.0100418162	240.6
0.897795230635555	0.0476734404	-0.0100418433	240.8
0.896162484446666	0.0476321325	-0.010041846	241
0.89451874255111	0.0475912284	-0.0100418495	241.2
0.892856658959999	0.0475478567	-0.0100418557	241.4
0.891189380104443	0.0475054361	-0.0100418721	241.6
0.889527901695554	0.0474630784	-0.0100418686	241.8
0.88784719709111	0.0474208508	-0.0100418792	242
0.886145180737777	0.0473776316	-0.0100418792	242.2
0.884449067246665	0.0473340042	-0.010041889	242.4
0.882747004342221	0.047292804	-0.0100418974	242.6
0.881015026782221	0.0472478126	-0.010041897	242.8
0.879285320986666	0.0472043691	-0.0100419081	243
0.877552012024443	0.0471600283	-0.0100419147	243.2
0.875789896357777	0.0471191197	-0.0100419254	243.4
0.874025099264443	0.0470738906	-0.0100419342	243.6
0.872254259653332	0.0470296305	-0.0100419391	243.8
0.870465515937777	0.0469858506	-0.0100419537	244
0.868676064624443	0.0469389838	-0.0100419555	244.2
0.866861549428888	0.0468941495	-0.0100419666	244.4
0.86505286261111	0.0468479916	-0.0100419826	244.6
0.863222649902221	0.0468037002	-0.0100419666	244.8
0.861382428397777	0.04675883	-0.0100419826	245
0.859528734593332	0.0467115998	-0.0100419795	245.2
0.857665115788888	0.0466665322	-0.0100419879	245.4
0.85579037093111	0.0466187053	-0.0100419923	245.6
0.853902777575554	0.0465739517	-0.0100420061	245.8
0.852004830935554	0.0465276144	-0.0100420096	246
0.850099780379999	0.0464779256	-0.0100420291	246.2
0.848172710477776	0.0464298744	-0.0100420194	246.4
0.846241823268888	0.0463815047	-0.0100420353	246.6
0.844292231253332	0.0463321254	-0.0100420509	246.8
0.842338300542221	0.0462823648	-0.010042054	247
0.840359305948888	0.0462337214	-0.0100420544	247.2
0.838379249957777	0.0461832789	-0.010042073	247.4
0.836385703044443	0.0461328094	-0.0100420775	247.6
0.834376561033332	0.046080635	-0.0100420713	247.8
0.832351414262221	0.0460287792	-0.0100420992	248
0.830310895844444	0.045978229	-0.0100420908	248.2
0.828264064904443	0.0459226	-0.0100421112	248.4
0.82619437667111	0.0458717492	-0.0100421227	248.6
0.82411755659111	0.045816829	-0.0100421223	248.8
0.822027217655555	0.0457621781	-0.0100421413	249
0.819919337726666	0.0457071682	-0.0100421245	249.2
0.817808757753333	0.0456511354	-0.010042132	249.4
0.815675832564444	0.0455942905	-0.0100421502	249.6
0.813533215139999	0.0455353638	-0.0100421684	249.8
0.811381203413333	0.0454778863	-0.0100421786	250
0.80920957445111	0.045420705	-0.0100421861	250.2
0.807029035333333	0.0453591716	-0.0100421733	250.4
0.804834614253333	0.0452975485	-0.0100421822	250.6
0.802619551782222	0.0452364145	-0.0100421839	250.8
0.800394964662222	0.0451749888	-0.0100421946	251
0.798162137744444	0.0451130786	-0.0100422088	251.2
0.795910047391111	0.0450458473	-0.0100422327	251.4
0.793643916793333	0.0449824116	-0.0100422416	251.6
0.791368876042222	0.0449148887	-0.0100422318	251.8
0.789075177035555	0.0448478369	-0.0100422469	252
0.786767959175555	0.0447784385	-0.0100422394	252.2
0.784452911179999	0.0447123199	-0.0100422518	252.4
0.782126550919999	0.0446440612	-0.0100422686	252.6
0.779781476542222	0.0445721952	-0.0100422735	252.8
0.777423292973333	0.0445020791	-0.0100422842	253
0.775057223404444	0.0444294729	-0.0100422833	253.2
0.772679245699999	0.044357405	-0.0100422855	253.4
0.770281632135555	0.0442830491	-0.0100423125	253.6
0.767874633582221	0.0442133008	-0.0100423134	253.8
0.765456499664444	0.0441416637	-0.0100423298	254
0.763025675526666	0.044066047	-0.010042344	254.2
0.760579973199999	0.043992355	-0.0100423525	254.4
0.758129606308888	0.0439176266	-0.0100423609	254.6
0.755671846877777	0.0438434456	-0.010042372	254.8
0.753202737939999	0.0437660478	-0.0100423764	255
0.750721385686666	0.043691943	-0.0100423857	255.2
0.748233236762222	0.043618951	-0.010042395	255.4
0.745732956248888	0.0435410147	-0.0100423897	255.6
0.743219752753333	0.0434691622	-0.0100424061	255.8
0.74069443629111	0.0433924194	-0.0100424279	256
0.738163431108888	0.0433190729	-0.0100424217	256.2
0.735621234697777	0.0432460315	-0.0100424367	256.4
0.733066329446666	0.0431671216	-0.0100424367	256.6
0.730503919928888	0.0430928733	-0.0100424474	256.8
0.727930626428888	0.0430175527	-0.0100424598	257
0.725349111753333	0.042943098	-0.0100424545	257.2
0.722760297639999	0.0428678627	-0.010042466	257.4
0.720158374335555	0.0427943726	-0.0100424815	257.6
0.717548434684444	0.0427198596	-0.010042482	257.8
0.714928281408888	0.0426445166	-0.0100424935	258
0.71229687173111	0.0425697882	-0.0100425068	258.2
0.709656607762221	0.0424956745	-0.010042509	258.4
0.707006037064444	0.0424192547	-0.0100425228	258.6
0.70434636069111	0.0423456121	-0.0100425299	258.8
0.70167957109111	0.0422722611	-0.0100425374	259
0.699002083719999	0.0421988428	-0.0100425587	259.2
0.696314503759999	0.0421228806	-0.0100425645	259.4
0.693621114044444	0.0420480626	-0.0100425738	259.6
0.690919167973333	0.0419739758	-0.0100425822	259.8
0.688210164539999	0.041898386	-0.010042588	260
0.685491385075555	0.0418216342	-0.0100425884	260.2
0.682765175824444	0.0417487229	-0.0100426133	260.4
0.680030754708888	0.0416749815	-0.0100426119	260.6
0.677287348955555	0.0415959595	-0.0100426235	260.8
0.674537174464444	0.0415198269	-0.0100426266	261
0.671776367373333	0.0414414061	-0.0100426474	261.2
0.669011351933333	0.0413682525	-0.0100426536	261.4
0.666237659102221	0.0412899573	-0.0100426514	261.6
0.663455335433332	0.0412079472	-0.0100426754	261.8
0.660666922693332	0.0411295309	-0.0100426789	262
0.657869581179999	0.0410461838	-0.0100426922	262.2
0.655064707464444	0.0409621503	-0.010042698	262.4
0.652253996064444	0.0408798441	-0.0100427148	262.6
0.649435380044443	0.0407980314	-0.0100427117	262.8
0.646608300773332	0.0407134102	-0.0100427308	263
0.643774881046666	0.0406243427	-0.0100427432	263.2
0.640934012915555	0.0405389857	-0.0100427445	263.4
0.638076804848888	0.0404505957	-0.0100427618	263.6
0.635211012493332	0.0403614699	-0.0100427601	263.8
0.632338451399999	0.0402740625	-0.010042772	264
0.629457129122221	0.0401889432	-0.0100427796	264.2
0.626567958088888	0.0400982965	-0.0100427884	264.4
0.623670174835555	0.0400077215	-0.0100428009	264.6
0.620765511117777	0.039916496	-0.0100428031	264.8
0.617854879366666	0.0398249341	-0.0100428217	265
0.614936398857777	0.0397339508	-0.010042839	265.2
0.61201279757111	0.039642335	-0.0100428528	265.4
0.609082623068888	0.0395555871	-0.0100428541	265.6
0.60614504671111	0.0394642809	-0.0100428603	265.8
0.603199910224443	0.039374684	-0.0100428678	266
0.600244941844443	0.0392859844	-0.010042878	266.2
0.597279098793332	0.0391970471	-0.0100428953	266.4
0.594311756748888	0.0391096397	-0.010042914	266.6
0.591337785624443	0.0390223444	-0.010042918	266.8
0.588355881948888	0.0389309709	-0.0100429197	267
0.585367144364443	0.038841863	-0.0100429313	267.2
0.582372718059999	0.0387512836	-0.0100429503	267.4
0.579371671984443	0.0386633602	-0.0100429641	267.6
0.576363596475554	0.0385746517	-0.0100429596	267.8
0.573347904975554	0.038487518	-0.0100429836	268
0.570325500599999	0.0384009405	-0.0100429814	268.2
0.567298292004443	0.0383104419	-0.0100429907	268.4
0.564262322219999	0.038220347	-0.0100430222	268.6
0.561219146104443	0.0381296016	-0.01004302	268.8
0.55816827951111	0.0380391478	-0.010043028	269
0.555112050066666	0.0379476217	-0.0100430457	269.2
0.552050457773332	0.0378591061	-0.0100430475	269.4
0.548979098757777	0.037767746	-0.0100430643	269.6
0.545905002453332	0.0376719711	-0.0100430829	269.8
0.542823504295554	0.0375762545	-0.0100430927	270
0.539735041882221	0.0374790574	-0.0100430971	270.2
0.536637464482221	0.037380299	-0.0100431078	270.4
0.53353601391111	0.0372798042	-0.0100431131	270.6
0.530429200488888	0.0371868648	-0.0100431233	270.8
0.527312508619999	0.0370912156	-0.010043134	271
0.524190276999999	0.036989339	-0.0100431388	271.2
0.521059721786666	0.0368899748	-0.0100431459	271.4
0.517921187468888	0.0367910907	-0.010043161	271.6
0.514779310679999	0.0366949704	-0.010043189	271.8
0.511632443462221	0.0365956466	-0.0100431898	272
0.50847872371111	0.036495116	-0.0100431938	272.2
0.505318300395555	0.0363981611	-0.0100431929	272.4
0.502152802853332	0.0362966614	-0.0100432151	272.6
0.498980787957777	0.0361991995	-0.0100432253	272.8
0.495802516402221	0.0360987452	-0.0100432528	273
0.492619133377777	0.036004083	-0.01004324	273.2
0.489427296413332	0.0359070384	-0.0100432652	273.4
0.486227638626666	0.0358035062	-0.0100432816	273.6
0.483022338673332	0.0357069507	-0.010043279	273.8
0.479809227204443	0.035606936	-0.0100432945	274
0.476589747348888	0.035505028	-0.0100433083	274.2
0.473364262217777	0.0354041832	-0.0100433162	274.4
0.47013153351111	0.0353045903	-0.0100433273	274.6
0.466893386093332	0.0352027271	-0.0100433375	274.8
0.463648293035555	0.0350962069	-0.0100433415	275
0.460397948853333	0.034992917	-0.0100433539	275.2
0.45714248389111	0.0348865314	-0.0100433712	275.4
0.453879803288888	0.0347810565	-0.010043389	275.6
0.450613184342221	0.034674487	-0.010043381	275.8
0.447340560119999	0.0345749299	-0.0100434098	276
0.444061176468888	0.0344690154	-0.0100434041	276.2
0.440775517535555	0.0343608172	-0.0100434258	276.4
0.437483825395555	0.0342562441	-0.0100434293	276.6
0.434184684853333	0.0341492124	-0.010043456	276.8
0.430882341495555	0.0340478248	-0.01004344	277
0.427577279468888	0.0339421705	-0.0100434622	277.2
0.424263493497777	0.0338347216	-0.0100434799	277.4
0.420945033655555	0.0337276944	-0.0100434888	277.6
0.417620791988888	0.0336173336	-0.0100435007	277.8
0.414294157519999	0.0335110916	-0.0100435141	278
0.410960298099999	0.0334011885	-0.0100435345	278.2
0.407621606526666	0.0332953996	-0.010043534	278.4
0.404278194526666	0.0331882961	-0.0100435389	278.6
0.400926868595555	0.0330754318	-0.0100435509	278.8
0.397572805377777	0.0329646494	-0.0100435602	279
0.394215260028888	0.0328538445	-0.0100435766	279.2
0.390853627368888	0.032743551	-0.0100435837	279.4
0.387486967035555	0.0326309336	-0.0100435966	279.6
0.384117075955555	0.0325234308	-0.0100436076	279.8
0.380741812713333	0.0324145013	-0.0100436245	280
0.377363076653333	0.032298788	-0.010043624	280.2
0.373981528822222	0.032186516	-0.0100436334	280.4
0.370593826746666	0.0320737281	-0.0100436617	280.6
0.367204374295555	0.0319627213	-0.0100436649	280.8
0.36381083453111	0.0318462319	-0.0100436719	281
0.360413207455555	0.0317354315	-0.0100436799	281.2
0.357010347875555	0.0316230697	-0.0100436919	281.4
0.353604359964444	0.0315054004	-0.0100436981	281.6
0.350191007444444	0.0313913068	-0.0100437221	281.8
0.346771193433333	0.0312738752	-0.0100437203	282
0.343350476302222	0.0311634652	-0.0100437451	282.2
0.339927459477777	0.0310491652	-0.0100437536	282.4
0.336503614017777	0.030928427	-0.0100437797	282.6
0.333074554673333	0.0308127901	-0.0100437895	282.8
0.329642972179999	0.0306931197	-0.0100438015	283
0.326208913095555	0.0305770476	-0.0100438068	283.2
0.32277138119111	0.0304586649	-0.0100438108	283.4
0.319330180946666	0.0303446072	-0.0100438276	283.6
0.315886113066666	0.0302285575	-0.0100438312	283.8
0.312438358226666	0.0301069041	-0.0100438405	284
0.308987074704444	0.0299873773	-0.010043856	284.2
0.305533277346666	0.0298662039	-0.0100438698	284.4
0.302077077877777	0.0297465335	-0.0100438684	284.6
0.298616502471111	0.0296258851	-0.0100438928	284.8
0.295154856355555	0.0295098802	-0.0100438937	285
0.291692642299999	0.0293901291	-0.0100439141	285.2
0.288227123015555	0.0292617996	-0.0100439199	285.4
0.28475922955111	0.0291413666	-0.0100439265	285.6
0.281288058786666	0.0290156214	-0.0100439438	285.8
0.277815044542222	0.0288911773	-0.0100439571	286
0.27433854817111	0.0287665627	-0.0100439589	286.2
0.270859286579999	0.028646843	-0.0100439629	286.4
0.267379680497777	0.0285215195	-0.0100439962	286.6
0.263898454386666	0.0283943341	-0.0100439988	286.8
0.260411483695555	0.0282670142	-0.0100440121	287
0.256921794335555	0.0281369125	-0.0100440046	287.2
0.253432914988888	0.0280135542	-0.0100440454	287.4
0.249944938762222	0.0278880916	-0.0100440432	287.6
0.246456497011111	0.0277539476	-0.0100440574	287.8
0.242964684855555	0.0276250663	-0.0100440782	288
0.239469213673333	0.0274946416	-0.0100440827	288.2
0.235972587986666	0.02736218	-0.0100440946	288.4
0.23247391399111	0.0272296735	-0.0100441075	288.6
0.228971292339999	0.0270997514	-0.0100441106	288.8
0.225468922073333	0.0269684832	-0.010044135	289
0.22196187793111	0.0268339668	-0.010044139	289.2
0.218453818944444	0.0266974672	-0.0100441465	289.4
0.214945880993333	0.0265604338	-0.0100441683	289.6
0.21143369745111	0.0264236965	-0.0100441833	289.8
0.207921383562222	0.026283545	-0.0100441824	290
0.204406174106666	0.0261509757	-0.0100441935	290.2
0.200892230879999	0.0260120086	-0.0100442082	290.4
0.197377840748888	0.0258669487	-0.0100442126	290.6
0.193863441306666	0.0257248365	-0.0100442228	290.8
0.190346220782222	0.0255801535	-0.0100442366	291
0.186828841979999	0.0254392033	-0.0100442601	291.2
0.183310988339999	0.0252930083	-0.0100442565	291.4
0.179790835004444	0.0251504743	-0.0100442782	291.6
0.176270923742222	0.0250015156	-0.0100442853	291.8
0.172749131759999	0.0248510494	-0.0100442995	292
0.169226157342222	0.0247017407	-0.0100442995	292.2
0.165698183182222	0.02454926	-0.0100443217	292.4
0.162174668755555	0.0243998123	-0.0100443421	292.6
0.158651526748888	0.0242460395	-0.0100443568	292.8
0.155127397828888	0.0240854157	-0.0100443603	293
0.151604963419999	0.0239280401	-0.0100443656	293.2
0.148079996553333	0.0237664382	-0.0100443825	293.4
0.144555448659999	0.0236030103	-0.0100443842	293.6
0.14103136629111	0.0234383127	-0.0100444064	293.8
0.13750666943111	0.0232785997	-0.0100444259	294
0.133980091846666	0.0231136777	-0.0100444237	294.2
0.130454622213333	0.0229391814	-0.0100444308	294.4
0.126926266324444	0.022764905	-0.0100444512	294.6
0.123399260457777	0.0225925084	-0.0100444588	294.8
0.119874759117777	0.0224172314	-0.010044465	295
0.116355378555555	0.0222336947	-0.0100444832	295.2
0.11284150981111	0.0220566096	-0.0100445075	295.4
0.10931590983111	0.0218739926	-0.0100444947	295.6
0.105788708444444	0.0216819897	-0.0100445075	295.8
0.102264342648837	0.0214936927	-0.0100445297	296
0.0987345436585359	0.0212953323	-0.0100445417	296.2
0.0952032346974351	0.0211015303	-0.0100445568	296.4
0.0916738170999992	0.0208976739	-0.0100445559	296.6
0.088141599397142	0.0207046884	-0.01004459	296.8
0.084614312278787	0.0205024068	-0.0100445963	297
0.08109054488387	0.020286957	-0.0100446025	297.2
0.0775610567689645	0.0200757247	-0.0100446238	297.4
0.0740352216703693	0.0198591309	-0.010044626	297.6
0.0705087378119988	0.0196453008	-0.0100446442	297.8
0.0669867368652161	0.0194277334	-0.0100446366	298
0.0634616413857129	0.0191982496	-0.0100446513	298.2
0.0599455064105247	0.0189763572	-0.0100446641	298.4
0.0564307736941159	0.018749045	-0.0100446805	298.6
0.0529103788333314	0.0185232357	-0.0100446965	298.8
0.0493992731615362	0.018292756	-0.0100447164	299
0.0458963912727246	0.0180763237	-0.010044736	299.2
0.0423777013777745	0.0178755674	-0.0100447471	299.4
0.0388851975857101	0.017660019	-0.0100447555	299.6
0.0354323711799941	0.0174287092	-0.0100447666	299.8
0.0318702367666568	0.0172286125	-0.0100447768	300
0.0281085595999704	0.0171109163	-0.010044779	300.2
