Calibrated Field (T)	Sample Voltage (V)	Sample Current (A)	Acquisition Time (s)	
Teslas	Volts	Amps	Seconds	
0.0285396826	0.0032799423	-0.0020075803	0
0.0273214494333333	0.0033025546	-0.0020072641	0.2
0.02884955484	0.0033380657	-0.0020072592	0.4
0.0311774154285714	0.0033678386	-0.0020072463	0.6
0.0337583142777778	0.0034003437	-0.0020072503	0.8
0.0365021076909091	0.0034378873	-0.0020072521	1
0.0393333879538462	0.0034761038	-0.0020072618	1.2
0.0422260704866667	0.0035165726	-0.0020072472	1.4
0.0451616878	0.0035573779	-0.002007245	1.6
0.0481373102263158	0.0035974025	-0.0020072534	1.8
0.0511343053904762	0.0036382033	-0.0020072565	2
0.0541674635173913	0.0036793585	-0.0020072383	2.2
0.05722579276	0.0037198273	-0.0020072414	2.4
0.0603038081666667	0.0037601705	-0.0020072423	2.6
0.0634020743310345	0.0037987953	-0.002007237	2.8
0.0665198478322581	0.0038400044	-0.0020072481	3
0.0696539373787879	0.0038790958	-0.0020072419	3.2
0.0727986729742857	0.0039177834	-0.0020072317	3.4
0.0759607529837838	0.0039560897	-0.002007229	3.6
0.0791410864179487	0.0039941627	-0.0020072361	3.8
0.0823352750609756	0.004032285	-0.0020072153	4
0.0855424574162791	0.0040684332	-0.0020072153	4.2
0.0887637127644444	0.004105232	-0.0020072082	4.4
0.0917517986155555	0.0041424166	-0.0020072157	4.6
0.0948765533844444	0.0041789328	-0.0020072117	4.8
0.09803073866	0.0042131294	-0.0020072091	5
0.101219689364444	0.0042482322	-0.0020072139	5.2
0.104414626726667	0.0042844433	-0.0020072037	5.4
0.107622645348889	0.0043170337	-0.0020072086	5.6
0.110843661437778	0.0043516744	-0.0020072122	5.8
0.114073671475556	0.0043849602	-0.002007206	6
0.117311409233333	0.0044177884	-0.0020072042	6.2
0.12055778714	0.004449468	-0.0020071931	6.4
0.12381397832	0.0044809547	-0.0020071873	6.6
0.127077962393333	0.0045147834	-0.0020071971	6.8
0.130351862155556	0.004546629	-0.002007186	7
0.133633033422222	0.004577528	-0.0020071913	7.2
0.13692231414	0.0046089743	-0.0020071891	7.4
0.140217088057778	0.0046422915	-0.0020071989	7.6
0.143519664177778	0.0046703235	-0.0020071838	7.8
0.146830023882222	0.0047000425	-0.0020071754	8
0.150147152322222	0.0047311568	-0.0020071838	8.2
0.153471785031111	0.0047601939	-0.0020071616	8.4
0.156808428293333	0.0047911691	-0.0020071789	8.6
0.160143134968889	0.0048195062	-0.0020071754	8.8
0.163483036906667	0.0048482516	-0.0020071736	9
0.166830238282222	0.0048774771	-0.0020071683	9.2
0.170185986704444	0.0049055405	-0.0020071581	9.4
0.173544546895556	0.0049336578	-0.002007159	9.6
0.176908739946667	0.0049625917	-0.0020071532	9.8
0.180276070637778	0.0049907449	-0.0020071545	10
0.183649453155556	0.0050187275	-0.0020071425	10.2
0.18702718368	0.0050457052	-0.0020071443	10.4
0.190410323608889	0.0050737373	-0.0020071425	10.6
0.19379683394	0.0051005714	-0.0020071354	10.8
0.197189591622222	0.0051286977	-0.0020071434	11
0.200583680706667	0.0051558414	-0.0020071381	11.2
0.20398144744	0.0051828325	-0.0020071385	11.4
0.207383059413333	0.0052087963	-0.002007139	11.6
0.210787185222222	0.0052341992	-0.002007131	11.8
0.214192093115556	0.005261648	-0.0020071279	12
0.2176007159	0.005289016	-0.0020071306	12.2
0.221010316286667	0.0053158501	-0.002007123	12.4
0.22442204878	0.0053409435	-0.0020071186	12.6
0.227834293351111	0.0053669117	-0.0020071173	12.8
0.231247012757778	0.0053925838	-0.0020071173	13
0.234662367037778	0.0054176817	-0.0020071173	13.2
0.238079974457778	0.0054446145	-0.0020071266	13.4
0.241501436428889	0.0054694386	-0.0020071204	13.6
0.24492623156	0.0054943705	-0.0020071093	13.8
0.248346753171111	0.0055215097	-0.0020071239	14
0.251767488924444	0.0055451898	-0.0020071137	14.2
0.255189407111111	0.0055702652	-0.0020071017	14.4
0.258610738735555	0.0055957713	-0.0020071093	14.6
0.262031818975556	0.0056203845	-0.0020071066	14.8
0.265452238168889	0.0056462316	-0.0020071017	15
0.268873923593333	0.0056712083	-0.002007096	15.2
0.272295944195555	0.0056938969	-0.0020070942	15.4
0.275713644722222	0.0057188152	-0.0020070986	15.6
0.279132071468889	0.0057435138	-0.0020070831	15.8
0.282550516837778	0.0057683693	-0.0020070862	16
0.285967314246667	0.0057914527	-0.0020070889	16.2
0.289379977788889	0.0058157385	-0.0020070884	16.4
0.292792250291111	0.0058397371	-0.0020070769	16.6
0.296202157924444	0.005862291	-0.0020070782	16.8
0.299609598273333	0.0058871017	-0.0020070893	17
0.303015111348889	0.0059102793	-0.0020070592	17.2
0.306418101277778	0.0059343093	-0.0020070507	17.4
0.309817069066667	0.0059578817	-0.0020070525	17.6
0.313215115115555	0.0059829257	-0.0020070587	17.8
0.316610079386667	0.0060054842	-0.0020070481	18
0.320000202195555	0.0060284554	-0.0020070565	18.2
0.323386098033333	0.0060513637	-0.0020070525	18.4
0.3267721056	0.0060749227	-0.0020070414	18.6
0.330156325546667	0.0060974228	-0.0020070534	18.8
0.333538953397778	0.0061216771	-0.0020070405	19
0.336913499728889	0.0061425083	-0.002007041	19.2
0.34028157526	0.0061659595	-0.0020070525	19.4
0.343647714206666	0.0061893839	-0.0020070321	19.6
0.347009691355555	0.0062105604	-0.0020070281	19.8
0.350367683606666	0.0062338098	-0.002007033	20
0.353722426491111	0.0062580597	-0.0020070286	20.2
0.357071918253333	0.006280322	-0.0020070263	20.4
0.36041730408	0.0063022972	-0.0020070184	20.6
0.36375961744	0.0063248736	-0.0020070206	20.8
0.367100199044444	0.0063459963	-0.0020070192	21
0.370432000844444	0.0063695822	-0.0020070201	21.2
0.373761521568889	0.0063909337	-0.0020070206	21.4
0.377085241848889	0.0064127025	-0.0020070126	21.6
0.380406234151111	0.0064352475	-0.0020070148	21.8
0.383722906377778	0.006454939	-0.0020070263	22
0.387032204684444	0.0064770308	-0.002007009	22.2
0.390336466006666	0.0064999258	-0.0020070073	22.4
0.3936324596	0.0065224707	-0.0020070104	22.6
0.396926712128889	0.0065434948	-0.0020070082	22.8
0.400214950071111	0.006565304	-0.0020069988	23
0.403498979664444	0.0065863056	-0.0020069953	23.2
0.406778642628889	0.0066083929	-0.0020069922	23.4
0.410050792015556	0.0066289234	-0.0020069829	23.6
0.41331680578	0.0066505217	-0.0020069926	23.8
0.416578257395556	0.0066710163	-0.0020069878	24
0.41983877796	0.0066920808	-0.0020069988	24.2
0.423088116606667	0.0067122568	-0.0020069873	24.4
0.426333070006667	0.006732415	-0.0020069948	24.6
0.42957130122	0.0067547221	-0.0020069873	24.8
0.432803834404445	0.0067754501	-0.0020069935	25
0.436030101617778	0.0067953928	-0.0020069878	25.2
0.439252309451111	0.0068164842	-0.0020069691	25.4
0.442469973757778	0.0068369922	-0.0020069789	25.6
0.445680096555556	0.0068577291	-0.0020069638	25.8
0.448887239991111	0.0068762362	-0.0020069651	26
0.452087139851111	0.0068976909	-0.0020069536	26.2
0.455281053055555	0.0069193835	-0.002006958	26.4
0.458468616495555	0.0069395192	-0.0020069558	26.6
0.461648498768889	0.0069604086	-0.0020069527	26.8
0.464823139228889	0.0069802796	-0.0020069625	27
0.467991951311111	0.0069994237	-0.0020069496	27.2
0.471154218106667	0.0070194921	-0.0020069492	27.4
0.474308105446667	0.0070386273	-0.0020069558	27.6
0.47745486094	0.0070593373	-0.0020069394	27.8
0.480596113922222	0.0070786923	-0.0020069416	28
0.483730104713333	0.007098828	-0.0020069407	28.2
0.486859384386667	0.0071167159	-0.0020069478	28.4
0.489981895322222	0.0071356762	-0.0020069399	28.6
0.493099508931111	0.0071546005	-0.0020069314	28.8
0.496209348268889	0.0071747317	-0.0020069265	29
0.499315798582222	0.0071939162	-0.0020069279	29.2
0.502419288153333	0.0072125983	-0.0020069181	29.4
0.505512619964444	0.0072322763	-0.0020069296	29.6
0.50859904338	0.0072513442	-0.002006927	29.8
0.511679470828889	0.0072713992	-0.0020069296	30
0.514754302662222	0.00729066	-0.0020069301	30.2
0.517821807128889	0.0073107284	-0.0020069248	30.4
0.520885391871111	0.0073290515	-0.0020069155	30.6
0.523941090615555	0.0073490077	-0.0020069168	30.8
0.526990951673333	0.0073678468	-0.0020069066	31
0.530036632313333	0.0073866096	-0.0020069013	31.2
0.533076037673333	0.0074050135	-0.0020069124	31.4
0.536109623966666	0.0074252075	-0.0020069101	31.6
0.53913564082	0.0074433556	-0.0020069013	31.8
0.542156825517777	0.0074623293	-0.0020069022	32
0.545169323513333	0.0074802666	-0.0020068959	32.2
0.548175052773333	0.0074974726	-0.0020068995	32.4
0.551176266437777	0.0075154906	-0.0020068959	32.6
0.554169463755555	0.0075336791	-0.0020068968	32.8
0.557169131875555	0.0075526573	-0.0020069075	33
0.560163101966666	0.0075693069	-0.0020068955	33.2
0.563151895415555	0.0075881684	-0.0020068968	33.4
0.566135530844444	0.0076052308	-0.0020068964	33.6
0.569115488622222	0.0076221676	-0.0020069044	33.8
0.572087662817777	0.0076398402	-0.0020068809	34
0.575055060724444	0.0076569519	-0.0020068893	34.2
0.578019190644444	0.0076728792	-0.0020068826	34.4
0.580978814277777	0.0076910947	-0.0020068627	34.6
0.583929816382222	0.0077076635	-0.0020068773	34.8
0.586871852471111	0.0077245106	-0.0020068671	35
0.589809540553333	0.0077418197	-0.0020068547	35.2
0.592742200962222	0.0077597346	-0.0020068769	35.4
0.595669386793333	0.0077780712	-0.0020068534	35.6
0.598592345655555	0.0077949092	-0.0020068578	35.8
0.601510351326666	0.0078122453	-0.0020068556	36
0.604424409344444	0.0078300704	-0.0020068582	36.2
0.60732940824	0.0078482096	-0.0020068516	36.4
0.610230291891111	0.0078655412	-0.0020068511	36.6
0.61312470474	0.0078845104	-0.0020068494	36.8
0.616014685791111	0.0079004601	-0.0020068525	37
0.618898857084444	0.0079183525	-0.0020068436	37.2
0.621776818271111	0.0079374697	-0.0020068449	37.4
0.624648541417777	0.0079539309	-0.0020068325	37.6
0.627513179271111	0.007970096	-0.0020068281	37.8
0.630370247682222	0.0079895094	-0.0020068303	38
0.633222307042222	0.0080065583	-0.0020068343	38.2
0.636066741095555	0.008024693	-0.0020068361	38.4
0.638905747124444	0.0080412574	-0.0020068378	38.6
0.641737695788889	0.0080574314	-0.0020068352	38.8
0.644561507073333	0.0080732735	-0.0020068387	39
0.64738023482	0.0080912242	-0.0020068272	39.2
0.650193450746666	0.008107838	-0.002006837	39.4
0.652999190337778	0.0081228007	-0.0020068188	39.6
0.655802881617778	0.0081399573	-0.0020068201	39.8
0.658593491635555	0.0081541887	-0.0020068205	40
0.661375927028889	0.0081688373	-0.0020068254	40.2
0.664153735102222	0.0081862182	-0.0020068179	40.4
0.666924923404444	0.0082017642	-0.0020068157	40.6
0.669688439851111	0.0082168794	-0.0020068268	40.8
0.672446099991111	0.0082317523	-0.0020068126	41
0.675197466228889	0.0082470246	-0.0020068117	41.2
0.677942166144444	0.0082603901	-0.002006813	41.4
0.680679110406667	0.0082755233	-0.0020068099	41.6
0.683409928357778	0.0082906205	-0.002006805	41.8
0.686120933551111	0.0083050314	-0.0020067984	42
0.68882209754	0.0083202902	-0.0020067975	42.2
0.691515328977778	0.0083347907	-0.0020068046	42.4
0.69419982716	0.0083493945	-0.0020068108	42.6
0.696875377946667	0.0083635272	-0.002006813	42.8
0.699543052044444	0.0083781444	-0.0020067993	43
0.702202225651111	0.008393125	-0.0020067895	43.2
0.704849677331111	0.0084080339	-0.0020067864	43.4
0.707488926455556	0.0084222832	-0.0020067811	43.6
0.710118818522222	0.00843638	-0.0020067731	43.8
0.712740517342222	0.0084511587	-0.0020067891	44
0.715354832931111	0.0084650626	-0.0020067638	44.2
0.717959782151111	0.0084795497	-0.002006762	44.4
0.720554052222222	0.008494813	-0.0020067806	44.6
0.723142624262222	0.0085093763	-0.0020067722	44.8
0.725724278597778	0.0085238679	-0.0020067793	45
0.728289658166667	0.0085381801	-0.0020067802	45.2
0.73084846452	0.0085532101	-0.0020067664	45.4
0.733398332786666	0.0085676792	-0.0020067691	45.6
0.735939253657778	0.008581794	-0.002006762	45.8
0.738468843642222	0.0085966579	-0.002006762	46
0.740987586886667	0.0086117238	-0.0020067562	46.2
0.74349875138	0.0086272832	-0.0020067775	46.4
0.746001061582222	0.0086415774	-0.002006758	46.6
0.748491053984444	0.0086557056	-0.0020067598	46.8
0.750973570051111	0.0086703901	-0.0020067514	47
0.753442930371111	0.0086848727	-0.002006758	47.2
0.755901807064444	0.0087016166	-0.0020067509	47.4
0.758350498062222	0.008714179	-0.0020067607	47.6
0.760789552686666	0.0087286975	-0.0020067536	47.8
0.763216000886666	0.0087436691	-0.0020067598	48
0.765632877886666	0.0087580351	-0.002006746	48.2
0.768035910164444	0.0087729484	-0.0020067447	48.4
0.770429520211111	0.0087873054	-0.0020067425	48.6
0.772811762128888	0.0088028424	-0.0020067416	48.8
0.775182868682222	0.0088158848	-0.0020067394	49
0.777544962666666	0.0088306636	-0.0020067367	49.2
0.779893286411111	0.0088435221	-0.0020067425	49.4
0.782229776502222	0.008858054	-0.0020067505	49.6
0.784553082915555	0.0088728014	-0.0020067358	49.8
0.786868801266666	0.0088852516	-0.002006746	50
0.789172155266666	0.0088980876	-0.0020067482	50.2
0.791459988653333	0.0089107846	-0.0020067447	50.4
0.793738883955555	0.0089244327	-0.0020067416	50.6
0.796001821048888	0.0089381571	-0.0020067336	50.8
0.798257886991111	0.0089506836	-0.0020067234	51
0.800496858842222	0.0089626223	-0.0020067363	51.2
0.802725384306666	0.0089744714	-0.0020067194	51.4
0.804946331017777	0.008987792	-0.0020067301	51.6
0.807149336386666	0.0089978284	-0.0020067199	51.8
0.80934695097111	0.009011158	-0.0020067283	52
0.811526158684444	0.0090211226	-0.0020067172	52.2
0.813693765506666	0.0090332184	-0.0020067247	52.4
0.815855767404444	0.0090446367	-0.002006719	52.6
0.817998412759999	0.0090566383	-0.0020067092	52.8
0.820133451433332	0.0090679444	-0.0020067154	53
0.822252531899999	0.0090774155	-0.0020067163	53.2
0.824356259342221	0.0090891344	-0.0020067105	53.4
0.82645552705111	0.0090996644	-0.0020067008	53.6
0.828535736155555	0.0091098982	-0.002006703	53.8
0.830610740686666	0.0091213838	-0.0020067061	54
0.832668762855555	0.0091303211	-0.0020067008	54.2
0.834716012768888	0.0091421836	-0.0020067039	54.4
0.83675128937111	0.0091516457	-0.0020066995	54.6
0.838766594937777	0.0091612873	-0.0020067003	54.8
0.840780289786666	0.0091720282	-0.0020066955	55
0.842774879477777	0.0091813378	-0.0020066986	55.2
0.844765568066666	0.009191289	-0.0020066986	55.4
0.846732552106666	0.009201119	-0.0020067105	55.6
0.84869408019111	0.0092100922	-0.0020066791	55.8
0.850644538084444	0.0092198729	-0.0020066937	56
0.852579065702221	0.0092294741	-0.0020066884	56.2
0.854510362573332	0.0092392548	-0.0020066817	56.4
0.856420543217777	0.0092480664	-0.0020066875	56.6
0.858325817226666	0.0092579683	-0.0020066711	56.8
0.860212581948888	0.0092663043	-0.0020066755	57
0.862094514517777	0.0092756902	-0.0020066728	57.2
0.863960107148888	0.0092840711	-0.0020066844	57.4
0.86581670583111	0.0092944036	-0.0020066742	57.6
0.867658379773333	0.0093033902	-0.0020066666	57.8
0.869494430168888	0.009313135	-0.0020066773	58
0.871313730964444	0.0093223056	-0.0020066658	58.2
0.8731319145	0.0093294706	-0.0020066773	58.4
0.87492922388	0.0093386142	-0.0020066831	58.6
0.876728413984444	0.0093472284	-0.0020066857	58.8
0.878503676086666	0.0093560759	-0.0020066773	59
0.88027488812	0.0093655516	-0.0020066671	59.2
0.882038633126666	0.0093744664	-0.002006672	59.4
0.883780963968889	0.0093829056	-0.0020066777	59.6
0.885529653886666	0.0093910577	-0.0020066653	59.8
0.8872541458	0.0094012736	-0.0020066773	60
0.88897655216	0.0094084745	-0.0020066702	60.2
0.890694554651111	0.0094176361	-0.0020066653	60.4
0.89238820086	0.00942599	-0.0020066684	60.6
0.894080925326667	0.0094336486	-0.0020066618	60.8
0.895765037575555	0.0094421596	-0.0020066644	61
0.897433117133333	0.0094504508	-0.0020066702	61.2
0.89909250068	0.0094592938	-0.0020066702	61.4
0.900748327613333	0.0094673965	-0.0020066533	61.6
0.902399471362222	0.0094761992	-0.0020066529	61.8
0.904029359224445	0.0094848582	-0.0020066493	62
0.905650700042222	0.0094912561	-0.0020066569	62.2
0.907273930893333	0.0095012387	-0.0020066569	62.4
0.908888186415555	0.0095086415	-0.0020066418	62.6
0.91049308488	0.0095164302	-0.0020066591	62.8
0.912070629077778	0.0095244835	-0.002006648	63
0.913648573626667	0.0095330529	-0.0020066405	63.2
0.915229935131111	0.0095409582	-0.0020066569	63.4
0.916800440586667	0.009549052	-0.0020066485	63.6
0.918361663468889	0.0095574687	-0.0020066493	63.8
0.919897440737778	0.009565217	-0.002006652	64
0.921438450511111	0.0095736518	-0.0020066414	64.2
0.922973613286667	0.0095812072	-0.0020066383	64.4
0.924510908168889	0.009589431	-0.0020066281	64.6
0.926036099391111	0.0095975113	-0.0020066409	64.8
0.927543246853333	0.009605291	-0.0020066294	65
0.929044305244444	0.0096126445	-0.0020066281	65.2
0.930526407446667	0.0096212093	-0.0020066281	65.4
0.932011042106667	0.0096284192	-0.0020066325	65.6
0.933482362742222	0.0096368271	-0.0020066307	65.8
0.934954521322222	0.009644526	-0.0020066383	66
0.936415805233334	0.0096519692	-0.0020066267	66.2
0.937879994022222	0.0096600899	-0.0020066298	66.4
0.939337432693333	0.0096682868	-0.0020066329	66.6
0.940792888226667	0.0096757973	-0.0020066365	66.8
0.942237227015556	0.0096834963	-0.0020066303	67
0.943681146831111	0.0096914555	-0.0020066294	67.2
0.945107898073333	0.0096979924	-0.0020066218	67.4
0.946537842822222	0.0097069072	-0.0020066179	67.6
0.947949371386667	0.0097151266	-0.0020066236	67.8
0.949366216253333	0.0097221032	-0.0020066187	68
0.950770482624444	0.009730179	-0.0020066183	68.2
0.952161677044445	0.0097380888	-0.0020066134	68.4
0.953551847308889	0.0097447782	-0.002006613	68.6
0.954915901606667	0.0097526252	-0.0020066205	68.8
0.956282925953333	0.0097601986	-0.0020066094	69
0.957638777693333	0.0097674578	-0.002006617	69.2
0.958983987524444	0.0097747395	-0.0020066156	69.4
0.960338191304444	0.0097827749	-0.0020066014	69.6
0.961680989715555	0.0097900791	-0.0020066103	69.8
0.963022615004444	0.0097962481	-0.0020065997	70
0.964371185928889	0.0098050462	-0.0020065997	70.2
0.965712867077778	0.0098122651	-0.002006605	70.4
0.967033916146667	0.0098210005	-0.0020065961	70.6
0.968342833626666	0.0098280713	-0.002006593	70.8
0.969651229717778	0.0098349761	-0.0020065952	71
0.970954663311111	0.0098410913	-0.002006601	71.2
0.972256596811111	0.0098491761	-0.0020066006	71.4
0.973554341057778	0.0098562873	-0.0020065974	71.6
0.974845587622222	0.0098633132	-0.0020065886	71.8
0.976131004457778	0.0098716537	-0.0020065961	72
0.97740429932	0.0098776209	-0.0020065935	72.2
0.97866712154	0.0098859793	-0.0020065979	72.4
0.979938024413333	0.0098925387	-0.0020065855	72.6
0.981206421773333	0.0098995512	-0.0020065819	72.8
0.982462344333333	0.0099072322	-0.0020065779	73
0.983710446006667	0.0099132173	-0.0020065775	73.2
0.984953751255556	0.0099209252	-0.0020065779	73.4
0.986195782768889	0.0099290279	-0.0020065788	73.6
0.987419406646667	0.00993469	-0.0020065837	73.8
0.988638674108889	0.0099408904	-0.0020065895	74
0.989865837031111	0.0099488944	-0.0020065828	74.2
0.991100083348889	0.009955207	-0.002006585	74.4
0.992313457471111	0.0099625201	-0.0020065731	74.6
0.993520816304445	0.0099705376	-0.0020065815	74.8
0.994732923135556	0.0099770296	-0.0020065775	75
0.995936594262222	0.0099819783	-0.0020065757	75.2
0.997119345811111	0.0099895247	-0.00200657	75.4
0.99830352106	0.0099964699	-0.0020065611	75.6
0.9994884124	0.0100034824	-0.0020065606	75.8
1.00065312895778	0.0100114012	-0.0020065655	76
1.00181345130667	0.0100174715	-0.0020065589	76.2
1.00298338047778	0.010023663	-0.0020065704	76.4
1.00412954952222	0.010030653	-0.0020065824	76.6
1.00528039392667	0.010036665	-0.0020065757	76.8
1.00643767226444	0.0100427353	-0.0020065615	77
1.00756958665778	0.0100492184	-0.0020065629	77.2
1.00871786960889	0.0100558765	-0.0020065487	77.4
1.00986255972889	0.0100627544	-0.0020065504	77.6
1.01099510821778	0.0100685555	-0.0020065495	77.8
1.01214775858667	0.0100749937	-0.0020065615	78
1.0132767414	0.0100819165	-0.0020065611	78.2
1.01440625560222	0.0100882964	-0.0020065495	78.4
1.01553562046222	0.010094932	-0.0020065553	78.6
1.01664066507333	0.0101000153	-0.0020065558	78.8
1.01775083046889	0.0101060901	-0.0020065589	79
1.01884000996889	0.0101119944	-0.0020065402	79.2
1.01993277490667	0.0101185852	-0.0020065469	79.4
1.02102439380889	0.0101249067	-0.0020065447	79.6
1.02211103209778	0.0101301022	-0.0020065411	79.8
1.02321625469333	0.0101372089	-0.0020065389	80
1.02429272666667	0.0101421127	-0.0020065318	80.2
1.02537184444444	0.0101485689	-0.0020065345	80.4
1.02642025555556	0.0101551731	-0.0020065584	80.6
1.02749130888889	0.0101603954	-0.0020065447	80.8
1.02854754	0.0101656447	-0.0020065531	81
1.02962104222222	0.010171576	-0.0020065389	81.2
1.03067676888889	0.0101783148	-0.0020065398	81.4
1.03171612	0.0101831019	-0.0020065398	81.6
1.03275728666667	0.0101882884	-0.0020065433	81.8
1.03380078888889	0.0101922994	-0.0020065203	82
1.03484473777778	0.0101985985	-0.0020065349	82.2
1.03587334444444	0.0102040228	-0.0020065385	82.4
1.03689530222222	0.0102099406	-0.0020065287	82.6
1.03791654444444	0.0102155936	-0.0020065327	82.8
1.03894795111111	0.0102199546	-0.0020065216	83
1.03996307555556	0.0102255762	-0.002006538	83.2
1.04096732666667	0.0102299551	-0.0020065252	83.4
1.04198238444444	0.0102350877	-0.0020065181	83.6
1.04298373777778	0.0102405928	-0.00200653	83.8
1.04398614444444	0.0102458734	-0.0020065212	84
1.04496613111111	0.0102510958	-0.0020065145	84.2
1.04597756888889	0.0102566143	-0.0020065207	84.4
1.04694790888889	0.0102611816	-0.0020065234	84.6
1.04792924666667	0.0102664174	-0.0020065021	84.8
1.04890175777778	0.0102699124	-0.0020065163	85
1.04988491777778	0.0102751662	-0.0020065296	85.2
1.05084328666667	0.0102800476	-0.0020065154	85.4
1.05180879555556	0.0102840406	-0.0020065065	85.6
1.05278061555556	0.0102890745	-0.0020065114	85.8
1.05370991555556	0.0102945078	-0.0020065132	86
1.05468517333333	0.0102995776	-0.0020065141	86.2
1.05561618666667	0.0103033059	-0.0020065025	86.4
1.0565576	0.0103078957	-0.0020064999	86.6
1.05751350888889	0.0103129475	-0.0020065061	86.8
1.05842107777778	0.0103170169	-0.0020065034	87
1.05936901777778	0.0103220149	-0.0020065114	87.2
1.06028795555556	0.0103257163	-0.002006511	87.4
1.06119464888889	0.0103298574	-0.0020065061	87.6
1.06213496444444	0.010335663	-0.0020065118	87.8
1.06302600888889	0.0103392792	-0.0020064932	88
1.06394666888889	0.0103429626	-0.0020064985	88.2
1.06485279555556	0.010347337	-0.0020065039	88.4
1.06573668888889	0.0103517518	-0.0020064999	88.6
1.06665518888889	0.0103554846	-0.0020064977	88.8
1.06752819777778	0.0103594911	-0.0020065012	89
1.06841843111111	0.010365566	-0.002006507	89.2
1.06931021777778	0.0103681098	-0.0020064883	89.4
1.07019360666667	0.0103727848	-0.0020064883	89.6
1.07105278	0.0103768766	-0.0020064901	89.8
1.07195037777778	0.0103815202	-0.0020064879	90
1.07280268888889	0.0103859798	-0.0020064826	90.2
1.07365510222222	0.0103892864	-0.0020064914	90.4
1.07452608888889	0.0103929609	-0.0020064919	90.6
1.07537360666667	0.0103974205	-0.0020064937	90.8
1.07621976444444	0.0104005163	-0.002006483	91
1.07708213111111	0.0104046439	-0.0020064946	91.2
1.07792445333333	0.010407623	-0.0020064795	91.4
1.07874536888889	0.0104124864	-0.0020064724	91.6
1.0796001	0.010415959	-0.0020064844	91.8
1.08043483333333	0.0104205488	-0.0020064742	92
1.08125009777778	0.0104234561	-0.0020064671	92.2
1.08206997111111	0.0104276779	-0.0020064702	92.4
1.08290164222222	0.0104324471	-0.0020064706	92.6
1.08371667555556	0.010435009	-0.002006475	92.8
1.08451231333333	0.0104388629	-0.0020064715	93
1.08534597555556	0.0104427169	-0.0020064697	93.2
1.08613656666667	0.0104458306	-0.0020064706	93.4
1.08693733555556	0.0104493166	-0.0020064653	93.6
1.08772579555556	0.0104523585	-0.0020064737	93.8
1.08854725111111	0.0104567284	-0.0020064639	94
1.08932531333333	0.010461547	-0.0020064671	94.2
1.09009575777778	0.0104635973	-0.0020064644	94.4
1.09089230888889	0.0104667873	-0.0020064657	94.6
1.09167562	0.0104700625	-0.0020064653	94.8
1.09246044	0.0104743068	-0.0020064529	95
1.09320271111111	0.010477407	-0.0020064542	95.2
1.09398770888889	0.0104798028	-0.0020064591	95.4
1.09476492222222	0.0104837285	-0.0020064684	95.6
1.09551358	0.0104873896	-0.0020064697	95.8
1.09626737777778	0.010490741	-0.0020064755	96
1.09700635333333	0.0104937291	-0.0020064666	96.2
1.09777877111111	0.010496605	-0.002006452	96.4
1.09852666666667	0.0105006698	-0.0020064573	96.6
1.09924332444444	0.0105035771	-0.0020064533	96.8
1.09998637777778	0.0105078079	-0.0020064551	97
1.10072707555556	0.0105103249	-0.0020064533	97.2
1.10146794	0.0105139276	-0.0020064551	97.4
1.10220148666667	0.0105161036	-0.0020064475	97.6
1.10290069555556	0.0105201639	-0.0020064511	97.8
1.10363178444444	0.0105236634	-0.0020064502	98
1.10437754666667	0.0105269252	-0.0020064467	98.2
1.10508560222222	0.0105295633	-0.0020064511	98.4
1.10579256888889	0.0105327398	-0.0020064502	98.6
1.10649937555556	0.0105360464	-0.0020064662	98.8
1.10719763555556	0.0105379666	-0.0020064462	99
1.10792667555556	0.0105418206	-0.0020064449	99.2
1.10864685333333	0.0105462533	-0.0020064458	99.4
1.10932213555556	0.0105482588	-0.0020064311	99.6
1.11000786222222	0.0105518391	-0.0020064413	99.8
1.11069987555556	0.0105528889	-0.0020064311	100
1.11137987777778	0.0105569403	-0.0020064351	100.2
1.11208177777778	0.0105592464	-0.0020064431	100.4
1.11278086666667	0.0105631676	-0.0020064298	100.6
1.11343577777778	0.0105647828	-0.0020064351	100.8
1.11409061555556	0.0105693905	-0.0020064511	101
1.11477377333333	0.0105716831	-0.0020064218	101.2
1.11545987333333	0.0105748686	-0.0020064422	101.4
1.11613227777778	0.0105775426	-0.0020064254	101.6
1.11680693555556	0.0105813876	-0.0020064302	101.8
1.11746782444444	0.0105841333	-0.0020064121	102
1.11809897555556	0.0105861702	-0.002006428	102.2
1.11874765777778	0.0105892525	-0.0020064351	102.4
1.11942304222222	0.010592097	-0.0020064143	102.6
1.12008949777778	0.0105941922	-0.002006428	102.8
1.12073162444444	0.0105978891	-0.0020064262	103
1.12137900222222	0.0105997959	-0.0020064347	103.2
1.12202374444444	0.0106035243	-0.0020064298	103.4
1.12264594666667	0.0106066514	-0.0020064209	103.6
1.12325994666667	0.0106089844	-0.0020064147	103.8
1.12391016444444	0.0106123359	-0.0020064254	104
1.12457848222222	0.0106145163	-0.0020064316	104.2
1.12521659555556	0.0106171813	-0.0020064063	104.4
1.12582531555556	0.0106205418	-0.002006405	104.6
1.12644531333333	0.0106227716	-0.0020064271	104.8
1.12707143555556	0.0106251629	-0.0020064183	105
1.12768604	0.0106277293	-0.0020064205	105.2
1.12829162222222	0.0106314127	-0.0020064214	105.4
1.12892872	0.0106338624	-0.0020064218	105.6
1.12957830444444	0.0106356839	-0.0020064125	105.8
1.13021284222222	0.010640009	-0.0020064076	106
1.13081006444444	0.0106414581	-0.0020064231	106.2
1.13139693333333	0.0106444552	-0.0020064205	106.4
1.13199763777778	0.0106467837	-0.0020064187	106.6
1.13260314666667	0.0106500589	-0.0020064134	106.8
1.13319696	0.0106532399	-0.0020064085	107
1.13379370666667	0.0106553665	-0.0020064129	107.2
1.13440310666667	0.0106580225	-0.0020064196	107.4
1.13503347333333	0.0106612843	-0.002006409	107.6
1.13564911111111	0.0106638595	-0.0020063992	107.8
1.13623900666667	0.010665551	-0.0020063952	108
1.13680741333333	0.0106685659	-0.0020063974	108.2
1.13737589333333	0.0106713297	-0.0020063872	108.4
1.13795877777778	0.0106735415	-0.002006393	108.6
1.13854419555556	0.0106765565	-0.0020064063	108.8
1.13912560888889	0.01067858	-0.0020064067	109
1.13969506888889	0.0106823397	-0.0020064041	109.2
1.14026654888889	0.0106837889	-0.0020063996	109.4
1.14085513111111	0.010687239	-0.0020064001	109.6
1.14146306	0.0106879479	-0.0020063948	109.8
1.14207563555556	0.0106914654	-0.0020063899	110
1.14267016666667	0.0106942425	-0.0020063806	110.2
1.14324306222222	0.010696423	-0.0020063717	110.4
1.14380193555556	0.0106994425	-0.0020063854	110.6
1.14437031333333	0.0107015332	-0.0020063823	110.8
1.14494154888889	0.0107045796	-0.0020063912	111
1.14551276666667	0.010707276	-0.0020063828	111.2
1.14607344444444	0.0107084919	-0.0020063797	111.4
1.14661326888889	0.0107113857	-0.0020063996	111.6
1.14714182666667	0.0107129515	-0.0020063819	111.8
1.14767631555556	0.0107154909	-0.0020063881	112
1.14822751555556	0.0107186046	-0.0020063801	112.2
1.14879080222222	0.0107205428	-0.0020063877	112.4
1.14936167777778	0.0107236206	-0.0020063832	112.6
1.14992880888889	0.0107265682	-0.0020063837	112.8
1.15047987777778	0.0107284526	-0.0020063792	113
1.15102283777778	0.0107312163	-0.0020063783	113.2
1.15157538	0.0107337961	-0.0020063606	113.4
1.15214522888889	0.0107348684	-0.002006369	113.6
1.15272300888889	0.010737677	-0.0020063677	113.8
1.15330318444444	0.0107392383	-0.0020063619	114
1.15387850888889	0.0107423699	-0.0020063611	114.2
1.15443646	0.0107447343	-0.002006369	114.4
1.15497235555556	0.0107468071	-0.0020063779	114.6
1.15550706666667	0.0107499028	-0.0020063766	114.8
1.15604335111111	0.010751361	-0.0020063779	115
1.15659192666667	0.0107546092	-0.0020063775	115.2
1.15714708444444	0.0107576152	-0.0020063801	115.4
1.15770348	0.010759522	-0.0020063717	115.6
1.15825049111111	0.0107628107	-0.0020063655	115.8
1.15879090222222	0.0107639099	-0.0020063815	116
1.15930384666667	0.0107655251	-0.0020063726	116.2
1.15980941555556	0.0107680734	-0.0020063597	116.4
1.16031276888889	0.0107708596	-0.0020063677	116.6
1.16082226888889	0.0107730759	-0.0020063646	116.8
1.16133682222222	0.0107754404	-0.0020063553	117
1.16186397333333	0.0107781906	-0.0020063633	117.2
1.16239333111111	0.0107799718	-0.0020063681	117.4
1.16292366666667	0.0107834219	-0.0020063659	117.6
1.16344941111111	0.0107861273	-0.0020063673	117.8
1.16397232444444	0.0107864235	-0.0020063655	118
1.16448726	0.0107881373	-0.0020063633	118.2
1.16498958	0.0107915785	-0.0020063602	118.4
1.16548635111111	0.0107935885	-0.0020063668	118.6
1.16597507777778	0.0107958722	-0.0020063704	118.8
1.16645886	0.0107986359	-0.002006365	119
1.16694812888889	0.010800767	-0.0020063557	119.2
1.16744091333333	0.0108026469	-0.0020063646	119.4
1.16794384666667	0.0108050831	-0.0020063553	119.6
1.16844672666667	0.0108070258	-0.0020063429	119.8
1.16896115111111	0.0108101619	-0.0020063433	120
1.16947510888889	0.0108120417	-0.0020063429	120.2
1.16999720444444	0.0108142491	-0.0020063389	120.4
1.17052682222222	0.0108159675	-0.0020063513	120.6
1.1710605	0.01081979	-0.0020063406	120.8
1.17159620666667	0.0108204092	-0.0020063304	121
1.17212454	0.0108227153	-0.0020063482	121.2
1.17265172888889	0.0108263987	-0.0020063469	121.4
1.17316584444444	0.0108279915	-0.0020063442	121.6
1.17367420888889	0.0108295393	-0.0020063446	121.8
1.17417878222222	0.0108321101	-0.0020063424	122
1.17467757333333	0.0108344656	-0.0020063362	122.2
1.17516587111111	0.0108357128	-0.0020063287	122.4
1.17564835111111	0.0108384317	-0.002006346	122.6
1.17612244222222	0.0108406974	-0.0020063371	122.8
1.17659847777778	0.0108432278	-0.0020063344	123
1.17706007333333	0.0108445334	-0.0020063304	123.2
1.17751843777778	0.0108461934	-0.0020063358	123.4
1.17797962444444	0.0108486521	-0.0020063331	123.6
1.17843400444444	0.0108507832	-0.0020063438	123.8
1.17888817111111	0.0108538475	-0.0020063389	124
1.17934316666667	0.0108558351	-0.0020063548	124.2
1.17979744444444	0.0108567638	-0.0020063433	124.4
1.18025615555556	0.0108610081	-0.00200635	124.6
1.18072505111111	0.0108619682	-0.0020063322	124.8
1.18119822	0.0108649293	-0.002006342	125
1.18168406888889	0.0108668406	-0.0020063442	125.2
1.18217421111111	0.0108684872	-0.0020063327	125.4
1.18267855333333	0.0108702773	-0.0020063331	125.6
1.18319063111111	0.0108717085	-0.0020063256	125.8
1.18370225333333	0.0108746517	-0.0020063336	126
1.18420772222222	0.0108770341	-0.0020063265	126.2
1.18470524	0.0108792415	-0.0020063238	126.4
1.18519443333333	0.010881386	-0.0020063282	126.6
1.18567980888889	0.0108828217	-0.00200635	126.8
1.18615443111111	0.010885563	-0.0020063309	127
1.18662606444444	0.0108868955	-0.002006334	127.2
1.18709578	0.0108903098	-0.0020063318	127.4
1.18756600888889	0.0108917006	-0.0020063446	127.6
1.18803341555556	0.0108936523	-0.0020063296	127.8
1.18851130444444	0.0108963083	-0.0020063269	128
1.18898817777778	0.0108986683	-0.0020063282	128.2
1.18947211111111	0.0109005481	-0.0020063078	128.4
1.18995569111111	0.0109020197	-0.0020063083	128.6
1.19045626888889	0.0109032132	-0.0020063096	128.8
1.19095138222222	0.010906605	-0.0020063145	129
1.19144169333333	0.0109091893	-0.0020063189	129.2
1.19192128666667	0.0109100507	-0.0020063109	129.4
1.19238496	0.0109119306	-0.0020063021	129.6
1.19283601555556	0.0109139719	-0.0020063114	129.8
1.19327381555556	0.0109170991	-0.002006314	130
1.19370929555556	0.0109188399	-0.00200631	130.2
1.19414202888889	0.0109208543	-0.0020063029	130.4
1.19457603777778	0.0109230348	-0.0020063087	130.6
1.19502020444444	0.0109244346	-0.0020063069	130.8
1.19547317111111	0.0109279252	-0.0020063021	131
1.19593634222222	0.0109282975	-0.0020063056	131.2
1.19641167111111	0.0109310478	-0.0020063176	131.4
1.19688812666667	0.0109335423	-0.0020063003	131.6
1.19736365333333	0.010934987	-0.0020062861	131.8
1.19781754	0.0109352786	-0.0020063114	132
1.19827062666667	0.0109380468	-0.0020063025	132.2
1.19872774666667	0.0109398639	-0.0020063083	132.4
1.19918726666667	0.0109424437	-0.0020062927	132.6
1.19965404888889	0.0109441755	-0.0020063012	132.8
1.20012999333333	0.010945508	-0.0020063047	133
1.20061766888889	0.0109487832	-0.0020062967	133.2
1.20111443111111	0.0109499811	-0.0020062919	133.4
1.20161051333333	0.0109505374	-0.0020063016	133.6
1.20209160666667	0.0109542837	-0.0020063056	133.8
1.20255183333333	0.0109572583	-0.0020063047	134
1.20298929777778	0.0109579986	-0.002006299	134.2
1.20341042222222	0.0109602822	-0.0020063065	134.4
1.20380545777778	0.0109628171	-0.0020063012	134.6
1.20418941333333	0.0109646611	-0.0020062839	134.8
1.20457268	0.0109659443	-0.0020063021	135
1.20496560222222	0.0109684927	-0.002006299	135.2
1.20536345777778	0.0109709872	-0.002006295	135.4
1.20575528	0.0109725575	-0.0020063074	135.6
1.20613550222222	0.0109745316	-0.0020062932	135.8
1.20649774666667	0.0109759089	-0.0020063025	136
1.20684481333333	0.0109787444	-0.0020063065	136.2
1.20717693555555	0.0109796104	-0.0020063123	136.4
1.20749792444444	0.0109817684	-0.0020063038	136.6
1.20781862444444	0.0109838143	-0.0020062927	136.8
1.20812883333333	0.0109865062	-0.0020062927	137
1.20843934	0.0109880137	-0.0020062879	137.2
1.20873986444444	0.0109905127	-0.0020062914	137.4
1.20902150666667	0.0109914953	-0.0020062945	137.6
1.20927204444444	0.0109928771	-0.002006283	137.8
1.20949099111111	0.0109948602	-0.0020062843	138
1.20969885777778	0.0109977316	-0.0020062839	138.2
1.20989961111111	0.0109983059	-0.0020062972	138.4
1.21010202	0.0109982341	-0.0020062803	138.6
1.21030971111111	0.0109989609	-0.0020062852	138.8
1.21053109555555	0.0109987052	-0.0020062874	139
1.21075918444444	0.0109981802	-0.0020062857	139.2
1.21097756222222	0.0109995172	-0.002006279	139.4
1.21117719777778	0.0109977181	-0.0020062883	139.6
1.21134747777778	0.0109991404	-0.0020062812	139.8
1.21148518888889	0.0109988353	-0.0020062901	140
1.21159933555555	0.0109990282	-0.0020062879	140.2
1.21169022444444	0.010997588	-0.0020062763	140.4
1.21177980222222	0.0109990102	-0.0020062888	140.6
1.21187299111111	0.0109975387	-0.0020062852	140.8
1.21199155111111	0.0109978617	-0.0020062697	141
1.21212031555555	0.0109975117	-0.0020062723	141.2
1.21224138	0.0109989026	-0.0020062825	141.4
1.21234353333333	0.0109965247	-0.0020062786	141.6
1.21241670444444	0.010998418	-0.0020062821	141.8
1.21245845333333	0.0109984943	-0.0020062706	142
1.21247542444444	0.0109976015	-0.0020062755	142.2
1.21247454888889	0.0109983418	-0.0020062777	142.4
1.21247174666667	0.0109981802	-0.0020062639	142.6
1.21248014444444	0.0109970451	-0.0020062794	142.8
1.21250458444444	0.0109975745	-0.0020062945	143
1.21253807333333	0.0109976329	-0.0020062817	143.2
1.21256735555556	0.0109975387	-0.0020062715	143.4
1.21258599333333	0.0109967311	-0.0020062746	143.6
1.21258121555556	0.0109973816	-0.0020062821	143.8
1.21256007111111	0.0109969554	-0.0020062861	144
1.21252283777778	0.0109979335	-0.0020062834	144.2
1.21248662	0.0109966099	-0.0020062755	144.4
1.21245929333333	0.0109969823	-0.0020062839	144.6
1.21246016888889	0.0109962376	-0.0020062786	144.8
1.21248219777778	0.0109971259	-0.0020062772	145
1.21251209333333	0.0109968118	-0.0020062777	145.2
1.21253439333333	0.0109982565	-0.0020062715	145.4
1.21254082666667	0.0109964439	-0.0020062608	145.6
1.21253904	0.0109974489	-0.0020062608	145.8
1.21251540888889	0.0109972829	-0.002006267	146
1.21247908888889	0.0109973682	-0.0020062706	146.2
1.21244144666667	0.0109965247	-0.0020062772	146.4
1.21241764	0.0109959055	-0.0020062812	146.6
1.21241217333333	0.0109966324	-0.0020062697	146.8
1.21243807555556	0.0109964798	-0.0020062706	147
1.21247004666667	0.0109973233	-0.0020062772	147.2
1.21249428222222	0.0109973682	-0.0020062613	147.4
1.21250464666667	0.0109956767	-0.0020062755	147.6
1.21249612666667	0.010997099	-0.0020062701	147.8
1.21246472222222	0.0109971708	-0.0020062701	148
1.21242111333333	0.0109958382	-0.0020062657	148.2
1.21238496	0.0109968477	-0.0020062604	148.4
1.21236461777778	0.0109964978	-0.0020062546	148.6
1.21237047333333	0.010995587	-0.0020062519	148.8
1.21239471777778	0.0109942051	-0.0020062604	149
1.21242285333333	0.0109958607	-0.0020062542	149.2
1.21244652222222	0.0109955332	-0.0020062564	149.4
1.21245240444444	0.0109953447	-0.0020062466	149.6
1.21244088666667	0.0109956364	-0.0020062537	149.8
1.21240240666667	0.0109949679	-0.0020062582	150
1.21235646888889	0.010995421	-0.0020062595	150.2
1.21231505555555	0.0109951967	-0.0020062644	150.4
1.21228992666667	0.0109961568	-0.0020062559	150.6
1.21229459333333	0.0109958786	-0.0020062524	150.8
1.21232298	0.0109951832	-0.0020062621	151
1.21235648	0.0109953537	-0.0020062502	151.2
1.21238479333333	0.0109955556	-0.0020062648	151.4
1.21238561333333	0.0109960267	-0.0020062524	151.6
1.21236701111111	0.0109960671	-0.0020062453	151.8
1.21232648444444	0.010995587	-0.0020062502	152
1.21227834	0.0109954659	-0.0020062493	152.2
1.21223822	0.010996426	-0.0020062533	152.4
1.21221292444444	0.010994932	-0.0020062395	152.6
1.21221801777778	0.010994905	-0.0020062426	152.8
1.21223650888889	0.0109956722	-0.0020062524	153
1.21226534444444	0.0109951698	-0.0020062506	153.2
1.21228806222222	0.0109944429	-0.0020062417	153.4
1.21229761555555	0.0109956498	-0.0020062391	153.6
1.21227454444444	0.0109951742	-0.0020062435	153.8
1.21223856888889	0.0109944609	-0.0020062519	154
1.21219318222222	0.0109943353	-0.0020062555	154.2
1.21215736444444	0.0109950127	-0.0020062386	154.4
1.21213778444444	0.0109944654	-0.0020062519	154.6
1.21212806444444	0.0109946583	-0.0020062435	154.8
1.21213909777778	0.0109939808	-0.0020062444	155
1.21216022222222	0.0109943128	-0.0020062466	155.2
1.21218330222222	0.0109933303	-0.0020062448	155.4
1.21219888666667	0.0109941468	-0.00200624	155.6
1.21219652222222	0.0109942635	-0.0020062444	155.8
1.21217146666667	0.0109941962	-0.002006232	156
1.21213880666667	0.0109937026	-0.0020062346	156.2
1.21210483333333	0.0109941962	-0.0020062258	156.4
1.21207814888889	0.0109934649	-0.0020062382	156.6
1.21206206888889	0.0109938328	-0.0020062413	156.8
1.21205924888889	0.0109938058	-0.0020062302	157
1.21206617555555	0.0109941692	-0.0020062342	157.2
1.21207365333333	0.010994084	-0.0020062355	157.4
1.21208605555555	0.0109942051	-0.0020062346	157.6
1.21208525555555	0.0109932719	-0.0020062355	157.8
1.21207439111111	0.0109918811	-0.0020062267	158
1.21205809777778	0.0109940347	-0.0020062422	158.2
1.21203487555555	0.0109932226	-0.0020062311	158.4
1.21197293333333	0.010993079	-0.0020062258	158.6
1.21191288	0.0109939225	-0.0020062267	158.8
1.21185300444444	0.0109932585	-0.002006228	159
1.21178762444444	0.0109929758	-0.0020062324	159.2
1.21171612	0.0109938507	-0.0020062129	159.4
1.2116439	0.0109932944	-0.002006224	159.6
1.21154830888889	0.010993245	-0.0020062231	159.8
1.21144348222222	0.0109930386	-0.002006228	160
1.21132812444444	0.0109932899	-0.0020062249	160.2
1.21120251777778	0.0109933033	-0.0020062244	160.4
1.21107469333333	0.0109947076	-0.0020062284	160.6
1.21093498	0.0109932405	-0.0020062289	160.8
1.21079079555555	0.0109941154	-0.0020062178	161
1.21063158666667	0.0109938462	-0.0020062244	161.2
1.21045943555555	0.0109936982	-0.0020062111	161.4
1.21027426888889	0.0109938193	-0.0020062205	161.6
1.21006618888889	0.0109937161	-0.0020062129	161.8
1.20984796	0.0109925765	-0.0020062302	162
1.20961378	0.0109938058	-0.00200622	162.2
1.20937458444444	0.0109927919	-0.0020062315	162.4
1.20914330222222	0.0109905217	-0.0020062378	162.6
1.20892456	0.0109857569	-0.0020062284	162.8
1.20870768888889	0.0109831502	-0.0020062249	163
1.20849092	0.0109807679	-0.0020062253	163.2
1.20826763555555	0.010979727	-0.002006216	163.4
1.20802495777778	0.0109774568	-0.0020062156	163.6
1.20776188	0.0109760256	-0.0020062187	163.8
1.20747265777778	0.0109745944	-0.0020062116	164
1.20715936888889	0.0109730375	-0.0020062249	164.2
1.20682225555555	0.010970718	-0.0020062156	164.4
1.20646802	0.0109661955	-0.0020062085	164.6
1.20610716444444	0.0109661372	-0.0020062089	164.8
1.20574783555555	0.0109640195	-0.0020062276	165
1.20538491111111	0.0109617179	-0.0020062116	165.2
1.20502251777778	0.0109605873	-0.0020062209	165.4
1.20465456666667	0.0109587209	-0.002006212	165.6
1.20427790222222	0.0109565719	-0.0020062067	165.8
1.20388649777778	0.0109546606	-0.0020062014	166
1.20347589555555	0.0109523949	-0.0020062142	166.2
1.20304663333333	0.0109508066	-0.0020062134	166.4
1.20259557555555	0.0109493709	-0.0020062116	166.6
1.20213504	0.0109464547	-0.0020062227	166.8
1.20166794888889	0.0109442159	-0.0020062227	167
1.20120175333333	0.0109430494	-0.0020062236	167.2
1.20073717777778	0.0109392851	-0.0020062103	167.4
1.20031916444444	0.0109383385	-0.0020062005	167.6
1.19990467111111	0.0109373828	-0.0020062063	167.8
1.19948410666667	0.010935171	-0.0020061978	168
1.19906171777778	0.0109327123	-0.0020062142	168.2
1.19863142222222	0.0109311061	-0.0020062005	168.4
1.19818586666666	0.0109298633	-0.0020062018	168.6
1.19773576888889	0.0109262651	-0.0020062085	168.8
1.19727305555555	0.0109247128	-0.0020062001	169
1.19680861111111	0.0109229496	-0.0020062067	169.2
1.19634976888889	0.0109208992	-0.0020062089	169.4
1.1958986	0.0109195128	-0.0020061961	169.6
1.19545391111111	0.0109170497	-0.0020061952	169.8
1.19501669111111	0.0109150622	-0.0020062058	170
1.19458555777778	0.0109145148	-0.0020062032	170.2
1.19415853111111	0.0109107999	-0.0020062071	170.4
1.19372684	0.0109096379	-0.0020062085	170.6
1.19329523333333	0.0109064659	-0.0020062067	170.8
1.19285191333333	0.010905757	-0.0020061952	171
1.19240037333333	0.0109037874	-0.0020061947	171.2
1.19194489333333	0.0109012615	-0.0020062005	171.4
1.19147790666667	0.0108988074	-0.0020062014	171.6
1.19099880666667	0.0108966673	-0.0020061952	171.8
1.19051104888889	0.0108952271	-0.0020062009	172
1.19002224888889	0.0108938721	-0.0020062005	172.2
1.18953055111111	0.0108920955	-0.0020061987	172.4
1.18904557555555	0.0108894798	-0.0020061819	172.6
1.18856142	0.0108868641	-0.0020061836	172.8
1.18808513333333	0.0108853387	-0.0020061912	173
1.18761171333333	0.0108825167	-0.0020061854	173.2
1.18714442666667	0.0108805471	-0.0020062005	173.4
1.18668699111111	0.0108793222	-0.0020062063	173.6
1.18623868	0.0108764553	-0.0020061961	173.8
1.18579475555555	0.0108740954	-0.0020061912	174
1.18535823333333	0.0108721617	-0.0020061952	174.2
1.18492614222222	0.0108696043	-0.0020062036	174.4
1.18449986888889	0.0108681821	-0.0020062018	174.6
1.18407292666667	0.0108663291	-0.0020061894	174.8
1.18364546222222	0.0108635923	-0.0020062058	175
1.18321699111111	0.0108623451	-0.0020062032	175.2
1.18278234	0.010859357	-0.0020061912	175.4
1.18233817333333	0.0108583924	-0.002006193	175.6
1.18188503111111	0.0108548749	-0.0020061987	175.8
1.18142432	0.0108540718	-0.0020062032	176
1.18095090888889	0.0108517613	-0.0020061876	176.2
1.18047550666667	0.0108484188	-0.0020061845	176.4
1.17999286888889	0.0108475888	-0.002006193	176.6
1.17950194444444	0.0108453724	-0.0020061814	176.8
1.17901684888889	0.0108429183	-0.0020061992	177
1.17853141777778	0.0108416755	-0.0020061965	177.2
1.17805144222222	0.0108386381	-0.0020062018	177.4
1.17758886888889	0.01083683	-0.0020061841	177.6
1.17712929111111	0.0108341739	-0.0020061881	177.8
1.17667347777778	0.010833142	-0.0020061708	178
1.17621554	0.0108304905	-0.0020061952	178.2
1.17574489555555	0.0108277941	-0.0020061903	178.4
1.17526030222222	0.0108266859	-0.0020061796	178.6
1.174768	0.0108239446	-0.0020061965	178.8
1.17426952444444	0.0108219346	-0.0020062014	179
1.17377070666667	0.0108199112	-0.0020061894	179.2
1.17327162666667	0.010817466	-0.0020061943	179.4
1.17277912	0.0108145722	-0.0020061903	179.6
1.17229646222222	0.0108114764	-0.0020061996	179.8
1.17183182222222	0.0108107002	-0.0020061819	180
1.17137215333333	0.0108084839	-0.0020061841	180.2
1.17090182444444	0.0108064156	-0.002006185	180.4
1.17042124444444	0.0108043966	-0.0020061814	180.6
1.169931	0.0108014759	-0.0020061814	180.8
1.16943414444444	0.0107998338	-0.0020061748	181
1.16893419777778	0.010797254	-0.0020061819	181.2
1.16844075111111	0.0107946114	-0.0020061677	181.4
1.16796397777778	0.010792588	-0.0020061734	181.6
1.16749511777778	0.0107911433	-0.0020061916	181.8
1.16702812	0.0107883527	-0.0020061712	182
1.16655016444444	0.0107861273	-0.0020061726	182.2
1.16605428666667	0.010784059	-0.0020061597	182.4
1.16554302888889	0.0107829105	-0.0020061637	182.6
1.16502285111111	0.0107784015	-0.0020061717	182.8
1.16450608888889	0.0107765889	-0.0020061624	183
1.16399687777778	0.0107758217	-0.0020061703	183.2
1.16349196888889	0.0107720036	-0.0020061597	183.4
1.16297625111111	0.0107709807	-0.0020061743	183.6
1.16244320444444	0.0107680869	-0.002006169	183.8
1.16189574666667	0.010765377	-0.0020061619	184
1.1613391	0.0107633625	-0.0020061734	184.2
1.16078998444444	0.0107617563	-0.0020061721	184.4
1.16026553333333	0.0107591855	-0.0020061765	184.6
1.15975802666667	0.0107570051	-0.0020061721	184.8
1.15925648	0.0107535639	-0.0020061712	185
1.15875024888889	0.0107510514	-0.0020061668	185.2
1.15822932666667	0.0107496785	-0.0020061686	185.4
1.15770324666667	0.0107475205	-0.0020061717	185.6
1.1571794	0.0107450529	-0.0020061655	185.8
1.15667243333333	0.0107423789	-0.0020061615	186
1.15617422888889	0.0107401805	-0.0020061615	186.2
1.15565871555555	0.0107377757	-0.0020061672	186.4
1.15510727333333	0.0107359227	-0.0020061579	186.6
1.15453660444444	0.0107321809	-0.0020061712	186.8
1.15396829111111	0.0107306734	-0.0020061557	187
1.15341893333333	0.0107269945	-0.0020061579	187.2
1.15288886666667	0.0107263843	-0.0020061668	187.4
1.15236074666667	0.0107233962	-0.0020061606	187.6
1.15182155777778	0.0107202063	-0.0020061655	187.8
1.15127730222222	0.0107183937	-0.0020061686	188
1.15074526222222	0.0107155358	-0.0020061726	188.2
1.15022539111111	0.0107130996	-0.0020061548	188.4
1.14969758666667	0.0107110986	-0.0020061734	188.6
1.14913698222222	0.0107074779	-0.0020061513	188.8
1.14855159333333	0.0107059256	-0.0020061655	189
1.14796842888889	0.0107025292	-0.0020061548	189.2
1.14741644666667	0.0107010666	-0.0020061513	189.4
1.14686713555555	0.0106987291	-0.0020061659	189.6
1.14630358	0.0106959205	-0.0020061557	189.8
1.14574292	0.0106934709	-0.0020061468	190
1.14520011777778	0.0106910212	-0.0020061628	190.2
1.14466622444444	0.0106885222	-0.0020061659	190.4
1.14410114222222	0.0106856553	-0.0020061522	190.6
1.14350528	0.0106833223	-0.0020061575	190.8
1.14290415777778	0.0106827973	-0.0020061606	191
1.14233306	0.0106806393	-0.002006165	191.2
1.14178402	0.0106761393	-0.0020061526	191.4
1.14122423555555	0.0106747395	-0.0020061495	191.6
1.14064941555555	0.0106725769	-0.0020061579	191.8
1.1400787	0.010667884	-0.0020061584	192
1.13951094444444	0.0106658964	-0.0020061726	192.2
1.13891683111111	0.0106639493	-0.0020061464	192.4
1.13830311111111	0.0106611003	-0.0020061584	192.6
1.1377121	0.010658709	-0.0020061606	192.8
1.13715461555555	0.0106573451	-0.0020061526	193
1.13658959777778	0.0106532174	-0.0020061451	193.2
1.13599599777778	0.0106519612	-0.0020061592	193.4
1.13539474222222	0.0106502024	-0.0020061535	193.6
1.13480328222222	0.0106458325	-0.0020061504	193.8
1.13418592	0.01064319	-0.0020061561	194
1.13356544888889	0.0106409826	-0.0020061397	194.2
1.13298700444444	0.0106384252	-0.002006157	194.4
1.13241622222222	0.0106355314	-0.0020061473	194.6
1.13181165333333	0.0106335394	-0.0020061433	194.8
1.13118629333333	0.0106294431	-0.0020061615	195
1.13057614666667	0.0106278908	-0.0020061335	195.2
1.12995495111111	0.0106253962	-0.002006134	195.4
1.12933112888889	0.0106216096	-0.002006142	195.6
1.12874222222222	0.0106189491	-0.0020061415	195.8
1.12814844444444	0.0106174146	-0.0020061362	196
1.1275067	0.010614283	-0.0020061304	196.2
1.12686639777778	0.0106118782	-0.00200613	196.4
1.12625214666667	0.0106095228	-0.0020061335	196.6
1.12562683333333	0.0106059829	-0.002006138	196.8
1.12500859777778	0.0106036723	-0.0020061397	197
1.12439988666667	0.0105992486	-0.0020061486	197.2
1.12374846888889	0.01059727	-0.002006149	197.4
1.12308957333333	0.010595601	-0.0020061442	197.6
1.12247733333333	0.0105919355	-0.0020061331	197.8
1.12185274666667	0.0105903382	-0.0020061451	198
1.1212086	0.0105863183	-0.0020061353	198.2
1.12056466666667	0.0105845416	-0.0020061215	198.4
1.11990150666667	0.0105798352	-0.0020061313	198.6
1.11925123333333	0.0105771298	-0.0020061335	198.8
1.11863462666667	0.0105740206	-0.0020061357	199
1.11797270444444	0.0105723023	-0.0020061411	199.2
1.11728967777778	0.0105693546	-0.0020061433	199.4
1.11664161111111	0.0105653301	-0.0020061335	199.6
1.1159851	0.0105631317	-0.0020061251	199.8
1.11533510444444	0.0105604308	-0.0020061247	200
1.11467545555555	0.0105576671	-0.00200613	200.2
1.11397220666667	0.0105543515	-0.0020061255	200.4
1.11330704444444	0.010550529	-0.0020061211	200.6
1.11265317555555	0.0105488016	-0.002006114	200.8
1.11196284	0.0105451316	-0.0020061264	201
1.11127788666667	0.0105426999	-0.0020061349	201.2
1.11057925555555	0.0105394831	-0.0020061167	201.4
1.10990777111111	0.0105362931	-0.0020061171	201.6
1.10923247111111	0.0105332423	-0.0020061224	201.8
1.10850740444444	0.0105288095	-0.0020061273	202
1.10782295333333	0.010526831	-0.0020061198	202.2
1.10712887333333	0.0105238653	-0.0020061335	202.4
1.10643705777778	0.0105209132	-0.0020061264	202.6
1.10571703111111	0.010515287	-0.0020061313	202.8
1.10500144444444	0.0105153005	-0.0020061349	203
1.10432285777778	0.010511303	-0.0020061247	203.2
1.10358630444444	0.0105079739	-0.002006134	203.4
1.10286073777778	0.0105057217	-0.0020061198	203.6
1.10215419111111	0.0105017331	-0.0020061255	203.8
1.10143798222222	0.0104983368	-0.0020061207	204
1.10070655777778	0.0104944021	-0.0020061215	204.2
1.09996272222222	0.0104916877	-0.002006126	204.4
1.09926231111111	0.0104884215	-0.0020061375	204.6
1.09850625111111	0.0104848233	-0.0020061428	204.8
1.09776449111111	0.0104822884	-0.0020061326	205
1.09703021777778	0.010478578	-0.0020061193	205.2
1.09629031333333	0.0104755271	-0.0020061153	205.4
1.09552407777778	0.0104717808	-0.0020061344	205.6
1.09477544	0.0104680839	-0.0020061207	205.8
1.09403303777778	0.0104653606	-0.0020061158	206
1.09324708222222	0.0104615111	-0.0020061238	206.2
1.09249932666667	0.0104578859	-0.0020061113	206.4
1.09173420888889	0.0104552703	-0.0020061184	206.6
1.09095762	0.0104516586	-0.0020061291	206.8
1.09017180444444	0.0104481636	-0.0020061167	207
1.08941943111111	0.0104432553	-0.0020061091	207.2
1.08860668	0.0104410748	-0.0020061069	207.4
1.08783911333333	0.0104372792	-0.0020061176	207.6
1.08705156666667	0.0104327388	-0.002006106	207.8
1.08625424222222	0.0104295533	-0.0020061264	208
1.08545490666667	0.0104255603	-0.0020061202	208.2
1.08466891333333	0.0104220652	-0.0020061074	208.4
1.08384143333333	0.0104188439	-0.0020061096	208.6
1.08304288888889	0.0104143708	-0.0020061082	208.8
1.08223503555555	0.0104100323	-0.0020061193	209
1.08139842222222	0.0104070532	-0.002006122	209.2
1.08060336	0.0104029345	-0.0020061127	209.4
1.07976218444444	0.0103999555	-0.0020061176	209.6
1.07894428444444	0.0103954509	-0.002006126	209.8
1.07811252	0.0103914579	-0.0020061202	210
1.07727582	0.0103871059	-0.0020061153	210.2
1.07644008888889	0.0103845307	-0.0020061078	210.4
1.07559774	0.0103787385	-0.0020061149	210.6
1.07474785777778	0.0103759882	-0.002006114	210.8
1.07390188666667	0.0103714299	-0.002006114	211
1.0730468	0.0103687065	-0.002006114	211.2
1.07219071777778	0.0103635649	-0.0020061047	211.4
1.07132875111111	0.0103597424	-0.0020061038	211.6
1.07046507111111	0.0103547623	-0.0020061127	211.8
1.06959706222222	0.0103515768	-0.0020061167	212
1.06872172666667	0.0103473146	-0.0020061224	212.2
1.06784594222222	0.0103435818	-0.0020061198	212.4
1.06695501111111	0.0103396875	-0.0020061105	212.6
1.06608176888889	0.0103345728	-0.0020060958	212.8
1.06518566	0.0103312034	-0.0020061038	213
1.06428050222222	0.010326165	-0.0020061122	213.2
1.06340793111111	0.0103220777	-0.0020061167	213.4
1.06247844444444	0.0103181789	-0.0020061038	213.6
1.06158347111111	0.0103124092	-0.0020060998	213.8
1.06067666666667	0.0103095512	-0.0020061096	214
1.0597592	0.010303934	-0.0020060989	214.2
1.05883374444444	0.0102990437	-0.0020061109	214.4
1.05792496444444	0.0102946738	-0.0020061087	214.6
1.05699756222222	0.0102907525	-0.0020061158	214.8
1.05604888888889	0.0102861448	-0.0020061198	215
1.05513199777778	0.0102800835	-0.0020061087	215.2
1.05419006444444	0.0102766737	-0.0020061074	215.4
1.05324649111111	0.0102720615	-0.0020061034	215.6
1.05228473555556	0.010267391	-0.0020061127	215.8
1.05136104	0.0102623077	-0.0020061003	216
1.05039311111111	0.0102566816	-0.0020061003	216.2
1.04943488222222	0.0102510285	-0.0020061047	216.4
1.04845438444444	0.0102466272	-0.0020061029	216.6
1.04751016888889	0.0102425309	-0.0020061007	216.8
1.04653475333333	0.0102381565	-0.0020061034	217
1.04556067111111	0.0102319247	-0.002006102	217.2
1.04456531333333	0.0102275324	-0.0020061011	217.4
1.04358693777778	0.0102227452	-0.0020060989	217.6
1.04260994	0.0102178145	-0.0020061051	217.8
1.04161951555556	0.0102123588	-0.0020061069	218
1.04062412888889	0.0102065936	-0.0020061105	218.2
1.03960443333333	0.0102009315	-0.002006102	218.4
1.03860460666667	0.0101967546	-0.0020061069	218.6
1.03758613111111	0.010191936	-0.0020061078	218.8
1.03660096888889	0.0101861438	-0.0020060949	219
1.03558001777778	0.0101808766	-0.0020061038	219.2
1.03457268666667	0.0101748601	-0.0020060958	219.4
1.03354127777778	0.0101694852	-0.0020061153	219.6
1.03249896666667	0.0101651243	-0.0020061056	219.8
1.0314689	0.0101586412	-0.0020061038	220
1.03041050888889	0.0101539752	-0.0020061065	220.2
1.02937712666667	0.0101459263	-0.0020060896	220.4
1.02833101555556	0.010142171	-0.0020061011	220.6
1.02728660888889	0.0101353066	-0.002006114	220.8
1.02625385111111	0.0101303579	-0.0020061069	221
1.02519079555555	0.0101252881	-0.0020061007	221.2
1.02415119333333	0.0101183608	-0.0020061047	221.4
1.02309670314667	0.0101127212	-0.0020060967	221.6
1.02202135926444	0.0101068259	-0.002006102	221.8
1.02096692544889	0.0100998717	-0.002006102	222
1.01989830362667	0.0100945237	-0.0020061025	222.2
1.01881226987111	0.0100888752	-0.0020060958	222.4
1.01774570456444	0.0100833657	-0.0020060998	222.6
1.01666240017778	0.0100768691	-0.002006102	222.8
1.01556111527778	0.0100703815	-0.0020060976	223
1.01447916068222	0.0100637684	-0.0020060927	223.2
1.01338524094667	0.0100584428	-0.0020060963	223.4
1.01227239296444	0.0100513047	-0.0020060927	223.6
1.01117666771333	0.0100454542	-0.0020060972	223.8
1.01007811080889	0.010039523	-0.0020060865	224
1.0089499668	0.0100333539	-0.0020060896	224.2
1.00781380494444	0.0100251884	-0.0020060901	224.4
1.00668862986667	0.0100198629	-0.0020060852	224.6
1.00554731935555	0.0100127517	-0.0020060976	224.8
1.00438458661333	0.0100072422	-0.0020060932	225
1.00323642461778	0.0100003284	-0.0020060972	225.2
1.00210518885333	0.0099945721	-0.002006094	225.4
1.00096442742444	0.0099864963	-0.0020060958	225.6
0.999802168204444	0.0099800267	-0.0020060963	225.8
0.998626019493332	0.0099732205	-0.0020061065	226
0.997457894955555	0.0099673162	-0.0020060972	226.2
0.996290124004444	0.0099613267	-0.0020060905	226.4
0.995121701013332	0.0099525375	-0.0020060985	226.6
0.993938401217777	0.0099470145	-0.0020061034	226.8
0.992743333104444	0.0099405	-0.0020060874	227
0.991548599404444	0.0099328011	-0.0020060901	227.2
0.990363082828888	0.0099256047	-0.0020061003	227.4
0.989178990246666	0.0099192831	-0.0020060909	227.6
0.987965141986666	0.0099132262	-0.0020060856	227.8
0.986731415717777	0.0099050652	-0.0020060936	228
0.985510072233332	0.009898129	-0.0020060816	228.2
0.98429050823111	0.0098914799	-0.0020060905	228.4
0.983063132964443	0.0098849205	-0.0020060901	228.6
0.981839760353332	0.0098776657	-0.0020060772	228.8
0.980619161993332	0.009870393	-0.0020060799	229
0.979377736884443	0.009863376	-0.0020060821	229.2
0.97813110675111	0.0098554662	-0.0020060816	229.4
0.976883658002221	0.0098496741	-0.0020060732	229.6
0.975605056159999	0.0098414278	-0.0020060874	229.8
0.974330623815555	0.0098351959	-0.0020060896	230
0.973056686042221	0.0098282283	-0.0020060732	230.2
0.971762135557777	0.0098203499	-0.002006079	230.4
0.970480805106666	0.0098136829	-0.0020060887	230.6
0.96918041605111	0.0098067197	-0.0020060772	230.8
0.967890119582221	0.0097995098	-0.0020060763	231
0.966578390328888	0.0097916942	-0.002006079	231.2
0.965273886028888	0.0097848029	-0.0020060807	231.4
0.963951635904444	0.0097776333	-0.0020060719	231.6
0.962637197293333	0.0097697056	-0.0020060772	231.8
0.961305394591111	0.0097632988	-0.0020060803	232
0.959980686493333	0.0097549717	-0.0020060812	232.2
0.958636221502222	0.0097471561	-0.0020060843	232.4
0.957299204915555	0.0097398161	-0.0020060923	232.6
0.955939461382222	0.0097325838	-0.002006083	232.8
0.954600610624444	0.0097259526	-0.0020060794	233
0.953254274222222	0.0097191286	-0.0020060963	233.2
0.951903580502222	0.0097101285	-0.0020060763	233.4
0.950563035233333	0.0097023713	-0.0020060847	233.6
0.94920968802	0.0096943717	-0.0020060892	233.8
0.947858472911111	0.0096869151	-0.002006079	234
0.946497388664444	0.0096806294	-0.0020060905	234.2
0.945110933291111	0.0096721498	-0.0020060834	234.4
0.943717969875555	0.0096644957	-0.0020060728	234.6
0.942331821748888	0.0096570525	-0.0020060763	234.8
0.940943820831111	0.0096479896	-0.0020060754	235
0.939546891137777	0.0096413226	-0.0020060918	235.2
0.938146125517777	0.0096340633	-0.0020060883	235.4
0.936735118339999	0.0096274187	-0.0020060759	235.6
0.93530361874	0.009619325	-0.002006067	235.8
0.933877835788888	0.0096112043	-0.0020060878	236
0.93245284423111	0.0096043444	-0.0020060834	236.2
0.931023486046666	0.0095953353	-0.0020060799	236.4
0.929574594419999	0.009587089	-0.0020060856	236.6
0.928122863088888	0.0095802291	-0.0020060878	236.8
0.926670684853333	0.0095718661	-0.0020060896	237
0.925199420082221	0.0095643511	-0.002006079	237.2
0.923722997288888	0.0095563292	-0.0020060825	237.4
0.922255940864444	0.0095485181	-0.0020060812	237.6
0.920774844197777	0.0095412498	-0.002006079	237.8
0.91927868313111	0.0095322453	-0.0020060723	238
0.917786078679999	0.0095259551	-0.002006071	238.2
0.916279257084444	0.0095172019	-0.002006071	238.4
0.914754857253333	0.0095094446	-0.0020060785	238.6
0.913239861033333	0.0095008304	-0.0020060732	238.8
0.911708264182221	0.0094939435	-0.0020060666	239
0.91016399573111	0.0094843782	-0.0020060754	239.2
0.90862893537111	0.0094769125	-0.0020060639	239.4
0.907063010684444	0.0094695052	-0.0020060692	239.6
0.905505018548888	0.0094611198	-0.0020060652	239.8
0.903921841495555	0.0094529318	-0.0020060634	240
0.902341159655555	0.0094438555	-0.002006067	240.2
0.900744268226666	0.0094363764	-0.0020060643	240.4
0.899152292744444	0.0094276097	-0.0020060719	240.6
0.897539620006666	0.0094193454	-0.0020060679	240.8
0.895930727335555	0.0094115074	-0.0020060776	241
0.894298176668888	0.0094031534	-0.0020060643	241.2
0.892669666759999	0.0093954635	-0.0020060612	241.4
0.891018811637777	0.0093872665	-0.0020060732	241.6
0.88937576803111	0.0093775755	-0.0020060719	241.8
0.887699290397777	0.0093696837	-0.0020060643	242
0.88602133239111	0.0093614912	-0.002006071	242.2
0.884336633579999	0.0093521995	-0.0020060754	242.4
0.882631209582221	0.0093443525	-0.0020060719	242.6
0.880928001484443	0.009335348	-0.002006067	242.8
0.87920813689111	0.0093255494	-0.0020060639	243
0.877476122088888	0.0093180568	-0.0020060666	243.2
0.875743427619999	0.0093096445	-0.002006063	243.4
0.873996581179999	0.0093005727	-0.002006067	243.6
0.872226383993332	0.0092920976	-0.0020060674	243.8
0.870452509155555	0.009282918	-0.0020060683	244
0.868672694215555	0.0092745416	-0.0020060657	244.2
0.866877917293332	0.0092658063	-0.0020060714	244.4
0.865063783828888	0.009256564	-0.0020060643	244.6
0.863246968937777	0.0092475639	-0.0020060648	244.8
0.861420256979999	0.009238869	-0.0020060768	245
0.859580947906666	0.0092288953	-0.0020060475	245.2
0.857719917422221	0.0092200164	-0.0020060546	245.4
0.855848058819999	0.0092095493	-0.0020060555	245.6
0.853976377117777	0.0092002486	-0.0020060657	245.8
0.85209338315111	0.0091913787	-0.0020060643	246
0.850194654428888	0.0091828453	-0.0020060617	246.2
0.848280125779999	0.0091723826	-0.0020060612	246.4
0.846350653766666	0.0091626468	-0.0020060559	246.6
0.844409292237777	0.0091544633	-0.0020060617	246.8
0.842456059815555	0.0091436193	-0.002006067	247
0.840494066204444	0.0091351307	-0.0020060541	247.2
0.838523060024444	0.009124004	-0.0020060617	247.4
0.836538013602221	0.0091141066	-0.0020060634	247.6
0.834540528344444	0.0091032716	-0.0020060617	247.8
0.832529216984444	0.0090932082	-0.0020060493	248
0.830504749879999	0.009081431	-0.0020060719	248.2
0.828464603882221	0.00907174	-0.0020060701	248.4
0.826416879133332	0.0090615421	-0.0020060528	248.6
0.824357050726666	0.0090509224	-0.0020060555	248.8
0.822283656913332	0.0090397419	-0.0020060524	249
0.820198140822221	0.0090284806	-0.0020060581	249.2
0.818097346188888	0.0090171879	-0.0020060639	249.4
0.81598174785111	0.009005985	-0.0020060683	249.6
0.813855935888888	0.0089940687	-0.0020060688	249.8
0.811714696417777	0.0089826055	-0.0020060532	250
0.809560040506666	0.0089710481	-0.0020060586	250.2
0.807393346113332	0.0089580909	-0.0020060666	250.4
0.80521251837111	0.0089461656	-0.0020060648	250.6
0.803014317224444	0.0089350659	-0.0020060524	250.8
0.800804338288888	0.0089219561	-0.0020060612	251
0.798581883275555	0.0089082766	-0.0020060612	251.2
0.796344699039999	0.0088949426	-0.0020060559	251.4
0.794092217644443	0.0088827167	-0.0020060679	251.6
0.791824923233332	0.0088683552	-0.0020060612	251.8
0.789542778566666	0.008855573	-0.0020060528	252
0.78724795299111	0.0088418261	-0.0020060603	252.2
0.784939329244443	0.0088295733	-0.0020060683	252.4
0.782619048744443	0.0088139736	-0.0020060666	252.6
0.780286534239999	0.0087996794	-0.0020060599	252.8
0.777942660917777	0.0087859595	-0.0020060564	253
0.775586311517777	0.0087716563	-0.0020060586	253.2
0.773216731886666	0.0087568327	-0.0020060723	253.4
0.770835774817777	0.0087421078	-0.0020060475	253.6
0.768442593055555	0.0087283116	-0.0020060701	253.8
0.766037493846666	0.0087138828	-0.0020060555	254
0.763618791988888	0.0086980812	-0.0020060586	254.2
0.761186766795554	0.0086830871	-0.0020060595	254.4
0.758744714188887	0.0086688557	-0.0020060586	254.6
0.756288304779999	0.0086531841	-0.0020060519	254.8
0.753822696593332	0.008638356	-0.0020060537	255
0.751343485755554	0.0086242638	-0.0020060546	255.2
0.748851752286665	0.0086087761	-0.0020060501	255.4
0.746350075199999	0.0085942576	-0.0020060546	255.6
0.743835819619999	0.0085786893	-0.0020060546	255.8
0.741308520019999	0.0085637041	-0.002006047	256
0.738771407146665	0.0085494458	-0.0020060453	256.2
0.736225877575554	0.0085356048	-0.0020060581	256.4
0.733666503282221	0.008520014	-0.0020060577	256.6
0.731098414355554	0.0085048853	-0.0020060541	256.8
0.728520102493332	0.0084889894	-0.0020060537	257
0.725931753906665	0.0084746548	-0.0020060515	257.2
0.723334886206665	0.0084604594	-0.0020060577	257.4
0.720726855208887	0.0084454069	-0.0020060466	257.6
0.718107549188887	0.0084309064	-0.0020060564	257.8
0.715478606793332	0.0084157194	-0.0020060621	258
0.712838808348887	0.0084019142	-0.002006051	258.2
0.710188665933332	0.0083870727	-0.0020060617	258.4
0.707530609588887	0.0083716927	-0.0020060497	258.6
0.70486017027111	0.0083561243	-0.0020060568	258.8
0.70218200323111	0.008343221	-0.0020060524	259
0.699495484668887	0.0083286621	-0.0020060599	259.2
0.696798100746665	0.0083117029	-0.0020060479	259.4
0.694091303902221	0.0082982028	-0.0020060515	259.6
0.691377999015554	0.0082829171	-0.0020060546	259.8
0.688656193635554	0.0082669539	-0.0020060417	260
0.685925031197776	0.0082516951	-0.0020060528	260.2
0.683184744464443	0.0082390296	-0.0020060355	260.4
0.68043696277111	0.0082235419	-0.0020060413	260.6
0.677681751295554	0.0082073589	-0.002006047	260.8
0.674916968619999	0.0081926385	-0.0020060475	261
0.672142456464443	0.0081767426	-0.0020060515	261.2
0.669364983568887	0.0081636777	-0.0020060621	261.4
0.666578702935554	0.0081463641	-0.002006032	261.6
0.663781119346665	0.0081315584	-0.002006051	261.8
0.660975752175554	0.0081137109	-0.0020060475	262
0.658163942133332	0.0080988918	-0.002006059	262.2
0.655345084039999	0.0080811788	-0.0020060643	262.4
0.652517716144443	0.0080637889	-0.002006051	262.6
0.649683747099999	0.0080480411	-0.002006055	262.8
0.646843735535554	0.0080306153	-0.0020060413	263
0.643992495499999	0.0080125972	-0.0020060422	263.2
0.641136153308887	0.0079962078	-0.0020060497	263.4
0.63826957887111	0.0079784231	-0.0020060524	263.6
0.635397567097776	0.0079599474	-0.0020060466	263.8
0.632516803448887	0.007942719	-0.0020060422	264
0.629631151784443	0.0079255265	-0.0020060532	264.2
0.626738582415554	0.0079074008	-0.0020060426	264.4
0.62383822015111	0.0078884585	-0.0020060328	264.6
0.620930958802221	0.007871284	-0.0020060532	264.8
0.618016621468887	0.0078524763	-0.0020060439	265
0.615096474379998	0.00783405	-0.0020060497	265.2
0.612168515777776	0.0078162114	-0.0020060448	265.4
0.609234337757776	0.0077988709	-0.0020060444	265.6
0.60629106337111	0.0077809022	-0.0020060577	265.8
0.603342165439998	0.0077631802	-0.0020060568	266
0.600384180455554	0.0077446463	-0.0020060461	266.2
0.597415674599998	0.0077273506	-0.0020060466	266.4
0.594444692148887	0.0077105215	-0.0020060386	266.6
0.591468952028887	0.0076926964	-0.0020060532	266.8
0.588483510362221	0.0076749341	-0.0020060475	267
0.585492035488887	0.0076566109	-0.0020060457	267.2
0.582495383973332	0.0076395082	-0.0020060422	267.4
0.579491758888887	0.0076210908	-0.0020060439	267.6
0.576483385446665	0.0076043739	-0.002006051	267.8
0.573466437028887	0.0075867552	-0.0020060426	268
0.570442971255554	0.0075697242	-0.0020060426	268.2
0.567413165026665	0.0075515895	-0.0020060364	268.4
0.564375240037776	0.0075339887	-0.0020060395	268.6
0.561330900108887	0.0075151003	-0.0020060501	268.8
0.558279111775554	0.0074965842	-0.0020060444	269
0.555223068542221	0.0074785303	-0.0020060391	269.2
0.552161308657776	0.0074608218	-0.0020060342	269.4
0.549091793122221	0.0074420052	-0.0020060386	269.6
0.546013991237776	0.007422538	-0.0020060457	269.8
0.542933368268887	0.0074030214	-0.0020060422	270
0.539844272739999	0.0073834331	-0.002006051	270.2
0.536747458799999	0.007364594	-0.002006032	270.4
0.533644648895554	0.0073443955	-0.0020060382	270.6
0.530538021684443	0.0073262788	-0.0020060395	270.8
0.527422940533332	0.0073056092	-0.0020060337	271
0.524303138955554	0.0072858369	-0.0020060395	271.2
0.521171717866665	0.007265948	-0.0020060324	271.4
0.518032606297776	0.0072454803	-0.0020060373	271.6
0.514890096395554	0.0072270854	-0.0020060377	271.8
0.51174203743111	0.0072077214	-0.0020060391	272
0.508590468406665	0.0071882542	-0.0020060382	272.2
0.505430408202221	0.0071682127	-0.0020060226	272.4
0.502265171355554	0.0071493198	-0.0020060337	272.6
0.499092877146665	0.0071269274	-0.0020060346	272.8
0.49591460559111	0.0071072672	-0.002006028	273
0.492730263586665	0.0070891236	-0.0020060364	273.2
0.489538119375554	0.0070696833	-0.0020060342	273.4
0.486339104013332	0.0070496418	-0.0020060315	273.6
0.483134958562221	0.0070284204	-0.0020060448	273.8
0.479925403706665	0.0070104024	-0.0020060275	274
0.476706165924443	0.0069896969	-0.0020060262	274.2
0.47348119287111	0.0069689196	-0.0020060395	274.4
0.47024894831111	0.006948241	-0.0020060306	274.6
0.46701337059111	0.0069287694	-0.002006032	274.8
0.463770335155554	0.0069065968	-0.0020060426	275
0.460523789657776	0.0068862053	-0.0020060293	275.2
0.457269544373332	0.0068648762	-0.0020060448	275.4
0.454009573128887	0.0068436548	-0.0020060417	275.6
0.450743065906665	0.0068224962	-0.0020060448	275.8
0.447470329957776	0.0068019342	-0.002006024	276
0.444193134275554	0.0067812512	-0.0020060488	276.2
0.440909635379999	0.0067601195	-0.0020060399	276.4
0.437619172226665	0.0067382251	-0.0020060333	276.6
0.434320106166665	0.0067169767	-0.0020060479	276.8
0.431020285955554	0.0066971595	-0.002006047	277
0.427715074962221	0.0066757227	-0.0020060293	277.2
0.424403877313332	0.0066536937	-0.0020060439	277.4
0.421089188224443	0.0066324364	-0.0020060417	277.6
0.417768922142221	0.0066105913	-0.0020060368	277.8
0.414445313588887	0.0065892084	-0.0020060235	278
0.411113958693332	0.0065669999	-0.0020060244	278.2
0.407776905768888	0.0065451952	-0.0020060222	278.4
0.404432329955554	0.0065237988	-0.002006032	278.6
0.401084374428888	0.0065010429	-0.002006028	278.8
0.397730246035554	0.0064797093	-0.0020060399	279
0.394372793793332	0.0064561279	-0.0020060271	279.2
0.391010891128887	0.0064347405	-0.0020060399	279.4
0.387646279106665	0.0064118276	-0.002006032	279.6
0.38427830599111	0.0063898704	-0.0020060284	279.8
0.38090359207111	0.0063678548	-0.0020060359	280
0.377523701508887	0.0063451349	-0.0020060164	280.2
0.374144593028887	0.0063225047	-0.0020060262	280.4
0.370761173784443	0.0063000629	-0.0020060417	280.6
0.367373117906665	0.0062774057	-0.0020060351	280.8
0.363980201946665	0.0062554081	-0.0020060218	281
0.360581252779999	0.0062317998	-0.0020060351	281.2
0.357180879104443	0.0062095465	-0.0020060395	281.4
0.353775114646665	0.0061867458	-0.0020060244	281.6
0.350365504948887	0.0061628548	-0.0020060218	281.8
0.346947860284443	0.0061391568	-0.0020060244	282
0.343529908373332	0.0061169259	-0.0020060448	282.2
0.340109088828887	0.0060933041	-0.0020060328	282.4
0.336686891326665	0.0060703195	-0.0020060315	282.6
0.333259265799998	0.0060464868	-0.0020060417	282.8
0.329826724326665	0.0060231836	-0.0020060226	283
0.32639355905111	0.0060005355	-0.0020060373	283.2
0.322956399566665	0.0059764471	-0.0020060342	283.4
0.319519184219998	0.0059527042	-0.002006032	283.6
0.316074148048887	0.0059296702	-0.0020060417	283.8
0.312625555262221	0.0059048371	-0.002006032	284
0.309173722422221	0.005880327	-0.0020060271	284.2
0.30572101439111	0.0058565213	-0.0020060164	284.4
0.302264861475554	0.0058334738	-0.0020060266	284.6
0.298807749577776	0.00580786	-0.0020060218	284.8
0.295349418002221	0.0057840813	-0.0020060218	285
0.291886598762221	0.0057613927	-0.0020060244	285.2
0.288420716366665	0.0057354828	-0.0020060191	285.4
0.284952925317776	0.00571139	-0.0020060333	285.6
0.281482704226665	0.0056854846	-0.0020060382	285.8
0.27800964343111	0.0056608803	-0.0020060231	286
0.274534655359998	0.0056359888	-0.0020060257	286.2
0.271057227937776	0.0056110704	-0.0020060395	286.4
0.267575405955554	0.0055850035	-0.0020060226	286.6
0.264092503955554	0.005559623	-0.0020060191	286.8
0.260605747406665	0.0055348527	-0.0020060266	287
0.257115331828887	0.0055096023	-0.0020060297	287.2
0.253627690782221	0.0054836252	-0.0020060164	287.4
0.25014089699111	0.0054581325	-0.0020060222	287.6
0.24665026727111	0.0054320835	-0.0020060231	287.8
0.243158678568887	0.0054059179	-0.0020060289	288
0.23966459465111	0.0053793126	-0.0020060275	288.2
0.236169598304443	0.0053533399	-0.0020060289	288.4
0.232670877753332	0.0053268512	-0.0020060297	288.6
0.229167120219998	0.0053009817	-0.0020060266	288.8
0.225664889608887	0.0052742104	-0.0020060275	289
0.222159688946665	0.0052471205	-0.0020060231	289.2
0.218651639268887	0.0052194653	-0.0020060213	289.4
0.215141690248887	0.0051921466	-0.0020060218	289.6
0.211629879128887	0.005164976	-0.0020060124	289.8
0.208116131422221	0.0051366479	-0.0020060151	290
0.204603277524443	0.0051096567	-0.0020060155	290.2
0.201086811148887	0.0050822079	-0.0020060218	290.4
0.197572532742221	0.0050527806	-0.0020060209	290.6
0.194055507737776	0.0050240127	-0.0020060231	290.8
0.190538724806665	0.0049950744	-0.0020060213	291
0.18701984701111	0.0049672667	-0.0020060218	291.2
0.183500354722221	0.0049379201	-0.0020060235	291.4
0.179978869986665	0.0049087933	-0.002006024	291.6
0.176456621788887	0.0048795364	-0.002006024	291.8
0.172933824268887	0.0048494899	-0.0020060262	292
0.169408000835554	0.0048198517	-0.0020060342	292.2
0.165878630099998	0.0047889976	-0.0020060222	292.4
0.162351717337776	0.0047584351	-0.0020060178	292.6
0.158828370499998	0.0047260377	-0.0020060204	292.8
0.155304772279998	0.0046946452	-0.0020060155	293
0.151779172297776	0.0046627412	-0.0020060337	293.2
0.14825363749111	0.004630115	-0.002006028	293.4
0.144728409928887	0.0045983232	-0.0020060187	293.6
0.141200947846665	0.0045647727	-0.0020060231	293.8
0.13767175401111	0.0045333264	-0.0020060169	294
0.134143621573332	0.0044994663	-0.0020060253	294.2
0.130615544999998	0.0044637263	-0.0020060195	294.4
0.127086490822221	0.0044289375	-0.0020060297	294.6
0.123558833219998	0.004395369	-0.0020060142	294.8
0.120029918699998	0.0043580005	-0.0020060107	295
0.116505361497776	0.0043213228	-0.0020060218	295.2
0.112987228542221	0.0042861527	-0.0020060235	295.4
0.109462838928887	0.0042482771	-0.0020060071	295.6
0.105939743475554	0.0042100157	-0.0020060164	295.8
0.102413730799998	0.0041721446	-0.0020060222	296
0.0988817257243886	0.0041325776	-0.0020060213	296.2
0.0953508742512803	0.0040928401	-0.0020060129	296.4
0.0918180229918901	0.0040513933	-0.0020060257	296.6
0.0882844212257124	0.0040105027	-0.0020060151	296.8
0.0847549601666646	0.0039693744	-0.0020060142	297
0.0812278463161269	0.0039256977	-0.0020060178	297.2
0.0776972229206873	0.0038828152	-0.002006028	297.4
0.0741694636518493	0.0038383085	-0.0020060178	297.6
0.0706416024599973	0.0037946318	-0.0020060249	297.8
0.0671154343782579	0.0037489047	-0.002006012	298
0.0635871935666635	0.0037021996	-0.0020060222	298.2
0.0600658839105228	0.0036554003	-0.0020060182	298.4
0.0565561204941137	0.0036086638	-0.0020060129	298.6
0.0530360985999955	0.0035624567	-0.0020060107	298.8
0.0495267053461486	0.0035135801	-0.0020060218	299
0.046015608081812	0.003468351	-0.0020060209	299.2
0.0425023690777702	0.0034246429	-0.0020060262	299.4
0.039018610514276	0.003380199	-0.0020060262	299.6
0.0355653531599864	0.003329465	-0.0020060226	299.8
0.0320982976333107	0.0032848775	-0.0020060209	300
0.0285183149999322	0.0032606277	-0.0020060226	300.2
