Calibrated Field (T)	Sample Voltage (V)	Sample Current (A)	Acquisition Time (s)
Teslas	Volts	Amps	Seconds
0.0276535552	0.0068850171	-0.0050130412	0
0.0241660259	0.0068971845	-0.0050129991	0.2
0.0250324615	0.0069395503	-0.005012941	0.4
0.0283934611	0.006982643	-0.0050129046	0.6
0.0315965079	0.007024789	-0.0050128656	0.8
0.034303491	0.0070732699	-0.0050128407	1
0.0372555731	0.0071247164	-0.0050127964	1.2
0.0401862876	0.0071775761	-0.0050127631	1.4
0.0431375318	0.0072353799	-0.005012729	1.6
0.0462165626	0.0072920128	-0.0050127032	1.8
0.049241965	0.0073525488	-0.0050126775	2
0.0522958575	0.0074139284	-0.0050126527	2.2
0.0553895524	0.0074772147	-0.0050126367	2.4
0.0585318482	0.007537522	-0.0050126079	2.6
0.0615476142	0.0076001443	-0.0050125972	2.8
0.0647175621	0.0076662436	-0.0050125684	3
0.0679030121	0.0077301311	-0.0050125516	3.2
0.0710176557	0.0077956965	-0.005012536	3.4
0.0741888605	0.0078573363	-0.0050125174	3.6
0.0771882866	0.0079225069	-0.0050124957	3.8
0.0803875626	0.0079881666	-0.0050124868	4
0.0837632262	0.0080517849	-0.0050124717	4.2
0.0868296879	0.0081193647	-0.0050124487	4.4
0.0901085688	0.0081843873	-0.00501245	4.6
0.0933409437	0.0082483915	-0.0050124336	4.8
0.0966215005	0.0083113099	-0.0050124243	5
0.0997051401	0.008376301	-0.0050124189	5.2
0.1028947797	0.0084413326	-0.0050123906	5.4
0.1063186252	0.0085044484	-0.0050123835	5.6
0.1095849369	0.0085697716	-0.005012379	5.8
0.1128981735	0.0086344442	-0.0050123679	6
0.1161644852	0.0086995969	-0.0050123568	6.2
0.1195493662	0.0087595856	-0.0050123493	6.4
0.1226874723	0.0088227687	-0.0050123427	6.6
0.1258863294	0.0088874234	-0.0050123378	6.8
0.1293793053	0.0089498663	-0.0050123311	7
0.1326963127	0.0090145882	-0.0050123209	7.2
0.1360434862	0.0090775515	-0.0050123125	7.4
0.139400296	0.0091407077	-0.0050123045	7.6
0.1428321019	0.0092017283	-0.0050122983	7.8
0.1460544215	0.0092635251	-0.0050122952	8
0.1493328834	0.0093283638	-0.0050122894	8.2
0.1527982072	0.0093892902	-0.0050122748	8.4
0.1562274993	0.0094516792	-0.0050122659	8.6
0.1596345858	0.0095128658	-0.005012261	8.8
0.1629650004	0.0095731327	-0.0050122571	9
0.1662648299	0.0096354724	-0.0050122562	9.2
0.1697263829	0.0096962687	-0.005012238	9.4
0.1731007896	0.0097587025	-0.0050122429	9.6
0.1765376232	0.0098217421	-0.0050122251	9.8
0.1800339509	0.0098837991	-0.0050122247	10
0.1835235751	0.0099425496	-0.0050122163	10.2
0.1868862506	0.0100022871	-0.0050122109	10.4
0.1902133133	0.0100641646	-0.0050122025	10.6
0.1936983288	0.0101254589	-0.0050122061	10.8
0.1971054153	0.0101867039	-0.0050121874	11
0.2006478301	0.0102475495	-0.0050121825	11.2
0.2040875965	0.010307148	-0.0050121741	11.4
0.2076254026	0.0103666836	-0.0050121763	11.6
0.2108912953	0.0104263762	-0.0050121652	11.8
0.2142577415	0.0104868046	-0.0050121604	12
0.2178022511	0.0105479688	-0.0050121626	12.2
0.2211917408	0.0106077915	-0.0050121564	12.4
0.22478946	0.0106675246	-0.0050121573	12.6
0.2282602304	0.0107281863	-0.0050121382	12.8
0.2319057124	0.0107850614	-0.0050121444	13
0.2352109886	0.0108435786	-0.0050121311	13.2
0.2386272926	0.0109046485	-0.005012124	13.4
0.2421324187	0.010963224	-0.0050121275	13.6
0.2455981615	0.0110226295	-0.0050121098	13.8
0.2490848528	0.0110808237	-0.0050121151	14
0.2525036706	0.011139628	-0.0050121138	14.2
0.2560083778	0.0111990873	-0.005012104	14.4
0.2595206266	0.0112588787	-0.005012093	14.6
0.2629549463	0.0113176157	-0.0050120996	14.8
0.2665103492	0.0113756977	-0.0050120978	15
0.2699719023	0.0114352422	-0.0050120894	15.2
0.2734963012	0.0114914848	-0.0050120788	15.4
0.2768392849	0.0115481221	-0.0050120774	15.6
0.2802924585	0.0116069892	-0.0050120783	15.8
0.2837498217	0.0116642726	-0.005012069	16
0.2871891692	0.0117231667	-0.0050120659	16.2
0.2906595206	0.0117804142	-0.0050120677	16.4
0.2941705124	0.0118382808	-0.0050120783	16.6
0.2975847215	0.0118935273	-0.0050120557	16.8
0.300946978	0.011952058	-0.005012057	17
0.3043917721	0.0120095926	-0.0050120397	17.2
0.3078763686	0.0120668939	-0.0050120317	17.4
0.3113115263	0.0121246349	-0.005012034	17.6
0.3147244785	0.0121803705	-0.0050120286	17.8
0.3182689881	0.0122402471	-0.0050120167	18
0.3218026044	0.0122947937	-0.0050120162	18.2
0.3251120703	0.0123506594	-0.0050120144	18.4
0.3284672042	0.0124084004	-0.0050120176	18.6
0.3319828047	0.0124643558	-0.0050119976	18.8
0.3353605632	0.0125210245	-0.0050120065	19
0.3388455787	0.0125752661	-0.0050119998	19.2
0.3421244596	0.012630544	-0.005011994	19.4
0.345502218	0.0126883793	-0.0050119901	19.6
0.3489780161	0.0127437738	-0.0050119838	19.8
0.352379656	0.0128004471	-0.0050119812	20
0.3557754303	0.0128571293	-0.0050119701	20.2
0.3592017896	0.0129137666	-0.0050119697	20.4
0.3625908603	0.0129679005	-0.0050119723	20.6
0.3658898519	0.0130212492	-0.0050119719	20.8
0.3692525273	0.0130789588	-0.0050119617	21
0.3726483016	0.0131333799	-0.0050119679	21.2
0.3759732695	0.0131890706	-0.0050119524	21.4
0.379351028	0.013243837	-0.005011943	21.6
0.3827430315	0.0132991553	-0.005011947	21.8
0.3860504025	0.0133525983	-0.0050119364	22
0.3893577736	0.0134088633	-0.0050119382	22.2
0.392642939	0.0134629388	-0.0050119346	22.4
0.3960764209	0.0135165074	-0.0050119275	22.6
0.3993896575	0.0135736966	-0.0050119191	22.8
0.4027875267	0.0136280144	-0.0050119142	23
0.406167799	0.0136834135	-0.005011924	23.2
0.4095644112	0.0137346132	-0.005011912	23.4
0.4126991654	0.0137871454	-0.005011908	23.6
0.4159001174	0.013843693	-0.005011908	23.8
0.4193335992	0.0138958753	-0.0050119098	24
0.4225659741	0.0139506104	-0.0050118982	24.2
0.4259269737	0.0140020299	-0.0050118805	24.4
0.429107396	0.0140535706	-0.005011888	24.6
0.432307091	0.014109046	-0.0050118849	24.8
0.4356425332	0.0141635388	-0.0050118738	25
0.4388883152	0.0142169683	-0.0050118778	25.2
0.4421797653	0.0142696665	-0.0050118783	25.4
0.4454372786	0.0143241772	-0.005011865	25.6
0.4487333373	0.0143768081	-0.005011865	25.8
0.4518588742	0.0144276938	-0.0050118699	26
0.4549735177	0.0144831961	-0.005011849	26.2
0.4583273947	0.0145344182	-0.0050118446	26.4
0.461493153	0.014587094	-0.0050118597	26.6
0.4647791564	0.0146398281	-0.0050118401	26.8
0.4679222901	0.0146919206	-0.005011845	27
0.4712196058	0.0147424563	-0.0050118317	27.2
0.4742500358	0.0147946162	-0.005011837	27.4
0.4774916281	0.014847099	-0.0050118326	27.6
0.4807751177	0.0148984468	-0.0050118286	27.8
0.4838926941	0.0149491396	-0.0050118344	28
0.4871531402	0.0150003931	-0.0050118202	28.2
0.4901965583	0.0150544059	-0.005011818	28.4
0.4934536526	0.015102658	-0.0050118193	28.6
0.4964534977	0.0151536782	-0.0050118144	28.8
0.4996041729	0.0152059816	-0.0050118029	29
0.5028223027	0.0152572442	-0.0050118011	29.2
0.505909713	0.01530874	-0.0050118073	29.4
0.5090985148	0.015359011	-0.0050117949	29.6
0.5120857906	0.0154095512	-0.0050117931	29.8
0.5152385607	0.0154629628	-0.0050117878	30
0.5183850462	0.0155133011	-0.0050117701	30.2
0.5215248281	0.0155657705	-0.0050117803	30.4
0.5246507839	0.0156155794	-0.0050117652	30.6
0.5277327476	0.0156666131	-0.0050117608	30.8
0.5307782607	0.0157141788	-0.0050117594	31
0.5336850937	0.0157643556	-0.0050117514	31.2
0.5367226463	0.0158157213	-0.0050117452	31.4
0.539896365	0.0158660103	-0.005011755	31.6
0.542928052	0.0159147604	-0.0050117474	31.8
0.5459999603	0.0159637887	-0.0050117466	32
0.5490425405	0.0160126285	-0.0050117399	32.2
0.5520675239	0.0160601583	-0.0050117244	32.4
0.5550325942	0.0161090924	-0.0050117275	32.6
0.5579884471	0.0161586545	-0.0050117386	32.8
0.5610544898	0.0162061619	-0.0050117315	33
0.5640698368	0.0162560874	-0.0050117142	33.2
0.5670893736	0.0163032628	-0.0050117279	33.4
0.5700716217	0.0163525378	-0.0050117093	33.6
0.5732051191	0.0163991748	-0.0050117053	33.8
0.5759305369	0.0164474044	-0.0050117155	34
0.578974793	0.0164972089	-0.0050117053	34.2
0.5820131836	0.0165440522	-0.0050117093	34.4
0.5849866333	0.0165927664	-0.0050116991	34.6
0.5879537984	0.0166395963	-0.0050117026	34.8
0.5908472244	0.0166869018	-0.0050116969	35
0.5937037807	0.01673759	-0.0050116893	35.2
0.5967668906	0.0167850839	-0.0050116845	35.4
0.5996955103	0.016833668	-0.0050116778	35.6
0.602761553	0.0168827277	-0.0050116685	35.8
0.6056277457	0.0169323482	-0.0050116703	36
0.6086011954	0.0169785186	-0.0050116783	36.2
0.6114342893	0.017026322	-0.0050116707	36.4
0.6142137546	0.0170746728	-0.0050116587	36.6
0.6172475364	0.0171242081	-0.0050116556	36.8
0.6200571678	0.0171724826	-0.0050116539	37
0.6229246174	0.0172193215	-0.005011649	37.2
0.6258473715	0.0172672416	-0.0050116383	37.4
0.6287676117	0.0173143451	-0.0050116587	37.6
0.6315948399	0.0173610449	-0.0050116454	37.8
0.6344354753	0.0174093688	-0.0050116521	38
0.6378170045	0.0174563602	-0.005011633	38.2
0.6406986992	0.0175025082	-0.005011617	38.4
0.6436143307	0.0175483645	-0.0050116281	38.6
0.6465044048	0.0175950508	-0.0050116268	38.8
0.6494137517	0.0176375333	-0.0050116264	39
0.6521680787	0.0176832685	-0.0050116193	39.2
0.6549374887	0.0177281737	-0.0050116148	39.4
0.6578493494	0.0177732045	-0.0050116055	39.6
0.6606355184	0.017818491	-0.0050116011	39.8
0.6635658139	0.0178604441	-0.0050116006	40
0.6661998957	0.0179044969	-0.0050116006	40.2
0.6690170686	0.0179498687	-0.0050115998	40.4
0.6719289293	0.0179933875	-0.0050115864	40.6
0.6746153827	0.0180374717	-0.0050115878	40.8
0.6774983343	0.0180806855	-0.0050115931	41
0.68017976	0.0181236525	-0.0050115878	41.2
0.6831515339	0.0181662561	-0.0050115798	41.4
0.6857252836	0.018207617	-0.0050115714	41.6
0.6884804485	0.0182528632	-0.0050115678	41.8
0.6911392497	0.0182950271	-0.0050115705	42
0.6939099166	0.0183389857	-0.0050115598	42.2
0.6966256981	0.0183817059	-0.0050115652	42.4
0.6994001358	0.0184248121	-0.0050115727	42.6
0.702150692	0.0184665004	-0.0050115452	42.8
0.7047629872	0.0185084401	-0.0050115621	43
0.707382405	0.0185519455	-0.005011535	43.2
0.7102263921	0.0185947869	-0.0050115474	43.4
0.7128956676	0.0186379962	-0.0050115408	43.6
0.715566619	0.0186811068	-0.0050115412	43.8
0.7182648036	0.0187246301	-0.0050115261	44
0.7207497311	0.0187658519	-0.0050115332	44.2
0.7233599315	0.0188073115	-0.0050115217	44.4
0.7261947012	0.0188511983	-0.0050115226	44.6
0.7287160793	0.0188936538	-0.0050115239	44.8
0.7311356471	0.0189366074	-0.0050115261	45
0.7338120451	0.0189771203	-0.005011515	45.2
0.736537044	0.0190206168	-0.005011515	45.4
0.7391635843	0.0190653021	-0.0050115048	45.6
0.7417193182	0.0191067213	-0.0050115141	45.8
0.743999368	0.0191477143	-0.0050115128	46
0.7467587226	0.0191895417	-0.0050115057	46.2
0.749322836	0.019232926	-0.0050115048	46.4
0.7521257638	0.0192731069	-0.0050114827	46.6
0.7542709044	0.0193150466	-0.0050114946	46.8
0.7564939739	0.0193570625	-0.0050114782	47
0.7592026328	0.0193986387	-0.0050114804	47.2
0.7619045882	0.019440668	-0.0050114822	47.4
0.7644167489	0.0194807323	-0.0050114716	47.6
0.7665103558	0.0195223669	-0.0050114778	47.8
0.7692546275	0.0195623953	-0.005011472	48
0.7717965352	0.0196025179	-0.0050114707	48.2
0.7741331464	0.0196436589	-0.005011464	48.4
0.7763578918	0.0196843019	-0.0050114636	48.6
0.7787204792	0.0197249539	-0.0050114538	48.8
0.781432071	0.0197629858	-0.0050114339	49
0.784030959	0.0198041134	-0.0050114556	49.2
0.7864337679	0.0198401219	-0.0050114383	49.4
0.7884352008	0.0198785037	-0.0050114419	49.6
0.7905505943	0.0199168004	-0.005011441	49.8
0.7929923676	0.0199546304	-0.0050114361	50
0.7955841331	0.0199925456	-0.0050114277	50.2
0.7981340014	0.020028765	-0.0050114215	50.4
0.8003843041	0.0200648228	-0.0050114356	50.6
0.8026274843	0.0201025945	-0.0050114166	50.8
0.8049829492	0.0201372436	-0.0050114237	51
0.8070723664	0.0201746519	-0.0050114148	51.2
0.8091534042	0.0202093817	-0.0050114117	51.4
0.8115189244	0.0202443718	-0.0050114099	51.6
0.8136498199	0.0202779755	-0.0050114095	51.8
0.8157673083	0.020312324	-0.0050114006	52
0.8178868915	0.0203471212	-0.0050114011	52.2
0.8202218268	0.0203811332	-0.0050114015	52.4
0.8224348409	0.0204140057	-0.0050113802	52.6
0.824756788	0.0204489957	-0.0050113851	52.8
0.8268520708	0.0204805581	-0.0050113984	53
0.8293923027	0.0205123987	-0.0050113771	53.2
0.831448621	0.020544975	-0.0050113709	53.4
0.8333486625	0.0205785967	-0.0050113775	53.6
0.8351117	0.0206095579	-0.0050113798	53.8
0.8371839393	0.020642399	-0.0050113749	54
0.8398611753	0.0206728801	-0.0050113842	54.2
0.8415060623	0.0207039983	-0.0050113718	54.4
0.8432980089	0.020733497	-0.00501137	54.6
0.8460355769	0.0207648575	-0.0050113656	54.8
0.8472300683	0.0207963212	-0.0050113629	55
0.8499458498	0.0208264075	-0.0050113523	55.2
0.8512253926	0.0208580327	-0.0050113567	55.4
0.8541720281	0.0208860956	-0.0050113594	55.6
0.855357721	0.0209162313	-0.005011354	55.8
0.8571944976	0.0209460799	-0.0050113496	56
0.8600887615	0.0209773821	-0.0050113545	56.2
0.8615178776	0.0210050951	-0.0050113416	56.4
0.8630253417	0.0210349257	-0.0050113421	56.6
0.8651755099	0.0210631681	-0.0050113372	56.8
0.8677857102	0.0210918322	-0.005011323	57
0.8692190161	0.0211202002	-0.0050113372	57.2
0.8705915709	0.0211489047	-0.0050113323	57.4
0.8724723396	0.0211774791	-0.005011327	57.6
0.8747691483	0.0212062106	-0.0050113119	57.8
0.8770135855	0.0212326225	-0.0050113048	58
0.878882623	0.021262305	-0.0050113106	58.2
0.8806850438	0.0212895335	-0.0050113101	58.4
0.8821711402	0.0213167261	-0.0050113035	58.6
0.8837607229	0.0213440936	-0.0050113044	58.8
0.8854420606	0.0213709003	-0.0050112986	59
0.8871435091	0.0214003047	-0.0050112897	59.2
0.8889848944	0.021426582	-0.0050113061	59.4
0.8906997499	0.0214544162	-0.0050112924	59.6
0.8926873567	0.0214797513	-0.0050112897	59.8
0.8946347421	0.0215063068	-0.0050112786	60
0.8963806017	0.0215342172	-0.0050112809	60.2
0.8984193232	0.0215607413	-0.00501128	60.4
0.9000508031	0.0215874493	-0.0050112835	60.6
0.9014774054	0.021611452	-0.0050112684	60.8
0.9026815331	0.0216382004	-0.0050112693	61
0.904021408	0.02166555	-0.0050112742	61.2
0.9058573467	0.0216901269	-0.0050112556	61.4
0.9082019183	0.0217172881	-0.0050112644	61.6
0.9102410588	0.0217419861	-0.0050112596	61.8
0.9110626644	0.0217679853	-0.005011264	62
0.912283551	0.0217930288	-0.005011248	62.2
0.9143909841	0.0218189697	-0.0050112449	62.4
0.9166337453	0.0218445247	-0.0050112511	62.6
0.9172735167	0.0218683703	-0.0050112467	62.8
0.9188153365	0.0218942125	-0.0050112432	63
0.9213417423	0.021919247	-0.005011244	63.2
0.9224767395	0.0219447392	-0.0050112387	63.4
0.9234940054	0.021968208	-0.0050112276	63.6
0.9261490358	0.021994252	-0.0050112432	63.8
0.926961424	0.0220178374	-0.005011229	64
0.9283327219	0.0220431861	-0.0050112312	64.2
0.9307782659	0.0220684898	-0.0050112281	64.4
0.9311406774	0.0220923085	-0.0050112259	64.6
0.9338443086	0.0221165939	-0.0050112285	64.8
0.934346657	0.0221408298	-0.0050112134	65
0.93647043	0.0221654472	-0.0050112192	65.2
0.9374747077	0.0221900017	-0.0050112134	65.4
0.9394375951	0.0222139236	-0.0050112139	65.6
0.9406924185	0.0222380609	-0.005011205	65.8
0.9423955428	0.0222603318	-0.0050111904	66
0.9432498283	0.0222856041	-0.005011197	66.2
0.9455738703	0.0223083685	-0.0050112032	66.4
0.9460954914	0.0223325731	-0.005011193	66.6
0.9488871069	0.022356836	-0.005011197	66.8
0.9490052572	0.0223798157	-0.0050111895	67
0.9515190938	0.0224031095	-0.0050111873	67.2
0.9522472685	0.0224261027	-0.0050111922	67.4
0.9535242975	0.0224487684	-0.0050111806	67.6
0.9558433118	0.0224727352	-0.0050111837	67.8
0.956085897	0.0224959931	-0.0050111922	68
0.9584166425	0.0225184345	-0.0050111864	68.2
0.9596953474	0.022542841	-0.0050111815	68.4
0.9602743678	0.0225656278	-0.0050111651	68.6
0.9630421019	0.0225868175	-0.0050111731	68.8
0.9637845216	0.0226098152	-0.0050111722	69
0.9643346329	0.0226330148	-0.0050111647	69.2
0.9668581059	0.0226546396	-0.0050111642	69.4
0.9679650319	0.0226770586	-0.0050111487	69.6
0.9684497834	0.0226997781	-0.0050111545	69.8
0.9701906153	0.0227229463	-0.0050111589	70
0.9726583649	0.0227425253	-0.0050111505	70.2
0.972779867	0.0227668151	-0.0050111403	70.4
0.9736961604	0.0227888123	-0.0050111549	70.6
0.975749127	0.0228103788	-0.0050111407	70.8
0.977933651	0.0228324209	-0.00501115	71
0.978318268	0.0228519865	-0.0050111478	71.2
0.978933739	0.0228753027	-0.0050111327	71.4
0.9806632586	0.0228964699	-0.0050111389	71.6
0.9829269684	0.0229182608	-0.0050111305	71.8
0.9841239736	0.0229404688	-0.0050111274	72
0.9844826143	0.0229612412	-0.0050111358	72.2
0.9854160856	0.0229820271	-0.0050111287	72.4
0.9870018976	0.023002306	-0.0050111207	72.6
0.9892073702	0.0230240161	-0.0050111207	72.8
0.9907395536	0.0230446539	-0.0050111065	73
0.9912046134	0.0230656237	-0.0050111145	73.2
0.9919981478	0.0230862391	-0.0050111119	73.4
0.9929902753	0.0231079671	-0.0050111141	73.6
0.9944047274	0.0231279813	-0.0050111136	73.8
0.996334097	0.0231479103	-0.0050111065	74
0.9981088657	0.0231682161	-0.0050111123	74.2
0.9995509699	0.0231882527	-0.0050111012	74.4
1.0004589	0.0232104518	-0.0050110986	74.6
1.0010241	0.0232292188	-0.0050110959	74.8
1.0018143	0.0232488112	-0.0050110857	75
1.0028118	0.023268314	-0.0050110822	75.2
1.0039024	0.0232870764	-0.0050110786	75.4
1.0051593	0.0233083468	-0.0050110799	75.6
1.0066559	0.0233272618	-0.0050110724	75.8
1.0081202	0.023347303	-0.0050110839	76
1.0098937	0.0233656527	-0.0050110759	76.2
1.0115164	0.0233829615	-0.0050110808	76.4
1.0126703	0.0234024867	-0.0050110733	76.6
1.0138371	0.0234211998	-0.0050110671	76.8
1.0149063	0.0234406532	-0.0050110595	77
1.0158255	0.0234589311	-0.0050110666	77.2
1.0166526	0.0234784428	-0.0050110657	77.4
1.017669	0.0234963304	-0.0050110635	77.6
1.0186658	0.0235139264	-0.0050110618	77.8
1.0193311	0.0235315583	-0.0050110484	78
1.0204632	0.0235510879	-0.00501106	78.2
1.0215232	0.0235689037	-0.0050110382	78.4
1.0226741	0.0235877514	-0.0050110728	78.6
1.0236809	0.0236043828	-0.0050110462	78.8
1.0247551	0.0236224185	-0.0050110564	79
1.0258076	0.0236397363	-0.0050110516	79.2
1.0269044	0.023658252	-0.0050110382	79.4
1.0280093	0.0236750942	-0.0050110369	79.6
1.029112	0.0236918782	-0.0050110414	79.8
1.0301842	0.0237092453	-0.0050110436	80
1.0314453	0.0237257332	-0.0050110471	80.2
1.0325388	0.0237434278	-0.0050110347	80.4
1.0338556	0.0237605303	-0.0050110356	80.6
1.035048	0.0237781532	-0.0050110307	80.8
1.0361441	0.0237944346	-0.0050110263	81
1.0376109	0.0238106308	-0.0050110236	81.2
1.0387848	0.0238262169	-0.0050110103	81.4
1.0401649	0.0238426464	-0.005011013	81.6
1.0412044	0.0238595425	-0.0050110183	81.8
1.0426205	0.0238754201	-0.0050110014	82
1.0436642	0.0238925316	-0.0050110112	82.2
1.044834	0.0239087098	-0.005011009	82.4
1.0456413	0.0239238158	-0.0050109952	82.6
1.0460632	0.023939025	-0.005011001	82.8
1.0467734	0.0239552929	-0.0050110059	83
1.0472439	0.0239708476	-0.0050109966	83.2
1.0479021	0.023985976	-0.0050109957	83.4
1.0488507	0.0240025446	-0.0050109957	83.6
1.0498528	0.0240176102	-0.005010985	83.8
1.050956	0.0240326758	-0.0050109819	84
1.0523742	0.0240481182	-0.0050109713	84.2
1.0536588	0.0240625378	-0.005010977	84.4
1.0552668	0.024077913	-0.0050109832	84.6
1.0566926	0.0240943828	-0.0050109713	84.8
1.0578548	0.0241078109	-0.0050109784	85
1.0585444	0.024123702	-0.0050109886	85.2
1.0589358	0.0241380408	-0.005010993	85.4
1.0594096	0.0241517201	-0.0050109775	85.6
1.0597745	0.0241663146	-0.0050109739	85.8
1.0605739	0.0241810033	-0.0050109784	86
1.0617613	0.0241951133	-0.0050109766	86.2
1.0632122	0.0242106993	-0.0050109651	86.4
1.0648278	0.0242239748	-0.0050109713	86.6
1.0664827	0.0242378111	-0.0050109513	86.8
1.0674702	0.0242524371	-0.0050109628	87
1.0674493	0.0242659593	-0.0050109509	87.2
1.0677053	0.0242807692	-0.0050109478	87.4
1.068102	0.0242939595	-0.0050109398	87.6
1.0691604	0.0243080425	-0.0050109544	87.8
1.0704152	0.0243209726	-0.0050109482	88
1.0718929	0.0243348807	-0.0050109442	88.2
1.0738168	0.0243483401	-0.0050109482	88.4
1.0747155	0.0243621046	-0.0050109336	88.6
1.0749983	0.0243754205	-0.0050109411	88.8
1.0747867	0.0243884492	-0.0050109362	89
1.0754026	0.0244015812	-0.0050109429	89.2
1.0764886	0.0244145471	-0.0050109353	89.4
1.0781184	0.0244269791	-0.0050109251	89.6
1.0796841	0.0244417307	-0.0050109345	89.8
1.081184	0.0244543826	-0.0050109371	90
1.0808794	0.0244675145	-0.005010934	90.2
1.0810915	0.0244787262	-0.0050109385	90.4
1.0815884	0.024492908	-0.0050109247	90.6
1.0829115	0.0245052234	-0.0050109114	90.8
1.0847445	0.0245165652	-0.0050109136	91
1.0862243	0.0245303387	-0.0050109189	91.2
1.086968	0.0245423894	-0.0050109207	91.4
1.0863278	0.0245541215	-0.0050109123	91.6
1.0866642	0.0245673567	-0.0050109167	91.8
1.0876098	0.0245789901	-0.0050109052	92
1.0891931	0.0245911709	-0.0050109132	92.2
1.0911506	0.0246028851	-0.0050109079	92.4
1.091805	0.0246152723	-0.0050109127	92.6
1.0911648	0.0246284401	-0.0050108972	92.8
1.0915209	0.024638427	-0.0050108976	93
1.0926777	0.0246509353	-0.0050108941	93.2
1.0943515	0.024662977	-0.0050108981	93.4
1.0960664	0.0246750816	-0.0050108892	93.6
1.0961833	0.0246867778	-0.005010891	93.8
1.0956549	0.0246986087	-0.005010887	94
1.0963944	0.0247091025	-0.0050108861	94.2
1.0977984	0.0247214269	-0.0050108777	94.4
1.0999293	0.0247325579	-0.0050108759	94.6
1.1006374	0.0247435094	-0.0050108697	94.8
1.0997202	0.0247555601	-0.005010871	95
1.1002	0.0247663366	-0.0050108693	95.2
1.1014221	0.0247776784	-0.005010867	95.4
1.1035019	0.0247874589	-0.0050108728	95.6
1.1047869	0.0248011023	-0.0050108715	95.8
1.1039188	0.0248098285	-0.0050108786	96
1.103964	0.0248222247	-0.0050108551	96.2
1.1050617	0.0248336652	-0.0050108666	96.4
1.1072911	0.0248443161	-0.005010871	96.6
1.1085476	0.0248529077	-0.0050108666	96.8
1.1076723	0.0248652994	-0.0050108599	97
1.1076857	0.0248760445	-0.0050108546	97.2
1.1087244	0.0248859192	-0.0050108551	97.4
1.1109265	0.0248971355	-0.0050108489	97.6
1.1122446	0.0249068666	-0.0050108506	97.8
1.1113794	0.0249184014	-0.0050108387	98
1.1113141	0.0249279172	-0.0050108458	98.2
1.112607	0.0249393308	-0.0050108413	98.4
1.1144517	0.0249492953	-0.0050108493	98.6
1.1155746	0.0249592418	-0.0050108338	98.8
1.1144735	0.0249697536	-0.0050108356	99
1.1149005	0.0249798751	-0.0050108356	99.2
1.1163974	0.0249909567	-0.0050108475	99.4
1.1185015	0.0250005578	-0.0050108289	99.6
1.1188237	0.0250094635	-0.0050108183	99.8
1.1177021	0.0250200964	-0.0050108413	100
1.1184546	0.0250315684	-0.005010824	100.2
1.120275	0.025039487	-0.0050108236	100.4
1.122129	0.0250503308	-0.0050108333	100.6
1.1208541	0.025058725	-0.0050108285	100.8
1.1210179	0.0250702194	-0.0050108191	101
1.1222689	0.0250795423	-0.0050108191	101.2
1.124717	0.0250883627	-0.00501082	101.4
1.1246307	0.0250991752	-0.0050108245	101.6
1.1237244	0.0251090813	-0.0050108067	101.8
1.1246554	0.0251186958	-0.0050108147	102
1.126801	0.025128436	-0.0050108209	102.2
1.1276645	0.0251369827	-0.0050108156	102.4
1.1264788	0.0251472478	-0.0050107987	102.6
1.1270699	0.0251563868	-0.0050108107	102.8
1.1285703	0.0251649649	-0.0050108041	103
1.1306463	0.0251739558	-0.0050107943	103.2
1.1296416	0.0251841715	-0.0050107908	103.4
1.1294644	0.0251940463	-0.0050108076	103.6
1.1308151	0.0252024943	-0.0050107948	103.8
1.1331698	0.0252127325	-0.0050107823	104
1.1325836	0.0252197628	-0.0050107961	104.2
1.1319883	0.0252308399	-0.0050107956	104.4
1.1334333	0.0252396603	-0.0050107965	104.6
1.1355868	0.0252498626	-0.0050107965	104.8
1.1356916	0.0252579114	-0.0050107814	105
1.1350639	0.0252665433	-0.0050107974	105.2
1.1362526	0.0252749555	-0.0050107872	105.4
1.1385724	0.0252838477	-0.0050107845	105.6
1.1385971	0.0252939647	-0.005010789	105.8
1.1377479	0.0253019192	-0.0050107735	106
1.1389344	0.0253124086	-0.0050107748	106.2
1.1414286	0.0253208342	-0.0050107708	106.4
1.1412388	0.025328228	-0.0050107712	106.6
1.140206	0.0253391167	-0.0050107637	106.8
1.1417855	0.0253470308	-0.0050107606	107
1.143952	0.0253560666	-0.0050107646	107.2
1.1432415	0.0253628098	-0.0050107633	107.4
1.142719	0.0253729806	-0.0050107637	107.6
1.1441858	0.0253817517	-0.0050107575	107.8
1.1463762	0.0253904958	-0.0050107619	108
1.1454088	0.0253992938	-0.0050107548	108.2
1.1452073	0.0254060909	-0.0050107535	108.4
1.1467973	0.0254155214	-0.0050107513	108.6
1.1487933	0.025423974	-0.0050107571	108.8
1.1472732	0.0254333642	-0.0050107495	109
1.1477111	0.0254422564	-0.0050107393	109.2
1.1496777	0.0254500135	-0.00501075	109.4
1.1507394	0.0254575643	-0.005010742	109.6
1.1493928	0.0254662456	-0.005010742	109.8
1.1501755	0.0254752769	-0.005010742	110
1.1527312	0.0254820604	-0.0050107327	110.2
1.1522837	0.0254918634	-0.0050107362	110.4
1.1516167	0.0255006165	-0.0050107415	110.6
1.1529897	0.025508423	-0.0050107322	110.8
1.1553154	0.025516889	-0.0050107238	111
1.1539969	0.0255249377	-0.0050107264	111.2
1.1540099	0.0255338344	-0.0050107304	111.4
1.1563285	0.0255417217	-0.0050107229	111.6
1.1569121	0.0255501024	-0.0050107216	111.8
1.1557402	0.0255581826	-0.0050107194	112
1.1567248	0.0255659666	-0.0050107282	112.2
1.1592659	0.025573975	-0.0050107114	112.4
1.1581581	0.0255818488	-0.0050107087	112.6
1.1579591	0.0255895117	-0.0050107167	112.8
1.1598441	0.0255984936	-0.0050107118	113
1.16122	0.0256059053	-0.0050107083	113.2
1.1597138	0.0256151743	-0.0050107034	113.4
1.1606565	0.0256220701	-0.0050107016	113.6
1.1629654	0.0256299752	-0.00501071	113.8
1.1626357	0.0256386745	-0.0050106989	114
1.1618556	0.0256461804	-0.0050107114	114.2
1.163847	0.0256549201	-0.0050107145	114.4
1.1654566	0.0256621927	-0.0050106998	114.6
1.1635474	0.0256707394	-0.005010714	114.8
1.1644884	0.0256771999	-0.0050107047	115
1.1670877	0.0256865767	-0.0050106994	115.2
1.1660591	0.0256941588	-0.0050106989	115.4
1.1656762	0.0257014897	-0.0050106865	115.6
1.1677979	0.0257096865	-0.0050106976	115.8
1.1687971	0.0257177622	-0.0050107052	116
1.1671644	0.0257256898	-0.0050106883	116.2
1.1684795	0.025732617	-0.0050106817	116.4
1.1709033	0.0257408138	-0.005010675	116.6
1.1691997	0.0257484497	-0.0050106799	116.8
1.1695249	0.0257563101	-0.0050106803	117
1.1720689	0.0257641749	-0.0050106852	117.2
1.171621	0.0257714474	-0.005010675	117.4
1.1709904	0.0257781817	-0.0050106865	117.6
1.1729927	0.0257872443	-0.0050106839	117.8
1.1741482	0.0257932024	-0.0050106679	118
1.1725486	0.025802144	-0.0050106785	118.2
1.1741017	0.0258083891	-0.005010663	118.4
1.1761249	0.025816227	-0.0050106683	118.6
1.1742605	0.0258244373	-0.0050106706	118.8
1.1750897	0.0258312208	-0.0050106675	119
1.177818	0.025839624	-0.0050106586	119.2
1.1763541	0.0258466274	-0.0050106612	119.4
1.1765293	0.0258542724	-0.0050106723	119.6
1.1792052	0.0258622538	-0.0050106746	119.8
1.1783304	0.0258699975	-0.0050106595	120
1.1778256	0.0258771893	-0.0050106621	120.2
1.1801253	0.0258846907	-0.0050106692	120.4
1.1802531	0.0258906174	-0.0050106515	120.6
1.179336	0.0258987603	-0.0050106617	120.8
1.1813022	0.0259065668	-0.0050106701	121
1.1825327	0.0259133279	-0.0050106661	121.2
1.1807831	0.0259210985	-0.0050106573	121.4
1.1828214	0.0259286403	-0.0050106644	121.6
1.1838554	0.0259360026	-0.0050106457	121.8
1.1822985	0.0259423958	-0.005010655	122
1.1842094	0.0259509246	-0.0050106391	122.2
1.1852104	0.0259579191	-0.005010628	122.4
1.1838219	0.0259647789	-0.0050106395	122.6
1.1854102	0.0259711721	-0.00501064	122.8
1.187149	0.0259790504	-0.0050106435	123
1.1852598	0.0259854257	-0.0050106457	123.2
1.1868561	0.0259937795	-0.0050106391	123.4
1.1886966	0.0260003746	-0.0050106315	123.6
1.1867962	0.0260075665	-0.0050106284	123.8
1.1882907	0.0260135559	-0.0050106329	124
1.1900558	0.0260229506	-0.0050106351	124.2
1.1882341	0.0260289939	-0.0050106369	124.4
1.1898978	0.0260361633	-0.0050106262	124.6
1.1915004	0.0260431891	-0.0050106382	124.8
1.1897164	0.0260500579	-0.0050106222	125
1.1913693	0.0260571466	-0.005010628	125.2
1.1932387	0.0260641545	-0.0050106249	125.4
1.1910622	0.026072782	-0.0050106173	125.6
1.1930669	0.0260773402	-0.0050106262	125.8
1.1942137	0.0260852185	-0.0050106089	126
1.192679	0.0260922623	-0.0050106165	126.2
1.1950965	0.0260982697	-0.0050106116	126.4
1.1947604	0.0261068343	-0.0050106191	126.6
1.1940821	0.0261126623	-0.0050106138	126.8
1.1966207	0.026120222	-0.0050106156	127
1.1959361	0.0261268127	-0.0050106165	127.2
1.195613	0.0261345698	-0.005010616	127.4
1.1983963	0.0261413488	-0.0050106027	127.6
1.1969667	0.0261471409	-0.0050106187	127.8
1.1972592	0.0261557415	-0.0050105969	128
1.2000751	0.0261611387	-0.0050106036	128.2
1.1977972	0.0261684831	-0.0050106138	128.4
1.1991081	0.0261743783	-0.0050106133	128.6
1.2011364	0.0261822566	-0.0050106169	128.8
1.199163	0.026187748	-0.0050106058	129
1.2013672	0.0261953347	-0.0050105925	129.2
1.2015164	0.0262033789	-0.0050105961	129.4
1.2007287	0.0262093819	-0.0050106018	129.6
1.2035656	0.0262150258	-0.0050105965	129.8
1.2019819	0.0262224869	-0.005010585	130
1.2024059	0.0262294005	-0.005010589	130.2
1.2051124	0.0262372025	-0.0050105841	130.4
1.2028772	0.0262424831	-0.0050105827	130.6
1.2046763	0.0262494596	-0.005010577	130.8
1.2057455	0.0262561758	-0.0050105774	131
1.2041961	0.0262626229	-0.0050105819	131.2
1.2068763	0.0262701109	-0.0050105783	131.4
1.2056244	0.026275046	-0.005010581	131.6
1.2061481	0.0262842881	-0.0050105703	131.8
1.2088794	0.0262883439	-0.0050105601	132
1.2064917	0.0262953114	-0.0050105668	132.2
1.2082199	0.0263032301	-0.0050105694	132.4
1.2089946	0.0263095201	-0.0050105601	132.6
1.2079857	0.0263172503	-0.0050105779	132.8
1.2109353	0.0263227507	-0.0050105792	133
1.2088241	0.0263287851	-0.0050105668	133.2
1.2100488	0.0263357571	-0.0050105681	133.4
1.2119723	0.0263405576	-0.005010565	133.6
1.2100002	0.0263491671	-0.0050105623	133.8
1.2120682	0.026355179	-0.0050105677	134
1.2116748	0.0263621241	-0.0050105592	134.2
1.2118005	0.0263685532	-0.0050105517	134.4
1.2145347	0.026374601	-0.0050105539	134.6
1.2122429	0.0263819454	-0.0050105686	134.8
1.2142196	0.0263888187	-0.0050105517	135
1.2144563	0.0263937314	-0.0050105637	135.2
1.213848	0.0263998913	-0.0050105513	135.4
1.216736	0.0264065851	-0.0050105473	135.6
1.2144413	0.0264135078	-0.0050105513	135.8
1.2163011	0.0264186538	-0.0050105455	136
1.2168613	0.0264256437	-0.0050105521	136.2
1.2160082	0.0264320863	-0.005010561	136.4
1.2189997	0.0264390987	-0.0050105561	136.6
1.2165713	0.0264445318	-0.0050105415	136.8
1.2188074	0.0264528452	-0.0050105495	137
1.218352	0.026458063	-0.0050105415	137.2
1.2183348	0.0264648241	-0.0050105388	137.4
1.2210342	0.0264713475	-0.0050105313	137.6
1.2187915	0.0264776869	-0.0050105433	137.8
1.2214624	0.0264847621	-0.0050105264	138
1.2199784	0.0264897824	-0.0050105273	138.2
1.2207581	0.0264957495	-0.005010534	138.4
1.2226875	0.026502883	-0.005010522	138.6
1.2208909	0.0265084058	-0.0050105246	138.8
1.2240005	0.0265157233	-0.0050105295	139
1.2217431	0.0265210936	-0.0050105353	139.2
1.2235296	0.0265277784	-0.0050105264	139.4
1.2239482	0.0265332923	-0.0050105198	139.6
1.2232552	0.0265405201	-0.0050105207	139.8
1.2260895	0.0265456481	-0.0050105149	140
1.2237647	0.0265520907	-0.005010518	140.2
1.2265479	0.0265590851	-0.0050105082	140.4
1.2249315	0.0265645093	-0.0050105136	140.6
1.2262307	0.0265706243	-0.0050105255	140.8
1.2269723	0.0265730246	-0.0050105198	141
1.2260535	0.0265742763	-0.0050105069	141.2
1.2283361	0.0265731323	-0.005010514	141.4
1.2258453	0.0265744603	-0.005010514	141.6
1.228303	0.0265742225	-0.0050105096	141.8
1.2257527	0.0265743975	-0.0050105056	142
1.2271617	0.0265726792	-0.0050105065	142.2
1.2267859	0.0265732579	-0.0050105171	142.4
1.2261524	0.0265726926	-0.0050104998	142.6
1.2284069	0.0265724952	-0.0050105056	142.8
1.2257996	0.0265748057	-0.0050105078	143
1.2284228	0.0265742988	-0.0050104994	143.2
1.2257108	0.026573056	-0.0050104967	143.4
1.2274349	0.0265736796	-0.005010506	143.6
1.2263908	0.0265739443	-0.0050105002	143.8
1.2263225	0.0265730336	-0.0050104914	144
1.2279565	0.0265731502	-0.0050104967	144.2
1.2258076	0.0265720959	-0.0050104963	144.4
1.2284333	0.0265730067	-0.0050104909	144.6
1.2256002	0.0265728093	-0.0050105034	144.8
1.2272438	0.0265718806	-0.0050104821	145
1.2261905	0.0265722305	-0.0050104785	145.2
1.2264168	0.0265730112	-0.005010479	145.4
1.2275719	0.0265722843	-0.0050105007	145.6
1.2257137	0.0265716832	-0.0050104869	145.8
1.2284848	0.0265711223	-0.0050104838	146
1.2255683	0.0265706064	-0.0050104861	146.2
1.2276113	0.0265723516	-0.0050104803	146.4
1.2264122	0.0265699962	-0.0050104892	146.6
1.2264775	0.0265713556	-0.0050104701	146.8
1.2280239	0.0265698482	-0.0050104834	147
1.2257016	0.0265704987	-0.0050104754	147.2
1.2284023	0.02657075	-0.0050104701	147.4
1.2254481	0.0265701308	-0.0050104878	147.6
1.2275685	0.0265706378	-0.0050104781	147.8
1.2260502	0.0265696867	-0.0050104705	148
1.2262601	0.0265698616	-0.0050104643	148.2
1.2275467	0.026570243	-0.0050104754	148.4
1.2256555	0.0265695655	-0.0050104683	148.6
1.2283139	0.026570077	-0.0050104594	148.8
1.225508	0.0265691618	-0.0050104621	149
1.2276946	0.0265699469	-0.005010459	149.2
1.2259605	0.0265692111	-0.0050104674	149.4
1.2262471	0.0265687445	-0.0050104515	149.6
1.2273423	0.0265683273	-0.0050104688	149.8
1.2256169	0.0265691169	-0.0050104657	150
1.2256169	0.0265696283	-0.0050104643	150.2
1.2253744	0.0265694399	-0.0050104617	150.4
1.2272195	0.026569229	-0.0050104444	150.6
1.2262186	0.0265688701	-0.0050104577	150.8
1.2261172	0.0265689823	-0.0050104453	151
1.227266	0.0265678921	-0.0050104555	151.2
1.225464	0.0265681478	-0.0050104479	151.4
1.2282699	0.0265683632	-0.0050104497	151.6
1.225314	0.0265684529	-0.0050104488	151.8
1.2270264	0.0265686099	-0.0050104364	152
1.225914	0.0265685381	-0.0050104479	152.2
1.2259936	0.0265677979	-0.0050104377	152.4
1.2279024	0.0265670576	-0.005010455	152.6
1.2254506	0.0265676543	-0.0050104501	152.8
1.2280545	0.026567596	-0.005010447	153
1.2252407	0.0265674973	-0.0050104417	153.2
1.226542	0.0265669051	-0.0050104426	153.4
1.2263493	0.0265665506	-0.0050104488	153.6
1.2256953	0.02656743	-0.0050104284	153.8
1.2277541	0.0265665641	-0.0050104364	154
1.2252441	0.0265652361	-0.0050104457	154.2
1.227747	0.0265670621	-0.0050104386	154.4
1.2252051	0.0265664699	-0.0050104395	154.6
1.2265081	0.0265663577	-0.005010443	154.8
1.2266711	0.0265664026	-0.005010428	155
1.2255734	0.0265668512	-0.0050104355	155.2
1.2279158	0.0265657879	-0.0050104204	155.4
1.2251284	0.0265670666	-0.0050104293	155.6
1.2273544	0.0265660212	-0.0050104195	155.8
1.2257615	0.0265660078	-0.0050104222	156
1.2261922	0.0265669454	-0.0050104346	156.2
1.2269853	0.0265649983	-0.0050104204	156.4
1.2253207	0.0265656399	-0.0050104253	156.6
1.2279184	0.0265654514	-0.0050104231	156.8
1.2251175	0.0265651329	-0.0050104271	157
1.2267595	0.0265648996	-0.0050104262	157.2
1.2257728	0.0265643926	-0.0050104115	157.4
1.2256496	0.0265639709	-0.005010424	157.6
1.2276783	0.0265646214	-0.005010424	157.8
1.2251037	0.0265641145	-0.0050104195	158
1.2277705	0.0265641907	-0.00501042	158.2
1.2251946	0.0265645003	-0.0050104266	158.4
1.2264067	0.0265647112	-0.0050104155	158.6
1.2265588	0.0265635716	-0.00501042	158.8
1.2253597	0.0265638049	-0.0050104164	159
1.2278442	0.0265640113	-0.0050104142	159.2
1.2249633	0.0265645048	-0.0050104266	159.4
1.2268709	0.0265637152	-0.0050104111	159.6
1.2253618	0.026563105	-0.0050104049	159.8
1.2256731	0.0265555722	-0.0050104111	160
1.2268956	0.0265378955	-0.0050104031	160.2
1.2233633	0.0265305915	-0.0050104111	160.4
1.2256308	0.0265260287	-0.0050104115	160.6
1.2226523	0.0265193798	-0.0050104058	160.8
1.2232879	0.0265128654	-0.0050104005	161
1.2231647	0.0265076611	-0.005010404	161.2
1.2214285	0.0265010839	-0.0050104	161.4
1.2238208	0.0264960411	-0.0050103982	161.6
1.2204925	0.026489262	-0.0050104053	161.8
1.2216396	0.0264835328	-0.0050103925	162
1.220927	0.0264756859	-0.005010392	162.2
1.2196675	0.0264719935	-0.0050103916	162.4
1.2216455	0.0264653221	-0.0050103987	162.6
1.2184274	0.0264590186	-0.0050103774	162.8
1.2199315	0.0264531593	-0.0050103934	163
1.218476	0.0264473807	-0.0050103849	163.2
1.2174612	0.0264399601	-0.0050103907	163.4
1.2196273	0.0264338854	-0.0050103916	163.6
1.2163618	0.0264279542	-0.0050103805	163.8
1.2173519	0.0264220949	-0.005010388	164
1.2169011	0.0264150556	-0.0050103947	164.2
1.2154137	0.026409443	-0.0050103792	164.4
1.2174093	0.0264035747	-0.0050103832	164.6
1.2143336	0.0263971949	-0.0050103818	164.8
1.21474	0.026389716	-0.0050103858	165
1.2156001	0.0263842245	-0.0050103805	165.2
1.2129954	0.0263776877	-0.0050103809	165.4
1.2145858	0.0263720931	-0.0050103743	165.6
1.2130063	0.026366485	-0.0050103876	165.8
1.2120095	0.0263588849	-0.0050103858	166
1.2141069	0.0263541202	-0.0050103783	166.2
1.2109722	0.0263463182	-0.0050103836	166.4
1.2116279	0.0263409479	-0.0050103898	166.6
1.2126187	0.0263343169	-0.0050103898	166.8
1.2096059	0.0263274301	-0.0050103854	167
1.2112101	0.0263210145	-0.0050103796	167.2
1.2097743	0.0263133246	-0.0050103858	167.4
1.2085777	0.0263099508	-0.0050103787	167.6
1.2105582	0.0263024943	-0.0050103769	167.8
1.2077687	0.0262965632	-0.005010373	168
1.2077364	0.0262920946	-0.0050103738	168.2
1.2092033	0.0262832607	-0.0050103787	168.4
1.2060694	0.0262774373	-0.0050103716	168.6
1.2070477	0.0262706851	-0.0050103716	168.8
1.207108	0.0262654225	-0.0050103716	169
1.2047513	0.0262573423	-0.0050103787	169.2
1.2062483	0.0262507741	-0.0050103849	169.4
1.2056269	0.026244004	-0.005010365	169.6
1.2035279	0.0262366955	-0.0050103778	169.8
1.2051769	0.0262314867	-0.0050103614	170
1.2039669	0.0262249948	-0.0050103778	170.2
1.202356	0.0262188349	-0.0050103685	170.4
1.2040579	0.0262121096	-0.0050103721	170.6
1.2017992	0.0262049043	-0.0050103628	170.8
1.2011041	0.0261995744	-0.0050103623	171
1.2030138	0.0261932709	-0.0050103641	171.2
1.200316	0.0261850382	-0.0050103752	171.4
1.1997357	0.0261774022	-0.0050103694	171.6
1.2015394	0.0261722114	-0.0050103548	171.8
1.1989447	0.026166029	-0.0050103592	172
1.1986548	0.0261577425	-0.0050103521	172.2
1.2003784	0.0261523318	-0.0050103632	172.4
1.197475	0.0261447003	-0.0050103632	172.6
1.1969492	0.0261397068	-0.0050103543	172.8
1.1989736	0.0261318599	-0.0050103645	173
1.1965109	0.0261245649	-0.0050103561	173.2
1.1954731	0.0261189209	-0.0050103548	173.4
1.1975462	0.0261127789	-0.0050103548	173.6
1.1951082	0.0261055288	-0.0050103512	173.8
1.1941814	0.0260989606	-0.0050103432	174
1.1959176	0.0260917329	-0.0050103446	174.2
1.1942145	0.0260865061	-0.0050103441	174.4
1.192692	0.0260770576	-0.0050103397	174.6
1.1937436	0.026071943	-0.0050103441	174.8
1.1935416	0.0260644416	-0.0050103472	175
1.1912055	0.0260592507	-0.0050103401	175.2
1.1921197	0.0260507085	-0.0050103557	175.4
1.1926404	0.0260432475	-0.0050103357	175.6
1.1897571	0.026037756	-0.0050103357	175.8
1.1901589	0.0260307661	-0.0050103486	176
1.1915809	0.0260232961	-0.005010337	176.2
1.188674	0.0260173739	-0.0050103397	176.4
1.1881625	0.0260102584	-0.0050103419	176.6
1.1901522	0.0260029454	-0.0050103339	176.8
1.1875834	0.0259953049	-0.0050103304	177
1.1865096	0.0259883419	-0.0050103171	177.2
1.1876396	0.0259823076	-0.0050103313	177.4
1.187301	0.0259747434	-0.0050103397	177.6
1.1849527	0.0259677086	-0.0050103259	177.8
1.1855858	0.0259615531	-0.0050103264	178
1.1866617	0.0259545049	-0.0050103335	178.2
1.183744	0.0259471919	-0.0050103295	178.4
1.1835269	0.0259404308	-0.0050103419	178.6
1.1850013	0.025931902	-0.0050103295	178.8
1.1835341	0.0259254773	-0.0050103166	179
1.1815594	0.0259176439	-0.005010333	179.2
1.1821171	0.0259106226	-0.0050103251	179.4
1.1833497	0.0259030718	-0.0050103375	179.6
1.1805342	0.0258961178	-0.005010329	179.8
1.1798697	0.0258903123	-0.0050103304	180
1.1812377	0.0258811329	-0.005010318	180.2
1.1805191	0.0258741834	-0.0050103251	180.4
1.1780841	0.0258675075	-0.0050103113	180.6
1.1782315	0.025859692	-0.0050103259	180.8
1.1796686	0.0258518272	-0.0050103322	181
1.1776714	0.0258452007	-0.005010318	181.2
1.1761358	0.0258377307	-0.0050103135	181.4
1.1769926	0.0258293589	-0.005010318	181.6
1.1778184	0.0258233112	-0.0050103357	181.8
1.1751404	0.0258141184	-0.0050103144	182
1.174232	0.0258083308	-0.0050103206	182.2
1.1750415	0.0258006051	-0.0050103166	182.4
1.1754634	0.0257923634	-0.005010314	182.6
1.1726093	0.0257856427	-0.0050103144	182.8
1.1723487	0.0257782086	-0.0050103206	183
1.1734703	0.0257709764	-0.0050103078	183.2
1.173237	0.0257634301	-0.0050103162	183.4
1.170496	0.0257548923	-0.0050103184	183.6
1.1703561	0.0257484632	-0.0050103055	183.8
1.1716922	0.0257399658	-0.0050103126	184
1.170796	0.0257334694	-0.005010302	184.2
1.1684108	0.0257248374	-0.0050103055	184.4
1.168286	0.0257168425	-0.0050103078	184.6
1.1694708	0.025710521	-0.0050103051	184.8
1.1688143	0.0257030107	-0.0050103126	185
1.1663403	0.0256962765	-0.0050103024	185.2
1.1661572	0.0256880752	-0.005010306	185.4
1.1674987	0.0256804571	-0.0050103095	185.6
1.1669339	0.0256722379	-0.0050103193	185.8
1.1641658	0.025664898	-0.0050103175	186
1.163878	0.0256576209	-0.0050103104	186.2
1.1648395	0.0256490607	-0.0050103002	186.4
1.1649652	0.0256412677	-0.005010294	186.6
1.1624664	0.0256330485	-0.0050102958	186.8
1.1615267	0.0256268661	-0.0050103073	187
1.1619402	0.0256180457	-0.00501029	187.2
1.1630517	0.0256105129	-0.0050103109	187.4
1.1612724	0.0256023565	-0.0050102896	187.6
1.1592764	0.0255937424	-0.0050102905	187.8
1.1590225	0.0255861647	-0.0050103011	188
1.1603875	0.0255788338	-0.0050103002	188.2
1.160196	0.0255714356	-0.0050102998	188.4
1.1574073	0.0255629652	-0.0050102843	188.6
1.1566494	0.0255534942	-0.00501029	188.8
1.1570713	0.0255470202	-0.0050102927	189
1.1580207	0.0255382087	-0.0050102922	189.2
1.1560809	0.0255298056	-0.0050102865	189.4
1.1543346	0.025521869	-0.0050102794	189.6
1.1539592	0.0255139234	-0.0050103033	189.8
1.1548868	0.0255060362	-0.005010294	190
1.1553473	0.025497817	-0.0050102856	190.2
1.1527689	0.0254902886	-0.0050102754	190.4
1.1514697	0.0254818002	-0.0050102878	190.6
1.1514324	0.0254729529	-0.00501029	190.8
1.1524103	0.0254651733	-0.0050102927	191
1.1522594	0.0254561286	-0.0050102927	191.2
1.1502982	0.0254489996	-0.005010286	191.4
1.1486496	0.025439394	-0.0050102856	191.6
1.1488109	0.0254323009	-0.0050102927	191.8
1.1497142	0.0254221255	-0.0050102816	192
1.14942	0.0254154093	-0.0050102789	192.2
1.1468308	0.0254055345	-0.0050102811	192.4
1.1457075	0.0253987644	-0.005010282	192.6
1.145586	0.0253908592	-0.005010286	192.8
1.1464952	0.0253811864	-0.0050102714	193
1.1465191	0.0253734023	-0.0050102874	193.2
1.1443689	0.0253648601	-0.0050102816	193.4
1.1427697	0.0253566543	-0.0050102829	193.6
1.1425979	0.0253466315	-0.0050102749	193.8
1.1431778	0.0253388116	-0.0050102612	194
1.1436093	0.0253308391	-0.0050102816	194.2
1.1420289	0.0253211977	-0.0050102798	194.4
1.1398222	0.0253128573	-0.0050102709	194.6
1.1393274	0.0253031934	-0.0050102825	194.8
1.1394451	0.0252954811	-0.0050102683	195
1.1401511	0.0252864543	-0.0050102603	195.2
1.1399777	0.0252772032	-0.0050102678	195.4
1.1373272	0.0252687686	-0.0050102692	195.6
1.1361319	0.0252585664	-0.0050102745	195.8
1.1357875	0.0252512534	-0.0050102647	196
1.1361658	0.0252414549	-0.0050102612	196.2
1.1368211	0.0252331908	-0.0050102585	196.4
1.1353074	0.0252241775	-0.0050102829	196.6
1.1332862	0.025214056	-0.0050102692	196.8
1.1323905	0.0252051548	-0.0050102678	197
1.1320737	0.0251951814	-0.0050102723	197.2
1.1330365	0.025188326	-0.0050102696	197.4
1.1331509	0.025178366	-0.0050102652	197.6
1.1311055	0.0251688637	-0.0050102607	197.8
1.1293303	0.0251592536	-0.0050102678	198
1.1286578	0.0251505902	-0.0050102754	198.2
1.1287064	0.0251406078	-0.0050102612	198.4
1.1288946	0.0251312176	-0.0050102536	198.6
1.1291606	0.0251223613	-0.0050102727	198.8
1.127623	0.0251127871	-0.0050102701	199
1.1256986	0.0251026567	-0.005010263	199.2
1.1246453	0.0250947156	-0.0050102665	199.4
1.1244153	0.0250835532	-0.0050102727	199.6
1.1246688	0.0250747418	-0.0050102701	199.8
1.1250509	0.0250642658	-0.0050102581	200
1.1240655	0.0250545212	-0.0050102603	200.2
1.1219396	0.0250446868	-0.0050102643	200.4
1.1206764	0.0250353505	-0.0050102665	200.6
1.1200924	0.0250263775	-0.0050102528	200.8
1.1201577	0.0250156189	-0.0050102612	201
1.1206094	0.0250068658	-0.0050102723	201.2
1.1204644	0.0249949183	-0.0050102545	201.4
1.1188367	0.0249859139	-0.005010251	201.6
1.1169019	0.0249764654	-0.0050102568	201.8
1.1158557	0.0249660074	-0.0050102505	202
1.1155046	0.0249556167	-0.0050102488	202.2
1.1156454	0.0249447998	-0.0050102395	202.4
1.1158054	0.0249356878	-0.0050102457	202.6
1.1155717	0.0249251042	-0.0050102599	202.8
1.1137148	0.0249155569	-0.0050102457	203
1.111896	0.0249046368	-0.0050102536	203.2
1.1108867	0.0248941205	-0.0050102452	203.4
1.1104694	0.0248830434	-0.005010239	203.6
1.1104133	0.0248724733	-0.0050102279	203.8
1.1106814	0.0248637157	-0.0050102488	204
1.1105193	0.0248522751	-0.0050102474	204.2
1.109321	0.024841373	-0.0050102505	204.4
1.1074419	0.0248312066	-0.0050102448	204.6
1.1058641	0.0248194924	-0.0050102372	204.8
1.105099	0.0248088953	-0.005010243	205
1.1045623	0.0247970869	-0.0050102479	205.2
1.1044069	0.0247879076	-0.0050102417	205.4
1.1044923	0.0247768843	-0.0050102381	205.6
1.1044911	0.0247650893	-0.0050102434	205.8
1.1029128	0.0247545057	-0.0050102421	206
1.1012361	0.0247417058	-0.0050102483	206.2
1.0998908	0.0247325982	-0.0050102403	206.4
1.099005	0.0247198073	-0.005010235	206.6
1.0984147	0.0247091743	-0.0050102448	206.8
1.098222	0.0246978101	-0.005010231	207
1.0983259	0.0246861093	-0.0050102332	207.2
1.0982195	0.0246763153	-0.005010239	207.4
1.0974083	0.0246627213	-0.0050102364	207.6
1.0956549	0.0246517653	-0.0050102253	207.8
1.0938546	0.0246390327	-0.0050102315	208
1.0927314	0.02462831	-0.0050102403	208.2
1.0919525	0.0246174841	-0.0050102346	208.4
1.0915063	0.0246046976	-0.0050102337	208.6
1.0911573	0.024594455	-0.005010239	208.8
1.0909193	0.02458052	-0.0050102266	209
1.0908556	0.0245708606	-0.0050102368	209.2
1.0901978	0.0245569615	-0.0050102395	209.4
1.0890792	0.0245452383	-0.0050102128	209.6
1.0872876	0.0245319045	-0.0050102137	209.8
1.0856842	0.0245197237	-0.0050102275	210
1.0845057	0.0245077582	-0.0050102235	210.2
1.0836514	0.0244952634	-0.0050102284	210.4
1.082955	0.0244828986	-0.0050102173	210.6
1.0826308	0.0244707089	-0.0050102262	210.8
1.082477	0.0244567335	-0.0050102257	211
1.0820698	0.0244458224	-0.0050102186	211.2
1.0815377	0.0244316899	-0.0050102213	211.4
1.0807274	0.0244193746	-0.0050102262	211.6
1.0794897	0.0244054037	-0.0050102204	211.8
1.0782274	0.0243930255	-0.005010231	212
1.0766126	0.0243803377	-0.0050102226	212.2
1.0751626	0.0243669141	-0.0050102319	212.4
1.0740301	0.0243552134	-0.0050102204	212.6
1.0732772	0.024340085	-0.0050102235	212.8
1.0725943	0.0243265089	-0.0050102111	213
1.0719034	0.0243126726	-0.0050102155	213.2
1.0714237	0.024300245	-0.0050102044	213.4
1.0707504	0.02428749	-0.0050102253	213.6
1.0707487	0.02427303	-0.0050102204	213.8
1.0700017	0.0242581394	-0.0050102044	214
1.0691616	0.0242447024	-0.0050102186	214.2
1.067875	0.0242312115	-0.0050102155	214.4
1.0666009	0.024218111	-0.0050102239	214.6
1.065191	0.0242038261	-0.0050102168	214.8
1.0639509	0.0241912011	-0.005010208	215
1.0627057	0.0241753907	-0.0050102168	215.2
1.0613872	0.0241618416	-0.0050102084	215.4
1.0603506	0.0241469285	-0.0050102146	215.6
1.0593028	0.0241330563	-0.0050102115	215.8
1.0584703	0.024118233	-0.0050102204	216
1.0576101	0.0241031404	-0.0050102239	216.2
1.0567533	0.0240889676	-0.0050102195	216.4
1.0558643	0.0240738931	-0.0050102111	216.6
1.0551181	0.0240601196	-0.0050102142	216.8
1.0544041	0.0240448162	-0.0050102062	217
1.0533006	0.0240288533	-0.0050102004	217.2
1.0527932	0.0240149048	-0.0050102044	217.4
1.0520914	0.02399874	-0.0050102009	217.6
1.0511822	0.0239843564	-0.0050102133	217.8
1.0503895	0.0239684473	-0.0050102	218
1.0495943	0.0239526549	-0.0050102084	218.2
1.0485934	0.023938186	-0.005010208	218.4
1.0476901	0.0239219629	-0.0050102	218.6
1.0466917	0.0239079561	-0.0050102062	218.8
1.0456715	0.0238920201	-0.0050102159	219
1.0447296	0.0238753618	-0.0050102031	219.2
1.0436043	0.0238597129	-0.005010196	219.4
1.0425162	0.023842099	-0.0050102084	219.6
1.0415949	0.0238278141	-0.005010196	219.8
1.0405638	0.0238113352	-0.0050102102	220
1.0395063	0.0237953454	-0.0050101978	220.2
1.0383776	0.0237783596	-0.0050102009	220.4
1.0374001	0.0237621185	-0.0050101947	220.6
1.0362681	0.0237440963	-0.0050101942	220.8
1.0352768	0.0237294031	-0.005010196	221
1.0339775	0.0237136376	-0.0050101911	221.2
1.0328756	0.0236952385	-0.0050101973	221.4
1.0317034	0.023678652	-0.0050101907	221.6
1.0302495	0.0236606029	-0.0050101987	221.8
1.0290705	0.0236438414	-0.0050101831	222
1.0277952	0.0236267659	-0.0050102	222.2
1.0265362	0.0236079271	-0.0050101947	222.4
1.024983	0.0235920809	-0.0050102084	222.6
1.0239591	0.0235748348	-0.0050101991	222.8
1.0224101	0.0235571536	-0.0050101991	223
1.0212039	0.0235395352	-0.0050102026	223.2
1.0201975	0.0235213605	-0.0050102044	223.4
1.0190512	0.0235030108	-0.0050102035	223.6
1.0179992	0.0234852667	-0.0050102009	223.8
1.0170481	0.0234685815	-0.0050101916	224
1.016503	0.0234487827	-0.0050102022	224.2
1.0160924	0.023431429	-0.0050101889	224.4
1.0152185	0.0234120788	-0.0050102026	224.6
1.0140897	0.0233936124	-0.0050101933	224.8
1.0127092	0.0233749038	-0.0050101849	225
1.0111188	0.0233572271	-0.0050101885	225.2
1.0096583	0.0233380115	-0.0050102013	225.4
1.0080104	0.0233191099	-0.0050101933	225.6
1.0064489	0.0232989836	-0.0050101924	225.8
1.0052796	0.0232807729	-0.0050101916	226
1.0045661	0.0232603191	-0.0050101845	226.2
1.0039586	0.0232428622	-0.0050101809	226.4
1.0034918	0.0232224756	-0.0050101827	226.6
1.0022521	0.0232029145	-0.0050101871	226.8
1.0005552	0.0231832413	-0.0050101836	227
0.9986292298	0.0231632765	-0.0050101978	227.2
0.9969173071	0.0231438007	-0.0050101836	227.4
0.9958661044	0.0231234186	-0.0050101867	227.6
0.9953863806	0.0231035031	-0.0050101796	227.8
0.9949879375	0.0230823224	-0.0050101933	228
0.9937678888	0.0230620345	-0.0050101871	228.2
0.9914396571	0.0230421504	-0.0050101853	228.4
0.9897474261	0.0230221721	-0.0050101871	228.6
0.98851816	0.0230009152	-0.0050101774	228.8
0.9883530848	0.0229810401	-0.0050101885	229
0.9876835663	0.0229607747	-0.0050101769	229.2
0.9856951215	0.0229392799	-0.00501018	229.4
0.9834850402	0.0229191132	-0.0050101734	229.6
0.9822478136	0.0228975198	-0.0050101796	229.8
0.9823818849	0.0228777703	-0.0050101902	230
0.9811249666	0.0228577247	-0.0050101893	230.2
0.9787841657	0.0228354986	-0.0050101853	230.4
0.977010235	0.0228134386	-0.0050101805	230.6
0.9767379027	0.0227925316	-0.005010188	230.8
0.976118242	0.02276983	-0.0050101694	231
0.9735440733	0.0227496543	-0.0050101725	231.2
0.9718032414	0.0227274328	-0.0050101796	231.4
0.9716838342	0.0227073647	-0.0050101747	231.6
0.970672015	0.022683546	-0.005010176	231.8
0.9680484075	0.0226606425	-0.0050101827	232
0.967040778	0.0226398208	-0.0050101805	232.2
0.966824588	0.0226170564	-0.005010176	232.4
0.9641540556	0.0225962346	-0.0050101707	232.6
0.9630844181	0.0225736227	-0.0050101769	232.8
0.9627467261	0.022551639	-0.0050101751	233
0.959979411	0.0225290451	-0.0050101676	233.2
0.9591917421	0.0225063435	-0.0050101672	233.4
0.9582511483	0.0224849295	-0.0050101743	233.6
0.9557213907	0.0224610973	-0.005010188	233.8
0.9556874539	0.0224390866	-0.005010184	234
0.9533236096	0.0224154159	-0.0050101703	234.2
0.9519791259	0.0223935982	-0.0050101756	234.4
0.9512614256	0.0223704793	-0.0050101769	234.6
0.9487530356	0.0223474547	-0.0050101791	234.8
0.9486813913	0.0223256011	-0.0050101787	235
0.9459517837	0.0223016702	-0.0050101836	235.2
0.945886424	0.0222804626	-0.0050101698	235.4
0.9430948084	0.0222558677	-0.0050101645	235.6
0.9430759546	0.0222315869	-0.0050101618	235.8
0.9402152086	0.0222087731	-0.0050101787	236
0.9402147896	0.0221846987	-0.0050101765	236.2
0.9372346363	0.0221624053	-0.0050101627	236.4
0.9372564229	0.0221370836	-0.0050101796	236.6
0.9347212187	0.0221153556	-0.0050101596	236.8
0.9344170444	0.0220905543	-0.0050101707	237
0.9323343308	0.02206578	-0.0050101707	237.2
0.9306504792	0.022042226	-0.0050101747	237.4
0.9302306685	0.0220191161	-0.0050101756	237.6
0.9274654483	0.0219951	-0.0050101707	237.8
0.9269341908	0.0219709941	-0.0050101712	238
0.9254464185	0.0219477586	-0.0050101676	238.2
0.9229334198	0.0219231458	-0.0050101787	238.4
0.9222370871	0.0218983221	-0.0050101805	238.6
0.9209638288	0.0218735432	-0.0050101729	238.8
0.9184407748	0.0218483696	-0.0050101663	239
0.9169509077	0.021823676	-0.00501018	239.2
0.9163601561	0.0217985517	-0.0050101592	239.4
0.914899198	0.0217755944	-0.0050101703	239.6
0.9125776699	0.0217495593	-0.00501018	239.8
0.9106273517	0.0217240043	-0.005010168	240
0.9093101013	0.0216991851	-0.0050101707	240.2
0.9084000924	0.021673002	-0.0050101645	240.4
0.9070308894	0.0216486628	-0.0050101729	240.6
0.9052879627	0.0216248576	-0.0050101663	240.8
0.9030410118	0.0215990603	-0.0050101649	241
0.901083571	0.0215728413	-0.0050101663	241.2
0.8993280751	0.0215456577	-0.0050101649	241.4
0.8975189507	0.0215196855	-0.0050101698	241.6
0.8958359371	0.0214935428	-0.0050101623	241.8
0.8942450975	0.0214686114	-0.0050101508	242
0.8925792617	0.0214416701	-0.0050101534	242.2
0.8908895446	0.0214145627	-0.0050101623	242.4
0.8891495507	0.0213887475	-0.0050101601	242.6
0.8874225449	0.0213609807	-0.0050101627	242.8
0.885821231	0.0213354347	-0.0050101641	243
0.8843611109	0.0213083139	-0.0050101654	243.2
0.8829692834	0.0212826916	-0.0050101645	243.4
0.8816784283	0.0212562483	-0.0050101623	243.6
0.8795785368	0.0212265837	-0.005010153	243.8
0.8771145579	0.0212009031	-0.0050101578	244
0.8752710777	0.0211728132	-0.0050101627	244.2
0.8742131715	0.021145347	-0.0050101587	244.4
0.8725540393	0.0211161893	-0.0050101676	244.6
0.8698495701	0.0210895037	-0.0050101508	244.8
0.8679872362	0.0210613735	-0.0050101596	245
0.8671509665	0.0210313769	-0.0050101592	245.2
0.8645948136	0.0210048797	-0.0050101539	245.4
0.8624643371	0.0209753048	-0.0050101636	245.6
0.8613879961	0.0209468561	-0.0050101605	245.8
0.8586751474	0.0209187662	-0.0050101769	246
0.8576524349	0.0208891509	-0.0050101663	246.2
0.8547962975	0.0208598766	-0.0050101552	246.4
0.8537983044	0.0208300191	-0.0050101663	246.6
0.8509388152	0.0208007044	-0.005010153	246.8
0.8499647036	0.020769317	-0.005010157	247
0.8469920918	0.0207407426	-0.0050101636	247.2
0.8455801535	0.0207090546	-0.0050101472	247.4
0.8437777327	0.0206782953	-0.0050101583	247.6
0.8410062278	0.0206471636	-0.0050101645	247.8
0.8397224953	0.0206158255	-0.0050101658	248
0.8375467697	0.020586457	-0.0050101583	248.2
0.8349767907	0.0205537281	-0.0050101547	248.4
0.8328601403	0.0205230541	-0.0050101623	248.6
0.831157016	0.0204906976	-0.0050101729	248.8
0.8295531882	0.0204566093	-0.0050101623	249
0.8274817869	0.0204255583	-0.0050101672	249.2
0.8252277134	0.0203920129	-0.0050101649	249.4
0.8227029835	0.0203580413	-0.0050101618	249.6
0.8203420719	0.0203239171	-0.0050101729	249.8
0.8185497064	0.0202927406	-0.0050101672	250
0.8159948105	0.0202575082	-0.0050101774	250.2
0.8138253695	0.0202221278	-0.0050101712	250.4
0.8122211228	0.0201874114	-0.005010168	250.6
0.8094089776	0.0201515645	-0.005010172	250.8
0.8075914737	0.0201182209	-0.0050101574	251
0.8048044668	0.0200824682	-0.0050101556	251.2
0.8030837457	0.0200444542	-0.0050101583	251.4
0.8003788575	0.0200082214	-0.005010161	251.6
0.7984972508	0.0199707817	-0.0050101578	251.8
0.7956310581	0.0199335439	-0.0050101654	252
0.7939782105	0.0198946282	-0.0050101561	252.2
0.7912582393	0.0198578076	-0.0050101658	252.4
0.78870879	0.019819022	-0.0050101503	252.6
0.7869817842	0.0197789756	-0.0050101521	252.8
0.7841377971	0.0197405624	-0.005010161	253
0.7815741027	0.0197008301	-0.0050101614	253.2
0.7797205672	0.0196615106	-0.0050101658	253.4
0.7770797818	0.0196215764	-0.0050101716	253.6
0.7742278342	0.0195821044	-0.0050101636	253.8
0.7721652313	0.0195411652	-0.0050101552	254
0.769892723	0.0194985661	-0.0050101667	254.2
0.767092309	0.0194589191	-0.0050101565	254.4
0.7646396424	0.0194161853	-0.005010157	254.6
0.7625527391	0.019374322	-0.0050101525	254.8
0.7599647443	0.0193310454	-0.0050101605	255
0.7570549784	0.0192916855	-0.005010172	255.2
0.7546814977	0.019248521	-0.0050101574	255.4
0.7523804992	0.0192051278	-0.0050101627	255.6
0.7495817611	0.0191626543	-0.0050101623	255.8
0.746876035	0.0191181843	-0.0050101423	256
0.7446257323	0.0190794973	-0.0050101468	256.2
0.7419329943	0.0190365752	-0.0050101592	256.4
0.7390831415	0.0189902837	-0.0050101534	256.6
0.7367356371	0.0189495688	-0.0050101543	256.8
0.7341333972	0.0189063999	-0.0050101525	257
0.7311549198	0.0188634239	-0.0050101583	257.2
0.7287923324	0.0188195282	-0.0050101556	257.4
0.7261863218	0.0187777994	-0.0050101547	257.6
0.723597489	0.0187351958	-0.0050101521	257.8
0.7209282135	0.0186895369	-0.0050101539	258
0.7179547638	0.0186475165	-0.0050101534	258.2
0.7153860417	0.0186046841	-0.0050101547	258.4
0.7127905054	0.0185619414	-0.005010161	258.6
0.7100973485	0.0185176957	-0.0050101543	258.8
0.7072479147	0.0184762675	-0.0050101627	259
0.704566489	0.0184334934	-0.0050101459	259.2
0.7021444074	0.0183889023	-0.0050101521	259.4
0.6993230448	0.0183458814	-0.0050101587	259.6
0.696411603	0.0183023939	-0.005010161	259.8
0.6936107701	0.018259243	-0.0050101667	260
0.6909603483	0.0182150915	-0.0050101499	260.2
0.6881239027	0.018173614	-0.005010149	260.4
0.6854718051	0.0181298304	-0.0050101663	260.6
0.6826324266	0.0180844496	-0.0050101636	260.8
0.6798835463	0.0180414647	-0.0050101676	261
0.6770760098	0.0179971023	-0.0050101578	261.2
0.6742098171	0.0179545615	-0.0050101587	261.4
0.6714994822	0.0179099839	-0.0050101565	261.6
0.6686835663	0.0178650921	-0.0050101623	261.8
0.6657582984	0.0178212906	-0.0050101468	262
0.6629846987	0.0177753625	-0.0050101561	262.2
0.6600845692	0.0177288781	-0.0050101618	262.4
0.6571664238	0.0176822007	-0.0050101574	262.6
0.6542767687	0.017637632	-0.0050101503	262.8
0.6514956274	0.0175920314	-0.0050101539	263
0.6486394901	0.0175449458	-0.0050101503	263.2
0.6457108704	0.0174975147	-0.0050101534	263.4
0.6428069702	0.0174517481	-0.0050101397	263.6
0.6397974888	0.0174040344	-0.0050101525	263.8
0.6370075491	0.0173553381	-0.0050101499	264
0.6340077041	0.017310065	-0.0050101481	264.2
0.6312776775	0.0172624186	-0.0050101472	264.4
0.628393469	0.0172119188	-0.0050101508	264.6
0.6252863669	0.0171641737	-0.0050101539	264.8
0.6224004825	0.0171140148	-0.0050101543	265
0.6193784319	0.0170655877	-0.0050101539	265.2
0.6164929665	0.0170161108	-0.0050101574	265.4
0.6134068131	0.0169680023	-0.005010161	265.6
0.6105791659	0.0169195213	-0.0050101459	265.8
0.6075215026	0.0168694074	-0.0050101503	266
0.6045891122	0.0168209175	-0.0050101663	266.2
0.601607283	0.0167711983	-0.0050101605	266.4
0.5985521336	0.016723848	-0.0050101667	266.6
0.5955325968	0.0166748017	-0.0050101587	266.8
0.5925997875	0.0166231489	-0.005010161	267
0.589545895	0.0165761036	-0.0050101649	267.2
0.5865439551	0.0165261871	-0.0050101649	267.4
0.5834510981	0.0164759699	-0.0050101654	267.6
0.580436589	0.016427821	-0.0050101605	267.8
0.5773215265	0.0163805245	-0.0050101543	268
0.5743225194	0.0163321692	-0.005010161	268.2
0.5713503266	0.0162821045	-0.005010161	268.4
0.5681401573	0.0162337358	-0.0050101583	268.6
0.5651893321	0.016185219	-0.0050101472	268.8
0.562052064	0.0161351498	-0.0050101689	269
0.5589822505	0.0160861575	-0.0050101574	269.2
0.5558089508	0.016037874	-0.0050101441	269.4
0.5529264181	0.0159882894	-0.0050101645	269.6
0.5498800671	0.0159388259	-0.0050101534	269.8
0.5466983879	0.0158878864	-0.0050101592	270
0.5435665665	0.0158377186	-0.0050101627	270.2
0.5402943891	0.0157859984	-0.0050101556	270.4
0.5372124255	0.0157350544	-0.005010149	270.6
0.5340361929	0.0156847385	-0.0050101601	270.8
0.5309709881	0.0156345348	-0.0050101547	271
0.5278584394	0.0155805849	-0.0050101587	271.2
0.5246210369	0.0155299863	-0.0050101578	271.4
0.5214276264	0.0154760588	-0.0050101694	271.6
0.5182572595	0.0154258102	-0.0050101632	271.8
0.5151342365	0.0153747361	-0.0050101499	272
0.5120455692	0.0153204093	-0.0050101751	272.2
0.5088077477	0.0152686219	-0.005010157	272.4
0.5055150407	0.0152160762	-0.0050101596	272.6
0.5022432824	0.0151628172	-0.0050101547	272.8
0.4990863225	0.0151095043	-0.0050101729	273
0.4958086986	0.015059664	-0.0050101561	273.2
0.4926261814	0.0150081054	-0.0050101765	273.4
0.4894465971	0.0149547387	-0.0050101627	273.6
0.4861312656	0.0149028391	-0.0050101508	273.8
0.4829370172	0.0148496698	-0.0050101592	274
0.4796179149	0.0147978599	-0.0050101596	274.2
0.4763591447	0.0147452335	-0.0050101565	274.4
0.4731121058	0.0146938184	-0.0050101601	274.6
0.4699425768	0.0146411112	-0.0050101645	274.8
0.4666871584	0.0145873407	-0.0050101663	275
0.4633274158	0.0145340279	-0.0050101547	275.2
0.4599613885	0.0144788217	-0.0050101676	275.4
0.45673865	0.0144251051	-0.0050101694	275.6
0.4534216426	0.0143707379	-0.0050101663	275.8
0.450061062	0.0143184435	-0.0050101587	276
0.4468777069	0.0142652069	-0.0050101618	276.2
0.4436030158	0.0142090003	-0.0050101707	276.4
0.4402022138	0.0141554407	-0.0050101676	276.6
0.436846242	0.0141011722	-0.0050101623	276.8
0.4335057721	0.0140479984	-0.0050101627	277
0.4302260532	0.0139945196	-0.0050101499	277.2
0.4269739866	0.0139388199	-0.005010157	277.4
0.4235455325	0.013883533	-0.0050101667	277.6
0.4201359321	0.0138279365	-0.0050101556	277.8
0.4167095728	0.0137739641	-0.0050101525	278
0.4132928498	0.0137185471	-0.0050101654	278.2
0.4098773838	0.013664817	-0.005010161	278.4
0.4066156808	0.0136108805	-0.0050101552	278.6
0.4032530054	0.0135545976	-0.0050101543	278.8
0.3999322272	0.0134991851	-0.0050101525	279
0.3963684449	0.0134440059	-0.005010157	279.2
0.3929726706	0.013388885	-0.0050101649	279.4
0.3896259161	0.0133327367	-0.0050101627	279.6
0.3861450904	0.0132783605	-0.0050101654	279.8
0.3828456798	0.0132228224	-0.0050101694	280
0.3794553522	0.013165539	-0.0050101627	280.2
0.3759770403	0.0131097092	-0.0050101725	280.4
0.3724945386	0.0130533231	-0.0050101685	280.6
0.3690241872	0.0129976189	-0.005010161	280.8
0.365672824	0.0129389044	-0.0050101649	281
0.3621107175	0.0128840975	-0.0050101712	281.2
0.3587811409	0.0128310673	-0.0050101556	281.4
0.3554184655	0.0127727161	-0.0050101587	281.6
0.3518848492	0.0127161057	-0.005010161	281.8
0.3484400551	0.0126582705	-0.0050101645	282
0.3448192924	0.0126037463	-0.0050101663	282.2
0.3415345459	0.0125469115	-0.0050101587	282.4
0.3381270404	0.0124882687	-0.0050101716	282.6
0.3345037639	0.0124326184	-0.0050101539	282.8
0.3309977998	0.0123747294	-0.0050101703	283
0.3275370847	0.0123159789	-0.0050101596	283.2
0.3240977372	0.0122600773	-0.0050101707	283.4
0.3204949904	0.0122034086	-0.005010157	283.6
0.3171247735	0.0121473006	-0.0050101685	283.8
0.3137139162	0.0120889181	-0.0050101596	284
0.3101346318	0.0120315135	-0.0050101654	284.2
0.3066424938	0.0119729515	-0.0050101689	284.4
0.3031553834	0.0119159956	-0.0050101747	284.6
0.2996276327	0.0118572586	-0.0050101783	284.8
0.2961782299	0.0118021422	-0.0050101765	285
0.2927908351	0.0117439166	-0.005010168	285.2
0.2892945073	0.0116851707	-0.005010172	285.4
0.2856758395	0.0116262093	-0.0050101534	285.6
0.2822360731	0.0115661578	-0.0050101574	285.8
0.2786291366	0.0115082911	-0.0050101618	286
0.2751277811	0.0114489619	-0.0050101663	286.2
0.2715392794	0.0113899602	-0.0050101623	286.4
0.2682155684	0.011332955	-0.0050101658	286.6
0.2646086319	0.0112727688	-0.0050101601	286.8
0.2615157749	0.011214449	-0.005010168	287
0.258067629	0.0111536752	-0.0050101676	287.2
0.2543727082	0.0110956201	-0.0050101734	287.4
0.2510318193	0.0110369908	-0.0050101583	287.6
0.2476662111	0.0109751267	-0.0050101636	287.8
0.2440131875	0.0109144201	-0.0050101645	288
0.240497168	0.0108537539	-0.0050101663	288.2
0.2369149509	0.0107928185	-0.0050101556	288.4
0.2334110816	0.0107320536	-0.0050101632	288.6
0.2298263506	0.0106736576	-0.0050101645	288.8
0.2263819755	0.0106141265	-0.0050101547	289
0.2229250312	0.0105516522	-0.0050101601	289.2
0.2193725611	0.0104897298	-0.0050101645	289.4
0.2157970474	0.0104281708	-0.0050101641	289.6
0.2122521189	0.0103676257	-0.005010161	289.8
0.2086238147	0.0103047611	-0.0050101809	290
0.2051245541	0.0102430047	-0.0050101698	290.2
0.2016529458	0.0101827603	-0.0050101632	290.4
0.1982881755	0.0101187382	-0.0050101623	290.6
0.1945144877	0.0100552634	-0.0050101747	290.8
0.1910374327	0.0099930629	-0.0050101694	291
0.1874476741	0.009928462	-0.0050101618	291.2
0.183926208	0.0098651802	-0.0050101636	291.4
0.1802928761	0.0098049178	-0.0050101658	291.6
0.1769230781	0.0097417661	-0.0050101712	291.8
0.1733530112	0.0096771383	-0.0050101716	292
0.169801379	0.0096123939	-0.0050101694	292.2
0.166294577	0.0095471515	-0.0050101516	292.4
0.1626562174	0.0094840312	-0.0050101707	292.6
0.1592051387	0.0094193272	-0.0050101725	292.8
0.1556426133	0.0093513301	-0.0050101814	293
0.1519854	0.0092858858	-0.0050101756	293.2
0.1484563924	0.009217754	-0.0050101712	293.4
0.1448599301	0.0091530949	-0.0050101698	293.6
0.1412965667	0.0090845818	-0.0050101738	293.8
0.1377612745	0.0090210891	-0.0050101667	294
0.1343047492	0.0089541733	-0.0050101676	294.2
0.1308716863	0.0088839554	-0.0050101822	294.4
0.1271629394	0.0088147783	-0.0050101831	294.6
0.1236519476	0.0087484636	-0.005010172	294.8
0.1200802047	0.0086791654	-0.0050101703	295
0.1165859719	0.00860814	-0.0050101676	295.2
0.1128864423	0.0085400172	-0.0050101729	295.4
0.1094160909	0.0084701493	-0.0050101725	295.6
0.1058916919	0.0083990879	-0.0050101694	295.8
0.1022235854	0.0083290046	-0.0050101596	296
0.0988005778	0.0082549507	-0.0050101636	296.2
0.0951408507	0.008185159	-0.0050101787	296.4
0.0915758114	0.0081118185	-0.0050101805	296.6
0.0879772543	0.008042444	-0.0050101672	296.8
0.0844943337	0.007971257	-0.0050101849	297
0.0810097372	0.0078963238	-0.005010161	297.2
0.0773521049	0.0078236383	-0.0050101805	297.4
0.0738825914	0.0077496249	-0.0050101716	297.6
0.0702082003	0.0076776438	-0.0050101778	297.8
0.0667432955	0.0076072957	-0.0050101769	298
0.0633684698	0.0075326541	-0.0050101893	298.2
0.0596299758	0.0074623689	-0.0050101796	298.4
0.0561487311	0.0073896117	-0.0050101911	298.6
0.0526255891	0.0073219645	-0.0050101867	298.8
0.0491217198	0.0072517331	-0.0050101924	299
0.045410459	0.007189371	-0.0050101818	299.2
0.0420327006	0.0071334919	-0.0050101769	299.4
0.038810381	0.0070734493	-0.0050101822	299.6
0.0352470176	0.0070114058	-0.0050101818	299.8
0.0313254325	0.0069626108	-0.0050101796	300
0.0277381877	0.0069367866	-0.0050101916	300.2
