Calibrated Field (T)	Sample Voltage (V)	Sample Current (A)	Acquisition Time (s)	
Teslas	Volts	Amps	Seconds	
0.0279149942	0.0166645045	-0.0100282809	0
0.0257711105333333	0.0167040751	-0.0100284411	0.2
0.02740828852	0.0168344561	-0.010028583	0.4
0.0297693078	0.0169731775	-0.0100287138	0.6
0.0323761231111111	0.0170981883	-0.0100288384	0.8
0.0351442550272727	0.0172458467	-0.0100289671	1
0.0379939320076923	0.0173931552	-0.0100290678	1.2
0.0409053286533333	0.0175431511	-0.0100291742	1.4
0.0438633897647059	0.0177060949	-0.0100292549	1.6
0.0468599063526316	0.0178664365	-0.0100293472	1.8
0.049870464052381	0.0180339117	-0.0100294425	2
0.0529139698521739	0.0182011041	-0.0100295219	2.2
0.055984644588	0.0183743399	-0.0100295836	2.4
0.0590737351518519	0.0185351706	-0.0100296501	2.6
0.0621822278896552	0.0187026457	-0.0100297322	2.8
0.0653099761129032	0.0188752399	-0.0100298071	3
0.0684547230484849	0.0190440654	-0.0100298741	3.2
0.0716117590314286	0.0192149548	-0.0100299242	3.4
0.0747860552513513	0.0193756194	-0.0100299743	3.6
0.0779777924128205	0.0195372218	-0.0100300298	3.8
0.081186870704878	0.0197085956	-0.0100300839	4
0.084403221744186	0.0198724008	-0.0100301296	4.2
0.0876359777311111	0.0200372245	-0.0100301624	4.4
0.0906170341488889	0.0201981853	-0.0100302143	4.6
0.09375325946	0.0203616136	-0.0100302524	4.8
0.0969456736755556	0.0205197165	-0.0100302945	5
0.100144381793333	0.0206752801	-0.0100303407	5.2
0.103348760006667	0.0208378156	-0.0100303872	5.4
0.106568994013333	0.0209941823	-0.010030428	5.6
0.109799571993333	0.0211488934	-0.0100304449	5.8
0.113040456702222	0.0213028149	-0.0100304853	6
0.116289497413333	0.0214590784	-0.0100305385	6.2
0.11954819312	0.0216046865	-0.0100305753	6.4
0.122815333455556	0.0217521969	-0.0100305997	6.6
0.126092687415556	0.0219066568	-0.0100306445	6.8
0.129376884597778	0.0220571192	-0.0100306573	7
0.132669805724444	0.02220799	-0.0100307008	7.2
0.135971637004444	0.0223543204	-0.0100307301	7.4
0.139277183175556	0.0225048412	-0.0100307487	7.6
0.142591416051111	0.0226455815	-0.0100307935	7.8
0.145912622493333	0.0227859584	-0.0100308183	8
0.149241677693333	0.0229351108	-0.0100308489	8.2
0.152579484768889	0.0230750436	-0.0100308769	8.4
0.15592604372	0.0232199967	-0.0100308982	8.6
0.159275460995556	0.0233563357	-0.0100309243	8.8
0.162629654562222	0.0234952635	-0.0100309554	9
0.165990952044444	0.0236360262	-0.0100309838	9.2
0.169357230646667	0.0237740926	-0.0100310015	9.4
0.172728229675556	0.0239146669	-0.0100310361	9.6
0.176105355017778	0.0240517059	-0.0100310578	9.8
0.17948616732	0.0241923295	-0.0100310712	10
0.182871727982222	0.0243238547	-0.0100310916	10.2
0.186264355317778	0.024455981	-0.0100311239	10.4
0.18966150756	0.024595631	-0.0100311377	10.6
0.193062598144445	0.0247279503	-0.0100311803	10.8
0.196466826368889	0.0248641817	-0.0100312002	11
0.199875290873333	0.024997304	-0.0100312157	11.2
0.203283811242222	0.0251311082	-0.0100312406	11.4
0.206700012777778	0.0252571688	-0.0100312579	11.6
0.21011412876	0.0253881555	-0.0100312814	11.8
0.213531829286667	0.0255230186	-0.0100312991	12
0.216953784715556	0.0256517935	-0.0100313195	12.2
0.220375935664444	0.0257847901	-0.0100313537	12.4
0.223798282133333	0.0259136054	-0.0100313537	12.6
0.227223291406667	0.0260451978	-0.0100313838	12.8
0.230650274508889	0.026168755	-0.0100314078	13
0.234077918655556	0.0262952059	-0.0100314242	13.2
0.237507750771111	0.0264273187	-0.0100314566	13.4
0.240940701906667	0.0265534691	-0.010031473	13.6
0.244376474124444	0.0266818043	-0.0100314881	13.8
0.247812469795556	0.0268055185	-0.0100315063	14
0.251247264411111	0.0269275547	-0.0100315218	14.2
0.254682757315556	0.0270559483	-0.0100315493	14.4
0.258116453291111	0.0271827895	-0.0100315515	14.6
0.261550549617778	0.0273084778	-0.0100315781	14.8
0.264983398337778	0.0274325733	-0.0100315985	15
0.268417112935556	0.0275585487	-0.0100316269	15.2
0.271848509215556	0.0276767894	-0.0100316331	15.4
0.275287028033333	0.0277997453	-0.0100316677	15.6
0.278727287915556	0.0279232442	-0.0100316961	15.8
0.282169242311111	0.0280456797	-0.0100317134	16
0.285610610144444	0.0281677787	-0.0100317227	16.2
0.289049017235556	0.0282893619	-0.0100317356	16.4
0.292488988493333	0.0284118782	-0.0100317741	16.6
0.295925952457778	0.028528248	-0.0100317812	16.8
0.299359694986667	0.0286464842	-0.0100317923	17
0.302791398515556	0.0287681929	-0.0100318149	17.2
0.306223465153333	0.0288877796	-0.0100318358	17.4
0.309651937935556	0.0290087839	-0.0100318495	17.6
0.313078734826667	0.0291284558	-0.0100318566	17.8
0.316502012346667	0.029249837	-0.0100318855	18
0.319921304968889	0.0293655249	-0.0100319014	18.2
0.323341342433333	0.0294798893	-0.0100319258	18.4
0.326760486088889	0.0296030651	-0.0100319449	18.6
0.330176762108889	0.02972009	-0.0100319511	18.8
0.333592311908889	0.0298348223	-0.0100319875	19
0.336999733635556	0.0299472306	-0.0100319963	19.2
0.34040139216	0.0300629768	-0.0100320123	19.4
0.343799233377778	0.0301844971	-0.0100320301	19.6
0.347195724571111	0.0302989198	-0.0100320389	19.8
0.350587132231111	0.0304127414	-0.0100320669	20
0.353974778446667	0.0305283395	-0.0100320859	20.2
0.357359575646667	0.0306461899	-0.0100320984	20.4
0.360739168273333	0.0307580957	-0.0100321205	20.6
0.364117820537778	0.0308712218	-0.0100321374	20.8
0.367492255144445	0.0309870937	-0.0100321392	21
0.370861764491111	0.0311007582	-0.0100321551	21.2
0.374226041333334	0.0312132787	-0.0100321751	21.4
0.377588763322222	0.0313247313	-0.0100321915	21.6
0.380947174546667	0.0314415812	-0.0100322004	21.8
0.384300669824445	0.031549198	-0.0100322199	22
0.387648671904445	0.0316587798	-0.0100322256	22.2
0.390991767348889	0.0317754368	-0.0100322474	22.4
0.394329341662222	0.0318866517	-0.010032262	22.6
0.39766314522	0.032000213	-0.0100322984	22.8
0.400989463131111	0.0321096782	-0.0100322913	23
0.404309328862222	0.0322234818	-0.0100323139	23.2
0.407626494546667	0.0323294744	-0.0100323356	23.4
0.41094015948	0.0324367951	-0.0100323365	23.6
0.414248377768889	0.0325480862	-0.0100323756	23.8
0.417554761886667	0.0326553127	-0.0100323645	24
0.420856025226667	0.0327659129	-0.0100323986	24.2
0.424149179115556	0.0328703353	-0.0100324141	24.4
0.427428739666667	0.0329763594	-0.0100324416	24.6
0.430699874208889	0.0330879646	-0.0100324319	24.8
0.43396178204	0.0331950789	-0.0100324492	25
0.437218261844444	0.0333052529	-0.0100324687	25.2
0.440468894653333	0.033411932	-0.0100324882	25.4
0.443715198075555	0.0335198673	-0.0100325029	25.6
0.4469558314	0.0336281615	-0.0100325184	25.8
0.450191734986667	0.0337340465	-0.0100325326	26
0.453421633297778	0.0338425695	-0.0100325494	26.2
0.45664291008	0.0339478937	-0.0100325481	26.4
0.459858898495556	0.0340533973	-0.0100325751	26.6
0.463068946808889	0.0341559399	-0.0100325876	26.8
0.466271574646667	0.0342638662	-0.0100326062	27
0.469468644115555	0.0343643674	-0.0100326262	27.2
0.472657492404444	0.0344668113	-0.0100326403	27.4
0.475838957464444	0.0345731988	-0.0100326346	27.6
0.479016000033333	0.0346756561	-0.0100326661	27.8
0.482184300037778	0.0347779699	-0.0100326834	28
0.485347367537778	0.0348779865	-0.0100326918	28.2
0.488504876664445	0.0349805291	-0.0100327064	28.4
0.491656706382222	0.0350792716	-0.010032722	28.6
0.494800463893333	0.0351804144	-0.0100327432	28.8
0.497940525131111	0.0352841998	-0.0100327459	29
0.501076592162222	0.035387514	-0.0100327659	29.2
0.504210163977778	0.0354902315	-0.0100327738	29.4
0.507332274562222	0.035589822	-0.010032796	29.6
0.510446592253333	0.0356934099	-0.01003282	29.8
0.51355477432	0.0357943822	-0.0100328311	30
0.516656150406667	0.0358977817	-0.0100328364	30.2
0.519752899173333	0.0360012485	-0.0100328479	30.4
0.522842544024445	0.0361011396	-0.0100328603	30.6
0.525926537397778	0.0362016901	-0.0100328723	30.8
0.52900336168	0.0362991092	-0.0100328914	31
0.532074720695556	0.0363972057	-0.0100329011	31.2
0.535142048262222	0.0364984696	-0.0100329118	31.4
0.538202662953333	0.0365974005	-0.0100329246	31.6
0.541258166177778	0.036695192	-0.010032938	31.8
0.544306947215556	0.0367913413	-0.0100329601	32
0.547350570233333	0.0368896487	-0.0100329814	32.2
0.550385227233333	0.036978355	-0.0100329681	32.4
0.553413776542222	0.0370752446	-0.0100330014	32.6
0.556435147451111	0.0371715286	-0.0100330196	32.8
0.559449293408889	0.0372656725	-0.0100330311	33
0.5624589517	0.0373611309	-0.0100330457	33.2
0.565460714684444	0.0374552434	-0.010033044	33.4
0.568457310337778	0.0375488804	-0.0100330462	33.6
0.571449976957778	0.0376400408	-0.0100330741	33.8
0.574436144842222	0.0377340366	-0.0100330852	34
0.577416717115556	0.0378293695	-0.0100330994	34.2
0.580390399613333	0.0379196774	-0.0100331216	34.4
0.5833599948	0.0380160781	-0.0100331282	34.6
0.586318594277778	0.0381059598	-0.0100331491	34.8
0.589270033977778	0.0381983406	-0.0100331619	35
0.592213708713333	0.0382937227	-0.0100331695	35.2
0.59515221612	0.0383881313	-0.0100331859	35.4
0.598086273104445	0.0384841461	-0.0100331908	35.6
0.601012220637778	0.0385773793	-0.010033212	35.8
0.603934369486667	0.0386732639	-0.0100332191	36
0.606851062375556	0.0387669188	-0.0100332316	36.2
0.609760660662222	0.0388575543	-0.0100332404	36.4
0.612665054373333	0.0389550272	-0.0100332622	36.6
0.615561320013333	0.0390478521	-0.0100332781	36.8
0.61845349834	0.0391422472	-0.0100332879	37
0.621339066208889	0.0392359425	-0.0100333012	37.2
0.624217204295556	0.039331392	-0.0100333123	37.4
0.627087745008889	0.0394206995	-0.0100333296	37.6
0.629954058751111	0.039512147	-0.0100333283	37.8
0.632811294751111	0.0396064883	-0.0100333429	38
0.635660849584444	0.0396972539	-0.0100333513	38.2
0.638504538797778	0.0397886477	-0.0100333682	38.4
0.641340975126667	0.039876201	-0.0100333903	38.6
0.644171890326667	0.0399674556	-0.0100333992	38.8
0.646994817111111	0.0400542596	-0.0100334059	39
0.64981077964	0.0401390268	-0.0100334116	39.2
0.652620094464444	0.0402270826	-0.01003344	39.4
0.655424418857778	0.0403128593	-0.0100334369	39.6
0.658223426953333	0.0403984744	-0.0100334644	39.8
0.661012081766667	0.0404791276	-0.0100334764	40
0.663793707148889	0.040564801	-0.0100334822	40.2
0.666566264095556	0.0406507033	-0.0100334955	40.4
0.669332815768889	0.0407324197	-0.0100335128	40.6
0.672091453511111	0.0408152936	-0.0100335065	40.8
0.674841292824444	0.0408966018	-0.0100335163	41
0.677585918255556	0.0409791796	-0.0100335429	41.2
0.680324510477778	0.0410581907	-0.0100335513	41.4
0.683054583586667	0.0411382202	-0.0100335598	41.6
0.685777804162222	0.0412201609	-0.0100335709	41.8
0.688491602506667	0.0412998629	-0.0100335846	42
0.691197170364445	0.0413826875	-0.010033601	42.2
0.6938964257	0.0414621696	-0.0100336015	42.4
0.69658473188	0.0415443437	-0.0100336267	42.6
0.699262992022222	0.0416223946	-0.0100336361	42.8
0.701939706622222	0.0417035727	-0.0100336489	43
0.704602697535556	0.0417857108	-0.0100336551	43.2
0.707258426255556	0.0418648251	-0.0100336711	43.4
0.709906687948889	0.0419478964	-0.010033676	43.6
0.712543721171111	0.0420281727	-0.010033695	43.8
0.715171499751111	0.0421082605	-0.0100337044	44
0.717799362126667	0.0421859481	-0.010033715	44.2
0.720416275346667	0.0422661974	-0.0100337279	44.4
0.723016755524445	0.0423485105	-0.0100337398	44.6
0.725618408824445	0.0424279119	-0.01003375	44.8
0.72821114266	0.0425105077	-0.0100337554	45
0.730786139982222	0.0425894111	-0.0100337727	45.2
0.733356593777778	0.0426694361	-0.0100337913	45.4
0.735916256697778	0.0427546071	-0.0100337833	45.6
0.73846089246	0.0428327298	-0.0100337966	45.8
0.741002325408889	0.0429134951	-0.0100338215	46
0.743533861291111	0.0429923806	-0.0100338507	46.2
0.746051487275556	0.0430746219	-0.0100338503	46.4
0.748566478386667	0.043149492	-0.0100338476	46.6
0.751071442084444	0.043229176	-0.010033856	46.8
0.753558222362222	0.0433103406	-0.0100338787	47
0.756041753273333	0.0433878397	-0.010033884	47.2
0.75851228672	0.0434683224	-0.0100338942	47.4
0.760967867493333	0.0435466111	-0.010033923	47.6
0.763418737148889	0.0436259318	-0.0100339053	47.8
0.76585384412	0.0437004833	-0.0100339275	48
0.76828658622	0.0437780408	-0.0100339448	48.2
0.77069701104	0.0438574197	-0.0100339372	48.4
0.77310433546	0.0439333666	-0.0100339536	48.6
0.77549602754	0.0440102376	-0.0100339785	48.8
0.777877375648889	0.044084677	-0.0100339789	49
0.780246899413333	0.0441606956	-0.0100339887	49.2
0.782609747546667	0.0442314875	-0.0100340015	49.4
0.784955287448889	0.0443041367	-0.0100340113	49.6
0.787296330377778	0.0443768847	-0.0100340162	49.8
0.789619106093333	0.0444469094	-0.0100340228	50
0.791943315626667	0.0445187915	-0.010034053	50.2
0.794239863646667	0.0445864787	-0.0100340605	50.4
0.796526793915556	0.0446554312	-0.0100340734	50.6
0.798808584784445	0.0447256622	-0.0100340747	50.8
0.801066298684445	0.0447927393	-0.0100340893	51
0.803327708855556	0.0448602202	-0.0100340845	51.2
0.805566792433334	0.0449264179	-0.0100341004	51.4
0.807792133704445	0.0449910409	-0.0100341284	51.6
0.810018396715556	0.0450527881	-0.0100341386	51.8
0.81222299418	0.0451170118	-0.0100341395	52
0.81440986444	0.0451811188	-0.0100341572	52.2
0.816591139086667	0.0452430679	-0.0100341621	52.4
0.818764602217778	0.0453052592	-0.0100341634	52.6
0.820929266922222	0.0453654945	-0.0100341843	52.8
0.823071660895556	0.0454274211	-0.0100341918	53
0.825190936882222	0.0454852695	-0.0100342016	53.2
0.827306507288889	0.045545092	-0.01003421	53.4
0.829424842913333	0.0456064758	-0.0100342384	53.6
0.831522025071111	0.0456641448	-0.0100342361	53.8
0.833602001411111	0.045722074	-0.0100342561	54
0.835670078926667	0.0457768537	-0.0100342486	54.2
0.837715252595556	0.0458351193	-0.0100342561	54.4
0.839749141931111	0.045889899	-0.010034273	54.6
0.841777873248889	0.0459459349	-0.0100342934	54.8
0.843789398751111	0.0460045326	-0.0100343098	55
0.84579979768	0.0460572396	-0.0100343027	55.2
0.847802953035556	0.0461145541	-0.0100343288	55.4
0.849786872886667	0.046165803	-0.0100343262	55.6
0.851759163915556	0.0462210313	-0.0100343524	55.8
0.85373004906	0.046276134	-0.0100343519	56
0.855679529348889	0.0463304516	-0.0100343612	56.2
0.857621077086667	0.0463819742	-0.0100343674	56.4
0.859556228506667	0.0464367494	-0.0100343776	56.6
0.861464277046667	0.0464880072	-0.0100344078	56.8
0.863367037217778	0.0465379415	-0.0100343971	57
0.865242945891112	0.0465884366	-0.0100344047	57.2
0.867119245604445	0.0466422517	-0.0100344184	57.4
0.868979652284445	0.0466924059	-0.010034434	57.6
0.870837414780001	0.0467445386	-0.0100344557	57.8
0.872692542402223	0.0467951728	-0.010034457	58
0.874534700491112	0.0468448469	-0.0100344699	58.2
0.876355463037778	0.0468934846	-0.0100344788	58.4
0.878159550466667	0.0469436343	-0.0100344827	58.6
0.879944905157778	0.0469943178	-0.0100345018	58.8
0.881741292800001	0.047043328	-0.0100345067	59
0.883524124342223	0.0470933924	-0.0100345071	59.2
0.885287617966667	0.0471401772	-0.0100345369	59.4
0.887040590717778	0.0471894251	-0.010034544	59.6
0.8887888058	0.0472368784	-0.0100345546	59.8
0.890538529184445	0.0472845829	-0.0100345661	60
0.89224868292	0.047334598	-0.0100345692	60.2
0.893970316506667	0.0473822442	-0.0100345923	60.4
0.895693430464445	0.0474330893	-0.0100345817	60.6
0.897374544731112	0.047478084	-0.0100346083	60.8
0.899068125764445	0.0475257213	-0.0100346225	61
0.900751167306667	0.0475745071	-0.01003463	61.2
0.902415774044445	0.0476217944	-0.0100346353	61.4
0.90408231736889	0.0476683414	-0.0100346402	61.6
0.905716515995556	0.0477120889	-0.0100346588	61.8
0.907369363566667	0.0477583937	-0.0100346579	62
0.909001672162223	0.0478025539	-0.0100346748	62.2
0.910633971444445	0.0478509987	-0.0100346854	62.4
0.912236449177778	0.0478977252	-0.0100346832	62.6
0.913840863495556	0.0479419573	-0.0100347041	62.8
0.91543375140889	0.0479891862	-0.0100347143	63
0.917026332073334	0.048032826	-0.0100347302	63.2
0.918608606008889	0.0480809254	-0.0100347395	63.4
0.920199631820001	0.0481237262	-0.0100347342	63.6
0.921763228880001	0.0481699233	-0.0100347502	63.8
0.923339627884445	0.0482132626	-0.0100347653	64
0.924874660313334	0.048258181	-0.0100347617	64.2
0.926426609931112	0.0483030995	-0.0100347883	64.4
0.927950236988889	0.0483476545	-0.0100347981	64.6
0.929467793597778	0.0483932639	-0.0100348021	64.8
0.930988804402223	0.048435993	-0.0100348145	65
0.932480952640001	0.0484788701	-0.010034826	65.2
0.933982485866667	0.0485247441	-0.0100348354	65.4
0.935474755142223	0.048567388	-0.0100348429	65.6
0.936953263486667	0.0486130512	-0.0100348549	65.8
0.938442413740001	0.0486531512	-0.0100348628	66
0.939925828722223	0.0486977331	-0.0100348722	66.2
0.941386675037778	0.0487434008	-0.0100348935	66.4
0.942855677357779	0.0487859145	-0.0100348961	66.6
0.944317184720001	0.0488288455	-0.0100349174	66.8
0.945741273160001	0.0488713188	-0.0100349187	67
0.947164290891112	0.0489155643	-0.0100349356	67.2
0.948606544126667	0.048955606	-0.0100349356	67.4
0.950039198231112	0.0489989003	-0.0100349356	67.6
0.951452952006667	0.0490422037	-0.0100349644	67.8
0.952861268446667	0.0490835913	-0.0100349684	68
0.954267322435556	0.0491268318	-0.0100349742	68.2
0.955672193988889	0.0491686142	-0.0100349897	68.4
0.957054664466667	0.0492130885	-0.010035003	68.6
0.95842359746889	0.0492511786	-0.010035011	68.8
0.959811840460001	0.0492935622	-0.0100350132	69
0.961204692151112	0.049336197	-0.0100350261	69.2
0.96256231288889	0.0493755567	-0.0100350531	69.4
0.963901517444445	0.0494192459	-0.0100350553	69.6
0.965253449462223	0.0494595792	-0.0100350576	69.8
0.966601936593334	0.0495005406	-0.0100350686	70
0.967958710073334	0.0495385678	-0.0100350757	70.2
0.969307699971112	0.0495780442	-0.0100350842	70.4
0.97062226892889	0.0496184134	-0.0100350917	70.6
0.971942871093334	0.0496602048	-0.0100351112	70.8
0.973240159640001	0.0497004483	-0.0100351121	71
0.974551051206667	0.0497380853	-0.0100351285	71.2
0.975854008926667	0.0497792441	-0.0100351467	71.4
0.977165905851112	0.049819187	-0.0100351432	71.6
0.978468614326667	0.0498580622	-0.0100351729	71.8
0.979774301055556	0.0498983506	-0.0100351605	72
0.981060817886667	0.049938159	-0.0100351693	72.2
0.982340622202223	0.0499771464	-0.0100351738	72.4
0.983589821591112	0.0500128855	-0.010035195	72.6
0.984848201537779	0.0500527791	-0.0100352017	72.8
0.98607654532889	0.0500924081	-0.0100352194	73
0.987323472880001	0.0501303635	-0.0100352155	73.2
0.988541054726667	0.0501686734	-0.0100352305	73.4
0.989770805811112	0.0502059649	-0.0100352429	73.6
0.990995508840001	0.0502442793	-0.010035262	73.8
0.992203378737779	0.0502787891	-0.0100352571	74
0.993433231984445	0.0503172336	-0.0100352758	74.2
0.994641800251112	0.050356037	-0.0100352798	74.4
0.995851748146667	0.0503927722	-0.0100352895	74.6
0.997072512735556	0.0504300188	-0.0100352988	74.8
0.998267301066667	0.0504664803	-0.0100353121	75
0.99947004088	0.0505031571	-0.0100353121	75.2
1.00067452224889	0.0505360877	-0.0100353126	75.4
1.00185216986444	0.0505724325	-0.0100353303	75.6
1.00302401913333	0.0506081493	-0.0100353361	75.8
1.00421467462222	0.0506436731	-0.0100353592	76
1.00538728633556	0.0506801345	-0.0100353592	76.2
1.00653484258222	0.0507122172	-0.0100353583	76.4
1.00768523082222	0.0507488896	-0.0100353902	76.6
1.00884062688	0.0507834443	-0.0100353716	76.8
1.00997675081778	0.0508166486	-0.0100353977	77
1.01109422581333	0.0508512213	-0.0100354	77.2
1.01222207270667	0.0508863458	-0.010035411	77.4
1.01336320626	0.0509200346	-0.0100354252	77.6
1.01450287635333	0.0509511572	-0.0100354377	77.8
1.01562252023556	0.0509856267	-0.0100354448	78
1.01674758375778	0.0510201545	-0.0100354434	78.2
1.01790497168889	0.0510528204	-0.0100354647	78.4
1.01906028484222	0.0510859933	-0.0100354643	78.6
1.02019546899778	0.0511194399	-0.0100354736	78.8
1.02130423930444	0.0511524333	-0.0100354762	79
1.02239151924	0.0511849153	-0.010035486	79.2
1.02347549475333	0.0512160828	-0.0100355015	79.4
1.02456960063778	0.0512467881	-0.0100355064	79.6
1.02568202888889	0.0512790861	-0.010035517	79.8
1.02680616	0.0513135197	-0.0100355312	80
1.02792770222222	0.0513424843	-0.0100355352	80.2
1.02902302	0.0513734454	-0.0100355423	80.4
1.03010208	0.0514045859	-0.0100355521	80.6
1.03115307777778	0.0514339992	-0.0100355743	80.8
1.03219885333333	0.0514658755	-0.0100355565	81
1.03325482222222	0.0514973525	-0.010035576	81.2
1.03433693555556	0.0515255813	-0.0100355791	81.4
1.03543017555556	0.0515541377	-0.0100355929	81.6
1.03651758666667	0.0515850045	-0.010035596	81.8
1.03758857555556	0.0516125245	-0.0100356173	82
1.03864214444444	0.0516422114	-0.0100356208	82.2
1.03969408222222	0.0516716515	-0.0100356328	82.4
1.04075972444444	0.0516999342	-0.0100356483	82.6
1.04183244444444	0.0517279252	-0.0100356395	82.8
1.04288944	0.0517575942	-0.0100356678	83
1.04392242222222	0.0517855718	-0.0100356705	83.2
1.0449379	0.0518139262	-0.0100356843	83.4
1.04595766	0.0518405758	-0.0100356887	83.6
1.04699293333333	0.0518680374	-0.0100356949	83.8
1.04803106444444	0.0518973744	-0.0100357024	84
1.04904183333333	0.051923692	-0.0100357095	84.2
1.05003561777778	0.0519489732	-0.0100357255	84.4
1.05103298888889	0.0519786467	-0.0100357357	84.6
1.05204846666667	0.0520045963	-0.0100357406	84.8
1.05306514666667	0.0520296443	-0.0100357406	85
1.05406027111111	0.0520590082	-0.010035749	85.2
1.05503979333333	0.0520837645	-0.0100357481	85.4
1.05603704	0.0521106742	-0.0100357654	85.6
1.05705478222222	0.0521354619	-0.0100357738	85.8
1.05806296	0.0521616494	-0.0100357814	86
1.05903620666667	0.0521858404	-0.0100357854	86.2
1.06001595111111	0.0522115568	-0.0100357938	86.4
1.06101442666667	0.0522373001	-0.0100357956	86.6
1.06199315777778	0.0522602304	-0.0100358164	86.8
1.06293152666667	0.0522872793	-0.0100358182	87
1.06386094666667	0.0523113985	-0.0100358444	87.2
1.06479542444444	0.0523350243	-0.0100358404	87.4
1.06573565555556	0.0523573444	-0.010035851	87.6
1.06665107333333	0.052382325	-0.0100358568	87.8
1.06756098888889	0.0524063186	-0.0100358776	88
1.06850463777778	0.0524294912	-0.0100358781	88.2
1.06945183333333	0.0524543327	-0.0100358896	88.4
1.0703574	0.0524776264	-0.0100358869	88.6
1.07125202888889	0.0525021898	-0.0100359189	88.8
1.07216123777778	0.0525240837	-0.0100359091	89
1.07305506666667	0.0525489073	-0.0100359317	89.2
1.07392196666667	0.0525726093	-0.0100359309	89.4
1.07480976	0.0525941802	-0.0100359499	89.6
1.07573449777778	0.0526173752	-0.0100359424	89.8
1.07662453555556	0.0526388968	-0.0100359663	90
1.07749828	0.0526642363	-0.0100359721	90.2
1.07837623111111	0.052684726	-0.0100359743	90.4
1.07924631555556	0.0527070372	-0.0100359836	90.6
1.08008225111111	0.0527286888	-0.0100359805	90.8
1.08093988666667	0.05275266	-0.0100360049	91
1.08183667333333	0.0527758595	-0.0100360023	91.2
1.08269144222222	0.0527966094	-0.0100360218	91.4
1.08352325333333	0.0528187456	-0.010036016	91.6
1.08436753111111	0.0528375214	-0.0100360222	91.8
1.08520295333333	0.052858693	-0.0100360404	92
1.08602996666667	0.0528828302	-0.0100360435	92.2
1.08688500666667	0.0529021354	-0.0100360586	92.4
1.08773446	0.0529252587	-0.0100360524	92.6
1.08852791111111	0.0529444114	-0.0100360661	92.8
1.08932828888889	0.0529670276	-0.0100360786	93
1.09016503333333	0.052987459	-0.0100360998	93.2
1.09097837111111	0.0530043325	-0.0100361096	93.4
1.09179407333333	0.0530246787	-0.0100361078	93.6
1.09260984	0.0530470302	-0.0100361185	93.8
1.09337628888889	0.0530644242	-0.010036122	94
1.09417310222222	0.0530865245	-0.0100361211	94.2
1.09500744444444	0.0531057804	-0.0100361344	94.4
1.09578748	0.0531245787	-0.0100361544	94.6
1.09654563333333	0.0531417215	-0.0100361562	94.8
1.09734042666667	0.0531638801	-0.0100361624	95
1.09812010666667	0.0531834859	-0.0100361624	95.2
1.09889287777778	0.053205012	-0.0100361877	95.4
1.09967118222222	0.0532271661	-0.010036189	95.6
1.10041003555556	0.0532470142	-0.0100361983	95.8
1.10118163555556	0.0532671629	-0.0100362076	96
1.10198081333333	0.053283875	-0.0100362076	96.2
1.10270529111111	0.0533018029	-0.0100362262	96.4
1.10343575555556	0.053321651	-0.0100362369	96.6
1.10421990444444	0.0533396238	-0.0100362382	96.8
1.10496622444444	0.0533586912	-0.0100362506	97
1.10569396222222	0.0533808678	-0.01003624	97.2
1.10644225555556	0.0533962743	-0.0100362511	97.4
1.10717742222222	0.0534171992	-0.0100362724	97.6
1.10793274666667	0.0534359526	-0.0100362688	97.8
1.10865099555556	0.053453544	-0.0100362773	98
1.10934471111111	0.0534728268	-0.0100362804	98.2
1.11010244666667	0.0534914412	-0.0100362919	98.4
1.11081506444444	0.0535057978	-0.0100363052	98.6
1.11149565333333	0.0535245198	-0.0100362959	98.8
1.11224324888889	0.0535435604	-0.0100363149	99
1.11295107111111	0.0535639199	-0.0100363234	99.2
1.11364213555556	0.0535783394	-0.0100363354	99.4
1.11434036	0.0535968506	-0.010036342	99.6
1.11504010888889	0.0536146843	-0.0100363393	99.8
1.11576264222222	0.0536297543	-0.0100363593	100
1.11643721777778	0.053649396	-0.0100363433	100.2
1.11712631777778	0.0536637841	-0.0100363553	100.4
1.11785515333333	0.0536815864	-0.0100363735	100.6
1.11850475555556	0.0536971499	-0.0100363819	100.8
1.11918849111111	0.0537169128	-0.0100363997	101
1.11989472222222	0.0537331313	-0.0100364014	101.2
1.12054738888889	0.0537492512	-0.0100364028	101.4
1.12123077111111	0.0537655011	-0.0100364152	101.6
1.12190930222222	0.0537803513	-0.0100364276	101.8
1.12257392444444	0.0537993201	-0.0100364329	102
1.12324286444444	0.0538140133	-0.0100364374	102.2
1.12390223555556	0.0538320847	-0.0100364467	102.4
1.12458590666667	0.0538474823	-0.0100364507	102.6
1.12521646222222	0.0538635707	-0.010036472	102.8
1.12587431555556	0.0538813281	-0.0100364595	103
1.12655998666667	0.0538981165	-0.0100364657	103.2
1.12716732	0.053913357	-0.0100364773	103.4
1.12784265777778	0.0539303248	-0.0100364826	103.6
1.12850207555556	0.0539454442	-0.0100364964	103.8
1.12910201555556	0.0539628561	-0.010036491	104
1.12978306888889	0.0539767193	-0.0100365048	104.2
1.13041155777778	0.0539958854	-0.0100365181	104.4
1.13102482222222	0.0540121085	-0.0100365168	104.6
1.13168032	0.0540279592	-0.0100365354	104.8
1.13229899333333	0.054039458	-0.0100365469	105
1.13292924	0.0540545728	-0.0100365434	105.2
1.13355304444444	0.0540734653	-0.010036554	105.4
1.13418575777778	0.0540893654	-0.0100365682	105.6
1.13478700222222	0.0541048437	-0.0100365749	105.8
1.13541032222222	0.0541197073	-0.0100365749	106
1.13605701111111	0.0541369622	-0.0100365877	106.2
1.13663127555556	0.0541515073	-0.0100365882	106.4
1.13728367333333	0.0541665953	-0.0100366041	106.6
1.13787973111111	0.0541824864	-0.0100366055	106.8
1.13847659111111	0.0541962418	-0.0100366015	107
1.13911863555556	0.0542106434	-0.0100366214	107.2
1.13968649333333	0.054224686	-0.0100366321	107.4
1.14031854666667	0.0542391279	-0.0100366369	107.6
1.14091718222222	0.054255517	-0.0100366423	107.8
1.14149600666667	0.0542710222	-0.0100366485	108
1.14211738888889	0.0542865184	-0.0100366489	108.2
1.14270029111111	0.0542992555	-0.0100366778	108.4
1.14330634	0.0543149716	-0.0100366671	108.6
1.14389810666667	0.0543277894	-0.01003668	108.8
1.14449005111111	0.0543427921	-0.0100366826	109
1.14505842888889	0.0543579025	-0.0100366937	109.2
1.14566409555556	0.0543744172	-0.0100366951	109.4
1.14623826444444	0.0543889443	-0.0100367092	109.6
1.14682799111111	0.0543999182	-0.010036719	109.8
1.14743112444444	0.0544135122	-0.0100367155	110
1.14798348888889	0.0544279362	-0.0100367314	110.2
1.14860587777778	0.054441916	-0.0100367425	110.4
1.14914516	0.0544573449	-0.0100367407	110.6
1.14973036222222	0.0544706563	-0.0100367602	110.8
1.15031122444444	0.0544863454	-0.0100367509	111
1.15084848666667	0.0545007604	-0.010036774	111.2
1.15145753333333	0.0545167592	-0.0100367793	111.4
1.15198988	0.0545305775	-0.0100367771	111.6
1.15258830222222	0.0545439292	-0.0100367909	111.8
1.15314705333333	0.0545592101	-0.0100367988	112
1.15370384	0.0545730373	-0.0100368055	112.2
1.15426874666667	0.0545883003	-0.0100368223	112.4
1.15482027333333	0.0546005349	-0.0100368179	112.6
1.15537147333333	0.0546133706	-0.010036825	112.8
1.15593972222222	0.0546279471	-0.0100368343	113
1.15648697555556	0.0546413437	-0.0100368352	113.2
1.15704233777778	0.0546565528	-0.0100368405	113.4
1.15762082666667	0.0546694424	-0.0100368578	113.6
1.15814504444444	0.0546853514	-0.0100368561	113.8
1.15873656	0.05469742	-0.0100368623	114
1.15923758666667	0.0547118619	-0.0100368747	114.2
1.15981125333333	0.0547270935	-0.0100368853	114.4
1.16034341555556	0.0547397363	-0.0100368773	114.6
1.1608854	0.0547523791	-0.0100369066	114.8
1.16144673111111	0.0547660853	-0.0100369088	115
1.16195285777778	0.0547809175	-0.0100369075	115.2
1.1625336	0.0547942782	-0.0100369164	115.4
1.16303428222222	0.0548068941	-0.0100369097	115.6
1.16360885111111	0.0548192813	-0.0100369332	115.8
1.16413062222222	0.0548321754	-0.0100369186	116
1.16467598444444	0.054848201	-0.0100369372	116.2
1.16520988666667	0.0548595428	-0.0100369501	116.4
1.16573669333333	0.0548753127	-0.0100369501	116.6
1.16626777555556	0.0548842138	-0.0100369589	116.8
1.16679894888889	0.0548981084	-0.0100369683	117
1.16732463111111	0.0549116934	-0.0100369851	117.2
1.16786414666667	0.0549253681	-0.0100369847	117.4
1.16836572222222	0.0549382219	-0.0100369909	117.6
1.16890128	0.0549507301	-0.0100370064	117.8
1.16942088	0.0549638665	-0.010037002	118
1.16994638222222	0.0549776264	-0.0100370046	118.2
1.17048922222222	0.0549894393	-0.0100370108	118.4
1.17097661777778	0.0550044241	-0.0100370286	118.6
1.17153380666667	0.0550164702	-0.0100370299	118.8
1.17200511333333	0.0550297322	-0.0100370348	119
1.17256911555556	0.0550422225	-0.0100370543	119.2
1.17303930666667	0.055054982	-0.0100370445	119.4
1.17359412888889	0.0550675576	-0.0100370512	119.6
1.17408555555556	0.0550825468	-0.0100370765	119.8
1.17462231555556	0.0550977649	-0.0100370774	120
1.17512015777778	0.0551084337	-0.0100370747	120.2
1.17563758	0.0551217181	-0.0100370867	120.4
1.17614239555556	0.0551361466	-0.0100370836	120.6
1.17664423111111	0.0551470711	-0.0100370938	120.8
1.17715060222222	0.0551614727	-0.0100371027	121
1.17765476666667	0.0551741783	-0.0100371124	121.2
1.17815554	0.0551881447	-0.0100371137	121.4
1.17867246666667	0.055198809	-0.0100371173	121.6
1.17915708666667	0.0552124703	-0.0100371235	121.8
1.17967943333333	0.0552227533	-0.0100371368	122
1.18014809555556	0.0552361812	-0.0100371368	122.2
1.18068106444444	0.0552474557	-0.0100371545	122.4
1.18113599333333	0.0552593179	-0.0100371537	122.6
1.18166650666667	0.0552729164	-0.010037163	122.8
1.18212562444444	0.0552847023	-0.0100371532	123
1.18264025333333	0.0552958063	-0.0100371541	123.2
1.18311150444444	0.0553116031	-0.0100371789	123.4
1.18362576	0.0553212176	-0.0100371829	123.6
1.18410210222222	0.0553352827	-0.0100371918	123.8
1.18460507333333	0.0553477865	-0.0100371883	124
1.18508878222222	0.0553609228	-0.01003721	124.2
1.18557591777778	0.0553724037	-0.0100372215	124.4
1.18605926222222	0.0553834359	-0.0100372109	124.6
1.18653327111111	0.0553966889	-0.0100372197	124.8
1.18701687555556	0.0554071603	-0.0100372282	125
1.18750019333333	0.055420328	-0.0100372406	125.2
1.18798153555556	0.0554337201	-0.0100372464	125.4
1.18847391111111	0.0554467219	-0.0100372508	125.6
1.18894748	0.0554575881	-0.010037249	125.8
1.18944843333333	0.0554713032	-0.0100372548	126
1.18990400444444	0.0554824162	-0.0100372654	126.2
1.19041153111111	0.0554954538	-0.0100372685	126.4
1.19086737333333	0.0555056695	-0.0100372747	126.6
1.19136924666667	0.0555157192	-0.010037288	126.8
1.19180547111111	0.0555274917	-0.0100372849	127
1.19230357555556	0.0555401839	-0.010037296	127.2
1.19273715555556	0.055551584	-0.0100372951	127.4
1.19322327555556	0.0555648011	-0.0100373204	127.6
1.19366465777778	0.0555755192	-0.0100373218	127.8
1.19414181333333	0.0555880589	-0.0100373231	128
1.19458686444444	0.0555970004	-0.0100373373	128.2
1.19505482888889	0.0556091453	-0.0100373404	128.4
1.19550805555556	0.055622008	-0.0100373293	128.6
1.19597280888889	0.0556329594	-0.0100373493	128.8
1.19643567333333	0.0556475135	-0.0100373515	129
1.19689710222222	0.0556571818	-0.010037363	129.2
1.1973611	0.0556702913	-0.0100373812	129.4
1.19782086222222	0.0556810498	-0.0100373772	129.6
1.19828451777778	0.0556933113	-0.0100373865	129.8
1.19874442888889	0.0557040609	-0.0100373807	130
1.19920072666667	0.0557165287	-0.0100373861	130.2
1.19966992	0.055727866	-0.0100374025	130.4
1.20010234666667	0.0557379292	-0.0100374011	130.6
1.20057558222222	0.0557506752	-0.0100374109	130.8
1.20100002	0.0557628245	-0.0100374122	131
1.20148767777778	0.0557728159	-0.0100374331	131.2
1.20190066444444	0.0557865131	-0.0100374317	131.4
1.20239354444444	0.0557965852	-0.0100374388	131.6
1.2028099	0.055809228	-0.0100374419	131.8
1.20329629111111	0.0558185509	-0.0100374468	132
1.20372882	0.0558316603	-0.0100374437	132.2
1.20420579777778	0.0558406153	-0.0100374446	132.4
1.20463126	0.0558530069	-0.0100374681	132.6
1.20508246666667	0.0558654793	-0.0100374663	132.8
1.20552537777778	0.0558771889	-0.0100374796	133
1.20596509555556	0.0558902042	-0.0100374788	133.2
1.20641806	0.0559019542	-0.0100374903	133.4
1.20686133333333	0.0559119141	-0.0100374863	133.6
1.20730702666667	0.0559223182	-0.0100374943	133.8
1.20775559777778	0.0559332248	-0.0100375076	134
1.20816589333333	0.0559461055	-0.0100374961	134.2
1.20863177333333	0.0559571197	-0.0100375156	134.4
1.20902236888889	0.055968798	-0.0100375049	134.6
1.20951111555556	0.0559782644	-0.0100375205	134.8
1.20989652222222	0.0559899696	-0.0100375409	135
1.21037649777778	0.0560008852	-0.0100375298	135.2
1.21077288222222	0.0560125634	-0.0100375311	135.4
1.21122513111111	0.0560258209	-0.01003754	135.6
1.21164495111111	0.0560362744	-0.0100375462	135.8
1.21207079555556	0.0560485942	-0.0100375613	136
1.21250335111111	0.0560585452	-0.0100375661	136.2
1.21290074222222	0.0560697479	-0.0100375777	136.4
1.21333049777778	0.0560828169	-0.0100375799	136.6
1.21371367111111	0.056093894	-0.0100375803	136.8
1.21411010222222	0.0561042712	-0.0100375839	137
1.21448692666667	0.0561138004	-0.0100375932	137.2
1.21484462666667	0.056125869	-0.0100375892	137.4
1.21520389111111	0.0561348823	-0.0100376114	137.6
1.21554262444444	0.0561459953	-0.0100376185	137.8
1.215875	0.0561612807	-0.0100376043	138
1.21619999333333	0.0561687372	-0.010037618	138.2
1.21647788444444	0.0561806218	-0.0100376282	138.4
1.21680173111111	0.0561908823	-0.0100376265	138.6
1.21705309555556	0.0561997117	-0.0100376469	138.8
1.21737999555556	0.0562134089	-0.0100376526	139
1.21761034666667	0.056221148	-0.0100376508	139.2
1.21790760444444	0.0562330102	-0.0100376553	139.4
1.21814426	0.0562426651	-0.0100376668	139.6
1.21838016	0.0562540248	-0.0100376517	139.8
1.21863210222222	0.0562626837	-0.0100376699	140
1.21880993111111	0.0562669279	-0.0100376659	140.2
1.21907293555556	0.0562692518	-0.0100376726	140.4
1.21922333777778	0.0562684174	-0.0100376704	140.6
1.21945121333333	0.0562672733	-0.0100376992	140.8
1.21960266666667	0.0562681302	-0.010037697	141
1.21977715333333	0.0562670086	-0.0100376917	141.2
1.21994182	0.0562668157	-0.0100377072	141.4
1.22007656222222	0.0562670176	-0.0100377156	141.6
1.22025807111111	0.056267704	-0.0100377121	141.8
1.22035673333333	0.0562676861	-0.0100377121	142
1.22050857777778	0.0562668785	-0.0100377489	142.2
1.22058952444444	0.0562664299	-0.0100377294	142.4
1.2206972	0.0562662145	-0.0100377302	142.6
1.22078327555556	0.0562652948	-0.0100377404	142.8
1.22085776	0.0562654473	-0.01003776	143
1.22095986666667	0.0562658825	-0.0100377644	143.2
1.22100360666667	0.0562643616	-0.0100377724	143.4
1.22107875111111	0.0562636752	-0.0100377666	143.6
1.22110005333333	0.0562625356	-0.0100377648	143.8
1.22113679333333	0.0562624728	-0.0100377883	144
1.22116734222222	0.0562618043	-0.0100377941	144.2
1.22117369111111	0.0562617639	-0.0100377963	144.4
1.22120797111111	0.0562609384	-0.0100378194	144.6
1.22119276888889	0.0562600142	-0.0100378141	144.8
1.22120976888889	0.0562604673	-0.0100378212	145
1.22118435111111	0.0562592695	-0.0100378291	145.2
1.22117710666667	0.0562584888	-0.0100378433	145.4
1.22116804666667	0.0562583991	-0.0100378354	145.6
1.22119599777778	0.0562599828	-0.0100378402	145.8
1.22120377333333	0.0562588971	-0.0100378549	146
1.22116816	0.0562565462	-0.0100378522	146.2
1.22116979777778	0.0562585741	-0.0100378522	146.4
1.22114454888889	0.0562574435	-0.0100378668	146.6
1.22113741777778	0.0562580806	-0.0100378668	146.8
1.22112592888889	0.0562587087	-0.0100378775	147
1.22111159111111	0.056258112	-0.010037897	147.2
1.22112810666667	0.0562574928	-0.0100378908	147.4
1.22110702666667	0.0562574569	-0.0100378948	147.6
1.22110284666667	0.0562565641	-0.0100378992	147.8
1.22107503555556	0.0562553528	-0.0100379139	148
1.22106607111111	0.0562557207	-0.0100379108	148.2
1.22105557777778	0.0562566269	-0.0100379134	148.4
1.22104	0.0562579908	-0.0100379241	148.6
1.22105997111111	0.056253778	-0.0100379285	148.8
1.22102940444445	0.0562544151	-0.01003794	149
1.22103543777778	0.0562533563	-0.0100379542	149.2
1.22100811111111	0.0562551958	-0.010037944	149.4
1.22099624888889	0.0562549086	-0.0100379582	149.6
1.22099869777778	0.0562529839	-0.0100379653	149.8
1.22097398	0.0562546798	-0.0100379649	150
1.22100056222222	0.0562543164	-0.0100379728	150.2
1.22096541333333	0.0562528852	-0.0100379773	150.4
1.22097470444444	0.0562527731	-0.010037987	150.6
1.22093966888889	0.0562530153	-0.0100379955	150.8
1.22092446444444	0.0562523693	-0.0100379995	151
1.22093509777778	0.056251804	-0.0100380137	151.2
1.22090476222222	0.0562538229	-0.0100380145	151.4
1.22093663333333	0.0562536345	-0.0100380057	151.6
1.22090374	0.0562533294	-0.0100380261	151.8
1.2209101	0.056253298	-0.0100380305	152
1.22088116444444	0.0562484616	-0.0100380367	152.2
1.22086475111111	0.0562494127	-0.0100380327	152.4
1.22088100666667	0.0562471156	-0.0100380478	152.6
1.22084436888889	0.0562495787	-0.0100380571	152.8
1.22087980444444	0.0562484167	-0.0100380514	153
1.22083000222222	0.0562490583	-0.0100380726	153.2
1.22084887555556	0.0562482776	-0.0100380709	153.4
1.22081822666667	0.0562477707	-0.0100380598	153.6
1.22079540666667	0.0562474476	-0.0100380917	153.8
1.22081346888889	0.0562467343	-0.0100380935	154
1.22077397333333	0.0562462183	-0.0100380966	154.2
1.22081432666667	0.0562450564	-0.0100380895	154.4
1.22076731777778	0.0562451147	-0.0100381059	154.6
1.22073016888889	0.056243356	-0.0100381165	154.8
1.22070017777778	0.0562427548	-0.0100380997	155
1.22068293555556	0.0562441277	-0.0100381183	155.2
1.22070406222222	0.0562436745	-0.0100381361	155.4
1.22066346666667	0.0562437957	-0.0100381303	155.6
1.22070187333333	0.0562426157	-0.010038144	155.8
1.22065182	0.0562443968	-0.0100381356	156
1.22066716222222	0.0562431227	-0.0100381636	156.2
1.22063435333333	0.0562442488	-0.0100381498	156.4
1.22061231555556	0.0562431317	-0.010038164	156.6
1.22059077111111	0.0562448993	-0.0100381631	156.8
1.22050761111111	0.0562448859	-0.0100381569	157
1.22050148444444	0.0562424811	-0.0100381919	157.2
1.22038474	0.0562435085	-0.0100381791	157.4
1.22035179111111	0.0562435489	-0.0100381968	157.6
1.22023235555556	0.056242369	-0.0100382048	157.8
1.22015504222222	0.0562445404	-0.0100382092	158
1.22006657555556	0.0562436072	-0.010038203	158.2
1.21992190888889	0.0562434771	-0.010038211	158.4
1.21985228666667	0.0562437149	-0.0100382248	158.6
1.21967114	0.0562454018	-0.0100382257	158.8
1.21958324666667	0.0562434188	-0.0100382239	159
1.21938809777778	0.0562437149	-0.0100382336	159.2
1.21925508888889	0.0562424452	-0.0100382394	159.4
1.21908235111111	0.0562411935	-0.010038254	159.6
1.21889499555556	0.0562400405	-0.0100382505	159.8
1.21873198888889	0.0562412563	-0.0100382589	160
1.21848960888889	0.0562412788	-0.010038274	160.2
1.21833224444444	0.0562404667	-0.0100382895	160.4
1.21807176444444	0.0562391073	-0.0100382762	160.6
1.21788544222222	0.0562395739	-0.0100382855	160.8
1.21763837777778	0.0561860773	-0.0100382953	161
1.21741550222222	0.0561899716	-0.0100383019	161.2
1.21716987111111	0.056178549	-0.0100382993	161.4
1.21689868444444	0.0561682795	-0.0100383082	161.6
1.21664214222222	0.0561551252	-0.0100383104	161.8
1.21634021111111	0.0561456947	-0.010038317	162
1.21606124	0.0561343978	-0.010038321	162.2
1.21574924444444	0.0561253845	-0.010038333	162.4
1.21545181111111	0.0561139664	-0.0100383454	162.6
1.21514061555556	0.0561022792	-0.010038333	162.8
1.21480848222222	0.0560922744	-0.0100383529	163
1.21447147111111	0.0560819151	-0.0100383516	163.2
1.21412798666667	0.0560701337	-0.0100383725	163.4
1.21376012	0.0560595098	-0.0100383773	163.6
1.21342624444444	0.0560497607	-0.0100383778	163.8
1.21303015777778	0.0560383292	-0.0100383933	164
1.21269897333333	0.0560282212	-0.0100383742	164.2
1.21226621111111	0.0560172204	-0.010038384	164.4
1.21191040222222	0.0560047615	-0.0100383986	164.6
1.21144893555556	0.0559933928	-0.010038415	164.8
1.21106095555556	0.0559831367	-0.0100384155	165
1.21061103555556	0.0559728313	-0.0100383995	165.2
1.21018806888889	0.0559628445	-0.0100384124	165.4
1.20975150888889	0.0559504214	-0.010038431	165.6
1.20932412	0.0559400218	-0.0100384275	165.8
1.20891017555556	0.0559274642	-0.0100384377	166
1.20845029333333	0.0559169614	-0.0100384514	166.2
1.20802613555556	0.0559063778	-0.0100384523	166.4
1.20757272222222	0.055894547	-0.0100384687	166.6
1.20714253111111	0.0558834251	-0.0100384807	166.8
1.20670268444445	0.0558712399	-0.0100384909	167
1.20625486666667	0.0558619036	-0.0100384864	167.2
1.20584762444444	0.0558493235	-0.0100384927	167.4
1.20537470666667	0.0558400141	-0.0100385015	167.6
1.20497344222222	0.0558289595	-0.010038506	167.8
1.20449368222222	0.0558157513	-0.0100385015	168
1.20409037111111	0.0558063656	-0.0100385188	168.2
1.20361699777778	0.055792323	-0.0100385175	168.4
1.20319903111111	0.0557812011	-0.0100385299	168.6
1.2027502	0.0557685403	-0.0100385352	168.8
1.20232891777778	0.0557569921	-0.0100385383	169
1.20188619333333	0.0557479115	-0.0100385587	169.2
1.20144437111111	0.0557346047	-0.0100385539	169.4
1.20100048222222	0.0557249229	-0.0100385707	169.6
1.2005576	0.0557109027	-0.0100385618	169.8
1.20010885333333	0.0556991347	-0.0100385707	170
1.19966824222222	0.0556884255	-0.0100385694	170.2
1.19921410444445	0.055676837	-0.0100385876	170.4
1.19877396	0.05566589	-0.010038596	170.6
1.19831269111111	0.0556535882	-0.0100385978	170.8
1.19787473555556	0.0556423137	-0.0100385916	171
1.19740469333333	0.0556309809	-0.0100386027	171.2
1.19696130888889	0.055618024	-0.0100386013	171.4
1.19648082888889	0.0556068033	-0.0100386195	171.6
1.19603888666667	0.0555969331	-0.0100386231	171.8
1.19555814	0.0555821861	-0.0100386364	172
1.19511240888889	0.0555707456	-0.0100386359	172.2
1.19463976222222	0.0555604492	-0.0100386346	172.4
1.19418645111111	0.0555471469	-0.010038651	172.6
1.19371836666667	0.0555363838	-0.0100386625	172.8
1.19325671555556	0.0555247818	-0.0100386639	173
1.19279114444445	0.0555103489	-0.0100386723	173.2
1.19232335555556	0.0555031167	-0.0100386829	173.4
1.19186012	0.0554881992	-0.0100386869	173.6
1.19139485555556	0.0554775394	-0.0100386887	173.8
1.19092572888889	0.0554655381	-0.0100386989	174
1.19045733555556	0.0554533484	-0.0100386953	174.2
1.18997468666667	0.0554423341	-0.0100387228	174.4
1.18950951555556	0.0554290856	-0.0100387095	174.6
1.18900995111111	0.0554195968	-0.0100387202	174.8
1.18856692	0.0554067744	-0.0100387246	175
1.18807051111111	0.0553921934	-0.0100387335	175.2
1.18763627777778	0.0553801922	-0.0100387317	175.4
1.18713677111111	0.0553676435	-0.0100387503	175.6
1.18669030444445	0.0553567863	-0.0100387486	175.8
1.18620102666667	0.0553430532	-0.0100387517	176
1.18572363111111	0.0553317653	-0.0100387637	176.2
1.18523662666667	0.0553184988	-0.010038773	176.4
1.18475382	0.0553056765	-0.0100387734	176.6
1.18427162	0.0552938951	-0.0100387832	176.8
1.18377810666667	0.0552809785	-0.0100387965	177
1.18330869777778	0.0552705879	-0.010038792	177.2
1.18281609555556	0.0552590891	-0.0100388027	177.4
1.18233342888889	0.0552467334	-0.0100387996	177.6
1.18184962666667	0.055232269	-0.010038808	177.8
1.18133670222222	0.0552207882	-0.0100388195	178
1.18087734888889	0.0552075531	-0.0100388164	178.2
1.18034991777778	0.0551945514	-0.0100388186	178.4
1.17991761333333	0.0551839498	-0.010038832	178.6
1.17938299333333	0.0551681081	-0.0100388457	178.8
1.17894275555556	0.0551574304	-0.0100388484	179
1.17841536222222	0.0551463353	-0.0100388586	179.2
1.17794909111111	0.0551334592	-0.0100388599	179.4
1.17746372444444	0.0551214086	-0.0100388692	179.6
1.17697910222222	0.0551094611	-0.0100388759	179.8
1.17650771111111	0.0550957191	-0.0100388754	180
1.17602338888889	0.0550816585	-0.0100388989	180.2
1.17554419555556	0.0550689618	-0.0100388976	180.4
1.17507202444444	0.0550561709	-0.010038902	180.6
1.17456936	0.0550439588	-0.010038902	180.8
1.17410942888889	0.0550334425	-0.0100389286	181
1.17360840222222	0.0550194492	-0.0100389273	181.2
1.17311555111111	0.0550066269	-0.0100389144	181.4
1.17263608	0.0549914313	-0.0100389282	181.6
1.17210691777778	0.0549802241	-0.0100389322	181.8
1.17165401555556	0.0549657283	-0.0100389375	182
1.17111018888889	0.0549564862	-0.0100389353	182.2
1.17066216888889	0.0549422103	-0.0100389473	182.4
1.17012930888889	0.0549298277	-0.0100389721	182.6
1.16964527333333	0.0549185083	-0.0100389624	182.8
1.16914461777778	0.0549040395	-0.0100389703	183
1.16863988666667	0.0548929714	-0.0100389584	183.2
1.1681528	0.054880333	-0.0100389828	183.4
1.16764170888889	0.0548663532	-0.0100389739	183.6
1.16713988	0.0548536027	-0.010038989	183.8
1.16663086444444	0.0548407266	-0.0100389987	184
1.16612597333333	0.0548259257	-0.0100389921	184.2
1.16560434222222	0.0548147858	-0.0100390116	184.4
1.16511393777778	0.0548003753	-0.0100390173	184.6
1.16456681555556	0.0547875126	-0.0100390134	184.8
1.16409531333333	0.0547737212	-0.0100390182	185
1.16356434444444	0.0547584807	-0.0100390236	185.2
1.16306444444444	0.0547437382	-0.01003904	185.4
1.16256428444444	0.0547318177	-0.0100390329	185.6
1.16202087777778	0.0547172816	-0.0100390422	185.8
1.16155122888889	0.0547028576	-0.0100390519	186
1.16098610888889	0.0546910941	-0.0100390586	186.2
1.16049209333333	0.05467654	-0.0100390564	186.4
1.15997246444444	0.054664938	-0.0100390852	186.6
1.15944180222222	0.0546476337	-0.010039079	186.8
1.15894050444445	0.0546349101	-0.0100390808	187
1.15839758222222	0.0546206342	-0.0100390954	187.2
1.15786704222222	0.0546085656	-0.0100391052	187.4
1.15733008666667	0.0545941058	-0.0100390945	187.6
1.15679406222222	0.0545807002	-0.0100391034	187.8
1.15622936	0.0545666307	-0.0100391078	188
1.15572062444444	0.054551758	-0.0100391109	188.2
1.15516252666667	0.0545374193	-0.0100391238	188.4
1.15460844	0.0545237132	-0.0100391269	188.6
1.15408551555556	0.0545096032	-0.0100391371	188.8
1.15349172	0.0544959689	-0.0100391367	189
1.15298715555556	0.0544803695	-0.0100391393	189.2
1.15241208222222	0.0544669146	-0.0100391637	189.4
1.15184195333333	0.0544504134	-0.0100391566	189.6
1.15133250222222	0.0544394619	-0.0100391668	189.8
1.15072918222222	0.0544236426	-0.0100391717	190
1.15018511333333	0.0544070697	-0.0100391908	190.2
1.14963055111111	0.0543964053	-0.0100391952	190.4
1.14904958444444	0.0543801688	-0.0100391961	190.6
1.14849567333333	0.0543655968	-0.0100392036	190.8
1.14792335777778	0.0543507421	-0.0100391979	191
1.14735509111111	0.0543357753	-0.0100392081	191.2
1.14676945111111	0.0543199919	-0.0100392174	191.4
1.14621832666667	0.0543054648	-0.0100392231	191.6
1.14563069555556	0.0542926066	-0.0100392351	191.8
1.14505202888889	0.0542766706	-0.010039236	192
1.14450016666667	0.0542625518	-0.0100392404	192.2
1.14388074666667	0.0542472529	-0.0100392418	192.4
1.14332149333333	0.0542317612	-0.0100392608	192.6
1.14274858222222	0.0542186383	-0.0100392569	192.8
1.14212328888889	0.0542035638	-0.0100392759	193
1.14156877333333	0.0541895615	-0.0100392675	193.2
1.14097345111111	0.0541742716	-0.0100392622	193.4
1.14036840888889	0.0541584569	-0.0100392777	193.6
1.13980011333333	0.0541428664	-0.0100392932	193.8
1.13918869333333	0.0541275407	-0.0100392861	194
1.13859650666667	0.0541115868	-0.0100392954	194.2
1.13799030888889	0.0540950004	-0.0100392999	194.4
1.13740762	0.0540802758	-0.0100393101	194.6
1.13680063111111	0.0540658653	-0.0100393141	194.8
1.13616851333333	0.0540507997	-0.010039307	195
1.13560516222222	0.0540361469	-0.0100393269	195.2
1.13498211333333	0.0540181248	-0.0100393318	195.4
1.13433601111111	0.0540045174	-0.0100393296	195.6
1.13376843333333	0.0539872849	-0.010039334	195.8
1.13314343777778	0.0539718829	-0.0100393447	196
1.13251346888889	0.0539549913	-0.0100393544	196.2
1.13192241111111	0.0539422094	-0.0100393686	196.4
1.13129587777778	0.0539243443	-0.0100393646	196.6
1.13067478444444	0.0539068471	-0.0100393739	196.8
1.13004417555556	0.0538932083	-0.010039381	197
1.12941968444444	0.0538775012	-0.0100393935	197.2
1.12880029333333	0.0538612871	-0.0100393819	197.4
1.12813594222222	0.0538458941	-0.0100393921	197.6
1.12750432666667	0.0538307208	-0.0100394028	197.8
1.12690088444444	0.0538135556	-0.0100394068	198
1.12621285777778	0.0537966776	-0.0100394125	198.2
1.12557818	0.0537824465	-0.0100394174	198.4
1.12496688888889	0.0537641911	-0.0100394201	198.6
1.12427705333333	0.0537495204	-0.0100394329	198.8
1.12362633333333	0.0537315431	-0.010039432	199
1.12298543555556	0.0537139562	-0.0100394445	199.2
1.12232250888889	0.0536989041	-0.0100394449	199.4
1.12166715111111	0.0536833451	-0.0100394538	199.6
1.12099446666667	0.0536652242	-0.0100394529	199.8
1.12034028222222	0.0536465112	-0.0100394649	200
1.11969742888889	0.0536297408	-0.0100394755	200.2
1.11899578888889	0.0536138184	-0.0100394817	200.4
1.11831266666667	0.0535973441	-0.0100394946	200.6
1.11768231777778	0.053579645	-0.010039503	200.8
1.11698046444444	0.0535602141	-0.0100394906	201
1.11627337777778	0.0535431925	-0.0100395092	201.2
1.11561616888889	0.0535224471	-0.010039507	201.4
1.11494328888889	0.0535063945	-0.0100395234	201.6
1.11423962888889	0.0534898529	-0.0100395172	201.8
1.11354953333333	0.0534709784	-0.0100395278	202
1.11284936666667	0.0534531178	-0.010039527	202.2
1.11216241777778	0.0534358225	-0.0100395536	202.4
1.11146884	0.0534184285	-0.0100395456	202.6
1.11073281555556	0.0533992623	-0.0100395403	202.8
1.11001594222222	0.0533809575	-0.010039554	203
1.10934684444444	0.0533639583	-0.010039562	203.2
1.10861833555556	0.0533443256	-0.0100395624	203.4
1.10785886888889	0.0533263394	-0.0100395589	203.6
1.10714637333333	0.0533086627	-0.0100395771	203.8
1.10644740444444	0.0532916545	-0.01003957	204
1.10570425111111	0.0532725243	-0.010039582	204.2
1.10496626222222	0.0532529678	-0.0100395913	204.4
1.10423402888889	0.0532355109	-0.0100395895	204.6
1.10348459777778	0.0532149001	-0.0100396015	204.8
1.10275368666667	0.0531959493	-0.0100396032	205
1.10202342666667	0.0531753161	-0.0100396165	205.2
1.10124079333333	0.0531561903	-0.010039625	205.4
1.10045819111111	0.0531381996	-0.0100396259	205.6
1.09973662666667	0.0531174721	-0.0100396272	205.8
1.09900165555556	0.0530967402	-0.0100396503	206
1.09820253333333	0.0530760217	-0.0100396463	206.2
1.097421	0.0530585425	-0.0100396489	206.4
1.09665527555556	0.053036321	-0.010039648	206.6
1.09588850888889	0.0530175048	-0.0100396618	206.8
1.09510954444444	0.0529979169	-0.0100396467	207
1.09434012444444	0.0529785533	-0.0100396587	207.2
1.09353785777778	0.0529583059	-0.0100396662	207.4
1.0927117	0.0529366991	-0.0100396831	207.6
1.09193375111111	0.0529188789	-0.0100396813	207.8
1.09115673333333	0.052897483	-0.0100396888	208
1.09035599333333	0.0528741309	-0.0100396893	208.2
1.08952382888889	0.0528542111	-0.010039699	208.4
1.08871409333333	0.0528315544	-0.0100397128	208.6
1.08790559777778	0.0528117467	-0.0100397132	208.8
1.0870681	0.0527932041	-0.0100397115	209
1.08626445333333	0.0527695874	-0.0100397234	209.2
1.08547446666667	0.0527483171	-0.0100397274	209.4
1.08464158666667	0.0527255304	-0.0100397376	209.6
1.08376861333333	0.0527053817	-0.0100397483	209.8
1.08292395555556	0.0526817829	-0.0100397509	210
1.08209562888889	0.0526624238	-0.0100397487	210.2
1.08125140666667	0.0526416739	-0.0100397629	210.4
1.08039895555556	0.0526174605	-0.0100397682	210.6
1.07958267555556	0.0525977604	-0.010039774	210.8
1.07875737333333	0.0525738207	-0.0100397873	211
1.07788071333333	0.0525528509	-0.0100397851	211.2
1.07698167333333	0.0525299745	-0.0100397811	211.4
1.07610793777778	0.0525063084	-0.0100397966	211.6
1.07524326222222	0.0524835486	-0.010039821	211.8
1.07436978	0.0524606003	-0.0100398255	212
1.07347569111111	0.0524372303	-0.0100398223	212.2
1.07261986888889	0.0524125952	-0.0100398228	212.4
1.07177229555556	0.0523895527	-0.0100398294	212.6
1.07090618444445	0.0523654245	-0.0100398299	212.8
1.06999065555556	0.0523425032	-0.0100398441	213
1.06907526444445	0.0523163112	-0.0100398565	213.2
1.06817797555556	0.0522928695	-0.0100398507	213.4
1.06726738888889	0.0522681401	-0.0100398552	213.6
1.06632608888889	0.0522416789	-0.0100398694	213.8
1.06537670444445	0.052217627	-0.0100398742	214
1.06444842	0.0521934046	-0.0100398867	214.2
1.06353721111111	0.052168406	-0.0100398822	214.4
1.06261669111111	0.0521456372	-0.0100399004	214.6
1.06167312666667	0.0521193421	-0.0100398969	214.8
1.06073293333333	0.0520934956	-0.0100399004	215
1.05982218888889	0.0520667787	-0.0100399017	215.2
1.05891659333333	0.0520427492	-0.0100399084	215.4
1.05800276888889	0.0520155568	-0.0100399279	215.6
1.05705583555556	0.0519893738	-0.0100399248	215.8
1.05610315777778	0.0519637426	-0.0100399359	216
1.05517122222222	0.051935783	-0.0100399399	216.2
1.05424717111111	0.0519115382	-0.0100399474	216.4
1.05331316888889	0.0518842201	-0.0100399487	216.6
1.05235690666667	0.0518555337	-0.010039959	216.8
1.05139892	0.051828238	-0.0100399674	217
1.05043049555556	0.0518013058	-0.0100399718	217.2
1.04947957555556	0.0517757958	-0.0100399909	217.4
1.04853027777778	0.051747383	-0.0100400002	217.6
1.04756773777778	0.0517197599	-0.0100399927	217.8
1.04658701555556	0.0516917105	-0.0100400006	218
1.04557996444445	0.0516638047	-0.0100400069	218.2
1.04457821777778	0.0516351407	-0.0100400233	218.4
1.04358107111111	0.0516055974	-0.0100400162	218.6
1.04258477333333	0.0515791945	-0.0100400228	218.8
1.04158396888889	0.0515477041	-0.010040033	219
1.0405624	0.0515206328	-0.0100400383	219.2
1.03952043333333	0.0514904389	-0.0100400481	219.4
1.03845655777778	0.0514611333	-0.0100400477	219.6
1.03739002	0.051433057	-0.0100400539	219.8
1.03632989777778	0.0514016204	-0.010040061	220
1.03529400222222	0.0513715566	-0.0100400716	220.2
1.03427155111111	0.0513417306	-0.0100400743	220.4
1.03325932222222	0.051311927	-0.0100400889	220.6
1.0322389	0.0512790996	-0.010040088	220.8
1.03119019111111	0.0512483135	-0.0100400893	221
1.03011848666667	0.0512193758	-0.0100400987	221.2
1.02901886888889	0.0511835783	-0.0100400982	221.4
1.02791442888889	0.0511538959	-0.0100401129	221.6
1.02682060222222	0.051121728	-0.0100401155	221.8
1.02574724	0.0510901882	-0.0100401248	222
1.02469129777778	0.051058922	-0.0100401302	222.2
1.02362855866444	0.0510260362	-0.0100401372	222.4
1.02254583051778	0.0509950662	-0.0100401528	222.6
1.02145368912	0.0509608928	-0.010040159	222.8
1.02036059957556	0.0509290569	-0.0100401452	223
1.01928280567778	0.0508967364	-0.0100401581	223.2
1.01819560844	0.0508633078	-0.0100401692	223.4
1.01708113052667	0.0508305611	-0.0100401749	223.6
1.01594338724	0.0507956385	-0.010040171	223.8
1.01481345396444	0.0507622009	-0.0100401958	224
1.01368763757556	0.0507284448	-0.0100401958	224.2
1.01254121585333	0.0506943252	-0.0100401962	224.4
1.01137027912	0.0506614843	-0.0100402024	224.6
1.01020615803111	0.0506249959	-0.0100402126	224.8
1.00905927088222	0.0505935862	-0.0100402118	225
1.00788327891778	0.0505544329	-0.0100402153	225.2
1.00669677695778	0.0505199858	-0.0100402415	225.4
1.00552936909778	0.0504852157	-0.0100402277	225.6
1.00435748344	0.050447341	-0.0100402455	225.8
1.00315789029111	0.0504131766	-0.0100402517	226
1.00196954473333	0.0503753109	-0.0100402637	226.2
1.00078580810889	0.0503405004	-0.0100402694	226.4
0.99957339352	0.0503047747	-0.0100402827	226.6
0.998374508537778	0.0502686004	-0.0100402752	226.8
0.997172223726667	0.0502304475	-0.010040296	227
0.995949297431111	0.0501934701	-0.0100402894	227.2
0.994748689668889	0.0501558601	-0.0100402938	227.4
0.993532431	0.0501188692	-0.0100402951	227.6
0.992320165951111	0.0500816989	-0.0100403036	227.8
0.991115516131111	0.050042882	-0.0100403257	228
0.989895281948889	0.0500037556	-0.0100403173	228.2
0.988698296073333	0.0499675857	-0.0100403235	228.4
0.987472671244444	0.0499276158	-0.0100403244	228.6
0.986263971908889	0.0498901808	-0.0100403413	228.8
0.9850264855	0.0498509512	-0.0100403395	229
0.983796744331111	0.0498139827	-0.0100403479	229.2
0.98253095214	0.0497747038	-0.0100403475	229.4
0.981267545253333	0.0497350345	-0.0100403679	229.6
0.979977146842222	0.0496947102	-0.0100403697	229.8
0.978715201528889	0.0496557946	-0.0100403705	230
0.977433396304445	0.0496182115	-0.0100403799	230.2
0.976186505737778	0.0495775731	-0.0100403874	230.4
0.974907027817778	0.0495381596	-0.0100403998	230.6
0.973631591766667	0.0494992216	-0.0100403932	230.8
0.972328390962222	0.0494582916	-0.010040406	231
0.971003738975556	0.049418371	-0.0100404131	231.2
0.969704979257778	0.0493780602	-0.0100404087	231.4
0.968396266608889	0.0493383954	-0.0100404242	231.6
0.967091566788889	0.0492962899	-0.010040422	231.8
0.965793095697778	0.049254992	-0.0100404388	232
0.964445334786667	0.0492147081	-0.0100404459	232.2
0.963090088228889	0.0491724277	-0.0100404508	232.4
0.961766041177778	0.0491311522	-0.0100404681	232.6
0.96044096066	0.0490905273	-0.0100404628	232.8
0.959078721913334	0.0490501088	-0.0100404783	233
0.957700189782222	0.0490087212	-0.0100404894	233.2
0.956345101502223	0.0489660774	-0.0100404907	233.4
0.955002154124445	0.0489239091	-0.0100404969	233.6
0.953627383435556	0.0488810769	-0.0100405067	233.8
0.952219616313334	0.048840102	-0.0100405009	234
0.950833486808889	0.0487974537	-0.0100405213	234.2
0.949453893277778	0.0487563129	-0.0100405218	234.4
0.948054198366667	0.0487132114	-0.0100405125	234.6
0.946650835115556	0.0486711105	-0.0100405435	234.8
0.945264240084445	0.048628664	-0.0100405586	235
0.943851054248889	0.0485863567	-0.0100405564	235.2
0.942421779857778	0.0485447762	-0.010040567	235.4
0.941009823006667	0.0485011588	-0.0100405648	235.6
0.939566955277778	0.0484570345	-0.0100405706	235.8
0.938118873664445	0.048414117	-0.0100405737	236
0.936686517497778	0.0483695081	-0.0100405684	236.2
0.935222822166667	0.0483270437	-0.0100405967	236.4
0.933773325357778	0.0482813491	-0.0100405963	236.6
0.932312274211112	0.0482410786	-0.0100406007	236.8
0.930836400737778	0.0481954782	-0.0100406034	237
0.929368106015556	0.0481500977	-0.0100406132	237.2
0.92785649882	0.0481066687	-0.0100406189	237.4
0.926358922557778	0.0480624546	-0.0100406176	237.6
0.924827716746667	0.0480185142	-0.010040634	237.8
0.923311612577778	0.0479731382	-0.0100406309	238
0.921780844362223	0.0479293548	-0.0100406451	238.2
0.920269144062223	0.0478850914	-0.0100406699	238.4
0.918715527864445	0.0478386161	-0.0100406735	238.6
0.917166166566667	0.0477947744	-0.0100406783	238.8
0.915596108015556	0.0477475364	-0.0100406761	239
0.914052398197778	0.0477031788	-0.0100406952	239.2
0.912458448886667	0.0476582783	-0.010040689	239.4
0.910883074037778	0.0476123324	-0.0100407143	239.6
0.909295362766667	0.0475659648	-0.0100407098	239.8
0.907693471595556	0.0475181122	-0.0100407276	240
0.906096179815556	0.0474730861	-0.0100407227	240.2
0.904463573286667	0.0474256956	-0.0100407307	240.4
0.902839793117778	0.0473812662	-0.0100407422	240.6
0.901218517473334	0.0473327586	-0.0100407453	240.8
0.899552039322223	0.0472851079	-0.0100407524	241
0.897915662037778	0.0472388659	-0.0100407555	241.2
0.89625639022	0.0471900038	-0.0100407697	241.4
0.894580964673334	0.0471419628	-0.0100407781	241.6
0.892891294051112	0.047094846	-0.0100407799	241.8
0.891219238906667	0.0470476843	-0.010040791	242
0.889526169948889	0.0469990062	-0.0100408114	242.2
0.887801985282223	0.0469485335	-0.0100407977	242.4
0.88607106912	0.0469005912	-0.0100408048	242.6
0.884353196975556	0.0468506255	-0.0100408181	242.8
0.882625241555556	0.046802903	-0.0100408252	243
0.880877007851112	0.0467530494	-0.0100408189	243.2
0.879110749006667	0.0467058877	-0.0100408451	243.4
0.877327470557778	0.0466539255	-0.0100408447	243.6
0.875530673255556	0.0466037983	-0.0100408402	243.8
0.873719975368889	0.0465534377	-0.0100408584	244
0.871905003957778	0.0465027901	-0.0100408726	244.2
0.870076429897778	0.046453107	-0.0100408762	244.4
0.868237567728889	0.0463995207	-0.010040885	244.6
0.866392337173333	0.0463503311	-0.010040889	244.8
0.864536269191111	0.0462972204	-0.0100408992	245
0.862674866286667	0.0462442488	-0.0100408997	245.2
0.860797654144445	0.0461933947	-0.0100409019	245.4
0.858901187875556	0.0461384041	-0.0100409214	245.6
0.856995047991111	0.0460874963	-0.0100409325	245.8
0.855068750862222	0.0460343048	-0.0100409405	246
0.853134809806667	0.0459779638	-0.0100409409	246.2
0.851205188826667	0.0459255933	-0.0100409436	246.4
0.849268696693333	0.0458692972	-0.0100409666	246.6
0.847320622291111	0.0458157513	-0.0100409728	246.8
0.845353414797778	0.0457573106	-0.0100409764	247
0.843362176888889	0.0457039083	-0.0100409884	247.2
0.841358267382222	0.0456473609	-0.0100409986	247.4
0.839356164111111	0.0455887857	-0.010040991	247.6
0.837341147171111	0.0455323505	-0.0100409933	247.8
0.835297556286667	0.0454719313	-0.0100410097	248
0.833241284493334	0.045415846	-0.0100410314	248.2
0.831189044151111	0.0453555345	-0.0100410305	248.4
0.829115985515556	0.0452986148	-0.0100410553	248.6
0.827014138795556	0.0452391737	-0.0100410447	248.8
0.824920569115556	0.0451778707	-0.0100410527	249
0.822815752342222	0.0451151544	-0.0100410722	249.2
0.82070100126	0.045054327	-0.0100410789	249.4
0.818579164882222	0.0449915838	-0.0100410771	249.6
0.816427236951111	0.0449271268	-0.0100410864	249.8
0.814281081533334	0.044864092	-0.0100410775	250
0.812111435708889	0.0448005323	-0.0100410961	250.2
0.809944964766667	0.0447343435	-0.0100411095	250.4
0.807747620186667	0.0446675222	-0.0100411223	250.6
0.805541933395556	0.0445992203	-0.0100411223	250.8
0.803314190013333	0.0445353824	-0.0100411449	251
0.801082135868889	0.0444662775	-0.0100411432	251.2
0.798848294106667	0.0443958445	-0.010041148	251.4
0.796591622982223	0.0443259006	-0.0100411574	251.6
0.794308305191112	0.0442522732	-0.01004116	251.8
0.792023097366667	0.044181764	-0.0100411684	252
0.789734761213334	0.0441057768	-0.0100411928	252.2
0.787434265540001	0.0440374211	-0.0100411804	252.4
0.785116713017778	0.0439640405	-0.0100411897	252.6
0.782784813004445	0.0438873265	-0.0100412106	252.8
0.78044073484889	0.0438114066	-0.0100412066	253
0.778085409604445	0.0437351861	-0.0100412248	253.2
0.775719824182223	0.0436573998	-0.0100412279	253.4
0.773340515075556	0.0435789944	-0.0100412443	253.6
0.770946718822223	0.0435041737	-0.010041235	253.8
0.768541377540001	0.0434247095	-0.0100412611	254
0.766115664871112	0.0433439083	-0.010041258	254.2
0.763675902646667	0.0432637981	-0.0100412722	254.4
0.761231559653334	0.0431840063	-0.0100412966	254.6
0.758777375455556	0.0431019848	-0.0100413077	254.8
0.756319150497778	0.0430203716	-0.0100413104	255
0.753845954248889	0.0429411721	-0.0100413179	255.2
0.751354211471111	0.042859864	-0.010041333	255.4
0.74885120298	0.0427763754	-0.0100413476	255.6
0.746338595357778	0.0426959735	-0.0100413436	255.8
0.743818520711111	0.0426125971	-0.0100413592	256
0.741288493133334	0.0425334739	-0.0100413649	256.2
0.738741836991111	0.0424533771	-0.0100413765	256.4
0.736182537182222	0.0423684932	-0.0100414048	256.6
0.73362152424	0.042286041	-0.0100413969	256.8
0.731053258413334	0.0422040689	-0.010041396	257
0.728467507455556	0.0421214642	-0.0100414088	257.2
0.725870462853334	0.0420385409	-0.0100414164	257.4
0.723271323388889	0.0419593683	-0.010041423	257.6
0.720660927522222	0.0418772795	-0.0100414275	257.8
0.718035690711111	0.0417930866	-0.0100414541	258
0.715387112462222	0.0417110426	-0.0100414501	258.2
0.712731057875556	0.0416260287	-0.0100414669	258.4
0.710067508331111	0.0415459498	-0.0100414647	258.6
0.707395262773334	0.0414631926	-0.0100414798	258.8
0.704712645311111	0.041382517	-0.0100414975	259
0.702014684135556	0.041301837	-0.0100414944	259.2
0.699306323124445	0.0412179895	-0.0100415073	259.4
0.696590988544445	0.0411353399	-0.0100415219	259.6
0.693874127042223	0.0410510527	-0.0100415339	259.8
0.691146241902223	0.040967129	-0.0100415401	260
0.688407556573334	0.0408835372	-0.0100415401	260.2
0.685657009662223	0.0408025521	-0.0100415587	260.4
0.682901044035556	0.0407210869	-0.0100415756	260.6
0.680140749024445	0.0406353641	-0.0100415712	260.8
0.677368080348889	0.0405513775	-0.0100415929	261
0.674582209375556	0.0404665655	-0.0100415942	261.2
0.671791441077778	0.0403846382	-0.0100415964	261.4
0.668995058544445	0.0402993102	-0.0100416133	261.6
0.666188955844445	0.04021138	-0.0100416204	261.8
0.66337797444	0.0401259802	-0.0100416231	262
0.660557570802222	0.0400370765	-0.0100416364	262.2
0.6577282477	0.0399493392	-0.0100416408	262.4
0.654892937942222	0.0398567477	-0.0100416683	262.6
0.652049798046667	0.0397706614	-0.0100416665	262.8
0.649197850413334	0.0396816052	-0.0100416745	263
0.646335940537778	0.0395891078	-0.0100416945	263.2
0.643469757142223	0.0394978038	-0.0100416843	263.4
0.640592010097778	0.0394017397	-0.0100416914	263.6
0.637708872271111	0.0393079861	-0.0100417051	263.8
0.634817680857778	0.0392144075	-0.0100417299	264
0.631920251402223	0.0391241937	-0.010041741	264.2
0.629017896688889	0.0390296236	-0.0100417388	264.4
0.626104415922223	0.0389310695	-0.0100417526	264.6
0.623185050915556	0.0388335697	-0.0100417601	264.8
0.620259243037778	0.0387365769	-0.0100417597	265
0.617328947497778	0.0386396379	-0.0100417708	265.2
0.61439190184	0.0385432373	-0.0100417925	265.4
0.611446411555556	0.0384497349	-0.0100418045	265.6
0.608493621833334	0.0383548418	-0.0100418182	265.8
0.605533281291112	0.0382544931	-0.0100418337	266
0.602563890937778	0.0381567555	-0.0100418342	266.2
0.599584417306667	0.0380618983	-0.0100418399	266.4
0.596601387060001	0.0379671038	-0.010041843	266.6
0.593614250882223	0.0378735477	-0.0100418541	266.8
0.590618735246667	0.037774177	-0.0100418661	267
0.587618620222223	0.0376798267	-0.0100418732	267.2
0.584608915375556	0.0375811963	-0.0100418799	267.4
0.581591920404445	0.0374854732	-0.0100419078	267.6
0.578569860517778	0.0373882516	-0.0100419149	267.8
0.575540910857778	0.0372948524	-0.0100419238	268
0.572503255873334	0.0372017494	-0.0100419251	268.2
0.569458003517778	0.0371037785	-0.0100419433	268.4
0.566404799988889	0.0370089123	-0.0100419517	268.6
0.563344837031112	0.0369113003	-0.0100419553	268.8
0.560279557775556	0.0368133698	-0.0100419739	269
0.557208487386667	0.0367144927	-0.010041981	269.2
0.554128860640001	0.0366208782	-0.0100419792	269.4
0.551044820715556	0.0365245314	-0.0100420009	269.6
0.547952233744445	0.0364229938	-0.0100420032	269.8
0.544853390115556	0.0363223625	-0.01004202	270
0.541748494657778	0.0362189137	-0.010042028	270.2
0.538636290451112	0.0361183048	-0.0100420293	270.4
0.535517568891112	0.0360140887	-0.0100420519	270.6
0.532394629671112	0.0359147585	-0.0100420613	270.8
0.529262258908889	0.0358118705	-0.0100420657	271
0.526122048700001	0.0357062681	-0.0100420857	271.2
0.522975116306667	0.0356020476	-0.0100421034	271.4
0.519820605160001	0.0354974637	-0.0100421123	271.6
0.516662062566667	0.0353962447	-0.0100421216	271.8
0.513499842322223	0.0352926702	-0.0100421154	272
0.510330667131112	0.035184856	-0.0100421358	272.2
0.507153754908889	0.0350808464	-0.0100421433	272.4
0.503972308471112	0.0349729066	-0.0100421442	272.6
0.500783888464445	0.0348708486	-0.0100421628	272.8
0.497588792824445	0.0347625364	-0.0100421717	273
0.494388660202223	0.0346622999	-0.0100421841	273.2
0.491176740477778	0.034559367	-0.0100422027	273.4
0.487961757597778	0.0344518983	-0.0100422116	273.6
0.484739605626667	0.0343487366	-0.0100422223	273.8
0.481511187686667	0.0342428292	-0.0100422409	274
0.478274893057778	0.0341386491	-0.0100422351	274.2
0.475031382786667	0.0340315617	-0.010042248	274.4
0.471782304831112	0.033925596	-0.0100422653	274.6
0.4685270447	0.033819388	-0.0100422582	274.8
0.4652675576	0.0337101247	-0.0100422706	275
0.462002391091111	0.033603477	-0.0100422804	275.2
0.458729822731111	0.033493128	-0.0100422897	275.4
0.455455085024445	0.0333826309	-0.0100423065	275.6
0.45217212614	0.033270604	-0.0100423203	275.8
0.448881290568889	0.0331643556	-0.0100423269	276
0.445584375235556	0.0330579547	-0.0100423367	276.2
0.442282488093334	0.0329451785	-0.0100423558	276.4
0.438975787417778	0.032835314	-0.010042358	276.6
0.435661023844445	0.0327241395	-0.0100423704	276.8
0.432340776382222	0.0326146923	-0.0100423908	277
0.42902123652	0.03250957	-0.0100423877	277.2
0.42569586828	0.0323955376	-0.0100424072	277.4
0.42236442028	0.0322831607	-0.0100424072	277.6
0.419028773242222	0.0321701377	-0.010042421	277.8
0.415688750266667	0.0320601566	-0.0100424325	278
0.412340804051111	0.0319459807	-0.0100424467	278.2
0.408988640175556	0.0318377762	-0.0100424387	278.4
0.405628664784444	0.0317262024	-0.0100424489	278.6
0.402266352457778	0.0316119636	-0.0100424653	278.8
0.398899003146667	0.0314987432	-0.0100424715	279
0.395526104775556	0.0313828669	-0.0100424888	279.2
0.392149342544445	0.0312678834	-0.0100424875	279.4
0.388768837488889	0.0311545823	-0.0100425043	279.6
0.385380902651111	0.0310405947	-0.0100425212	279.8
0.381990854326667	0.0309302233	-0.010042538	280
0.378597510084444	0.0308117403	-0.010042546	280.2
0.375200879233333	0.0306955365	-0.0100425607	280.4
0.371798550353333	0.0305795839	-0.0100425726	280.6
0.368395299731111	0.0304651522	-0.0100425962	280.8
0.364985634171111	0.0303467365	-0.0100425935	281
0.361572737866667	0.0302333906	-0.0100426134	281.2
0.358156852888889	0.0301201209	-0.0100426139	281.4
0.354734245724444	0.0300000587	-0.0100426245	281.6
0.351304152913333	0.0298813738	-0.0100426214	281.8
0.347869078982222	0.0297646854	-0.0100426525	282
0.344433148484444	0.0296513439	-0.0100426543	282.2
0.340997487993333	0.0295333096	-0.010042672	282.4
0.337556967415555	0.029411574	-0.0100426862	282.6
0.334113169542222	0.0292923283	-0.0100426875	282.8
0.330666178162222	0.0291712791	-0.0100426928	283
0.327215453268889	0.029053487	-0.0100427075	283.2
0.323763378353333	0.0289323032	-0.0100427128	283.4
0.320306415424444	0.0288173062	-0.0100427354	283.6
0.316845002073333	0.0287002769	-0.0100427345	283.8
0.31338098178	0.0285771145	-0.0100427412	284
0.309914121782222	0.0284550514	-0.0100427651	284.2
0.306442690324444	0.0283332843	-0.01004277	284.4
0.302965923946667	0.0282107725	-0.0100427784	284.6
0.299487844788889	0.0280910019	-0.0100427997	284.8
0.296010864268889	0.0279736271	-0.010042813	285
0.292529442637778	0.027851546	-0.010042809	285.2
0.289046447533333	0.0277251085	-0.0100428357	285.4
0.28555959788	0.0276021705	-0.0100428547	285.6
0.282067767104444	0.0274763612	-0.0100428561	285.8
0.278577034968889	0.0273514356	-0.0100428618	286
0.275081209986666	0.0272264024	-0.01004288	286.2
0.271581921495555	0.0271050212	-0.0100428907	286.4
0.268082363002222	0.0269801944	-0.0100429111	286.6
0.264579685488889	0.0268537704	-0.0100429066	286.8
0.261071831333333	0.0267255563	-0.0100429341	287
0.257561863691111	0.0265977146	-0.0100429337	287.2
0.254053702288889	0.0264742292	-0.0100429359	287.4
0.250544870531111	0.026346558	-0.0100429399	287.6
0.247034251155555	0.0262167332	-0.0100429594	287.8
0.243521462431111	0.0260884787	-0.0100429661	288
0.240005889864444	0.0259568684	-0.0100429727	288.2
0.236490466266667	0.0258269315	-0.0100429891	288.4
0.232971048462222	0.0256932529	-0.010042986	288.6
0.229450746157778	0.0255666315	-0.0100430148	288.8
0.225925946882222	0.0254400953	-0.0100430361	289
0.22240107312	0.0253037831	-0.0100430344	289.2
0.21887349	0.0251708672	-0.010043053	289.4
0.215343784086667	0.0250362644	-0.0100430587	289.6
0.211810102588889	0.0249012174	-0.0100430734	289.8
0.208277296277778	0.0247660493	-0.0100430929	290
0.204743530982222	0.0246313119	-0.0100430889	290.2
0.20120761496	0.0244979967	-0.0100431111	290.4
0.197673998635555	0.0243557669	-0.0100431058	290.6
0.194142011648889	0.0242180908	-0.0100431155	290.8
0.190604894571111	0.0240772159	-0.0100431359	291
0.187067153691111	0.0239392303	-0.0100431435	291.2
0.183526926904444	0.0237965922	-0.0100431594	291.4
0.179986001831111	0.0236602756	-0.0100431656	291.6
0.176443130862222	0.023519616	-0.0100431559	291.8
0.172900287826667	0.0233694093	-0.0100431736	292
0.169354465428889	0.0232298265	-0.0100431993	292.2
0.165805077106667	0.0230824058	-0.0100431954	292.4
0.162260493004444	0.0229400549	-0.0100431993	292.6
0.158717966524444	0.0227921004	-0.0100432189	292.8
0.155170924448889	0.0226375956	-0.0100432282	293
0.151624683075555	0.0224886899	-0.0100432419	293.2
0.148080024488889	0.0223342031	-0.010043261	293.4
0.144533345522222	0.0221817442	-0.0100432614	293.6
0.140988305204444	0.0220256019	-0.0100432792	293.8
0.137439512753333	0.0218746638	-0.0100432947	294
0.133892172742222	0.0217217248	-0.0100432951	294.2
0.130344981697778	0.0215609166	-0.0100433093	294.4
0.126797716168889	0.0214007095	-0.0100433142	294.6
0.123252405848889	0.0212388335	-0.0100433244	294.8
0.119706294824444	0.0210716231	-0.0100433342	295
0.1161651463	0.0209078897	-0.0100433537	295.2
0.112628597164444	0.0207457893	-0.010043359	295.4
0.109081731986667	0.0205766362	-0.010043383	295.6
0.105535285782222	0.0204048721	-0.0100433807	295.8
0.101990373430232	0.0202334982	-0.0100434091	296
0.0984412422780486	0.020058082	-0.0100434029	296.2
0.0948904661487178	0.0198815308	-0.0100434216	296.4
0.0913403147702701	0.0197008475	-0.0100434269	296.6
0.0877869090199998	0.0195275265	-0.0100434384	296.8
0.0842387603242422	0.0193490237	-0.0100434446	297
0.0806928586354837	0.0191623016	-0.0100434593	297.2
0.0771424740758619	0.0189780965	-0.0100434726	297.4
0.073595207159259	0.0187902035	-0.0100434832	297.6
0.0700422870479998	0.018607111	-0.0100435005	297.8
0.0664950267826084	0.0184216945	-0.0100435072	298
0.0629474021952378	0.0182269776	-0.01004352	298.2
0.0594064428157892	0.0180353922	-0.010043524	298.4
0.0558728498352938	0.017850034	-0.0100435373	298.6
0.0523269452799996	0.0176643663	-0.0100435551	298.8
0.0487935674461534	0.017476895	-0.0100435577	299
0.0452712838999995	0.0173017884	-0.0100435573	299.2
0.0417373713333327	0.0171416217	-0.0100435843	299.4
0.0382304628571421	0.0169685385	-0.0100435879	299.6
0.0347396415999989	0.0167930281	-0.0100435945	299.8
0.0311699935999982	0.0166419196	-0.0100436105	300
0.0274637604999946	0.0165611319	-0.0100436251	300.2
