Calibrated Field (T)	Sample Voltage (V)	Sample Current (A)	Acquisition Time (s)	
Teslas	Volts	Amps	Seconds	
0.0278311996	0.0086250876	-0.0050107079	0
0.0266540258	0.0086709674	-0.0050107097	0.2
0.02838332194	0.008740357	-0.0050107021	0.4
0.0305243565857143	0.0088034385	-0.0050106853	0.6
0.0330110996222222	0.0088631505	-0.0050106924	0.8
0.0356909383181818	0.0089373946	-0.0050106919	1
0.0384785868153846	0.0090188127	-0.0050106963	1.2
0.0413417865533333	0.0091049463	-0.005010695	1.4
0.0442485982588235	0.0091942922	-0.0050107003	1.6
0.0472009501894737	0.0092812647	-0.0050106813	1.8
0.0501737205333333	0.009373177	-0.0050106937	2
0.0531878505304348	0.0094640753	-0.0050106764	2.2
0.056230548084	0.0095557005	-0.0050106746	2.4
0.0592967683222222	0.0096434806	-0.0050106799	2.6
0.0623832192413793	0.0097352986	-0.0050106782	2.8
0.0654876746290323	0.0098264751	-0.0050106702	3
0.0686137930454545	0.0099168216	-0.0050106742	3.2
0.0717504031114286	0.0100080743	-0.0050106835	3.4
0.07490604	0.0100933644	-0.0050106817	3.6
0.0780800647461539	0.0101804536	-0.0050106853	3.8
0.0812708696414634	0.0102701854	-0.0050106826	4
0.0844700430348837	0.0103570054	-0.0050106759	4.2
0.0876867851688889	0.0104451758	-0.0050106759	4.4
0.0906640801444445	0.0105294295	-0.0050106737	4.6
0.0937676721333333	0.0106161553	-0.0050106768	4.8
0.0969184404533333	0.0106983002	-0.005010683	5
0.100066173548889	0.010782195	-0.0050106817	5.2
0.103255887717778	0.0108640034	-0.0050106791	5.4
0.106463142877778	0.0109452287	-0.0050106768	5.6
0.109682855495556	0.0110272929	-0.005010683	5.8
0.112910994122222	0.0111085315	-0.0050106653	6
0.116148620153333	0.011187002	-0.0050106706	6.2
0.119393769073333	0.0112623094	-0.0050106635	6.4
0.122647651248889	0.0113393038	-0.0050106613	6.6
0.12591048082	0.0114193804	-0.0050106582	6.8
0.129182229855556	0.0114956076	-0.00501066	7
0.132461287637778	0.0115728307	-0.0050106555	7.2
0.13574915316	0.0116482593	-0.0050106582	7.4
0.139043293962222	0.0117250159	-0.0050106591	7.6
0.142346177328889	0.0117977704	-0.00501066	7.8
0.145655736328889	0.0118702737	-0.0050106609	8
0.148974782733333	0.0119441723	-0.0050106635	8.2
0.152300979608889	0.0120170121	-0.0050106746	8.4
0.155636449748889	0.0120898339	-0.0050106551	8.6
0.158972562311111	0.0121601881	-0.0050106635	8.8
0.162313860826667	0.0122302507	-0.0050106547	9
0.165662132911111	0.0123018253	-0.0050106538	9.2
0.169014566791111	0.012371843	-0.0050106662	9.4
0.172371432471111	0.0124433144	-0.0050106484	9.6
0.17573452688	0.0125125963	-0.0050106462	9.8
0.179099753395555	0.0125852745	-0.0050106564	10
0.182471646233333	0.0126496078	-0.0050106551	10.2
0.185849032271111	0.0127165208	-0.0050106635	10.4
0.189232451515555	0.0127867045	-0.0050106529	10.6
0.192619110815555	0.0128538283	-0.0050106467	10.8
0.196009969153333	0.0129225001	-0.0050106418	11
0.199404719282222	0.0129890676	-0.0050106471	11.2
0.202803202924444	0.0130569183	-0.0050106467	11.4
0.206204395924444	0.0131195152	-0.0050106382	11.6
0.209609033811111	0.0131857148	-0.005010644	11.8
0.213015291726667	0.0132527804	-0.0050106458	12
0.216424370724444	0.0133171988	-0.0050106427	12.2
0.219835870453333	0.0133829094	-0.005010644	12.4
0.223248664342222	0.0134475567	-0.0050106422	12.6
0.226663962757778	0.013511522	-0.0050106343	12.8
0.230080061877778	0.0135735401	-0.0050106391	13
0.233497129291111	0.0136361639	-0.0050106378	13.2
0.236916421913333	0.0137028167	-0.005010648	13.4
0.240340053231111	0.0137645522	-0.0050106422	13.6
0.24376920568	0.0138272343	-0.0050106307	13.8
0.247195090142222	0.0138888666	-0.0050106391	14
0.250621309782222	0.0139510328	-0.005010636	14.2
0.254050359815556	0.0140127413	-0.0050106334	14.4
0.25747610462	0.0140753472	-0.0050106307	14.6
0.260901942528889	0.014137491	-0.005010632	14.8
0.264326113857778	0.0142014922	-0.0050106307	15
0.267753208684444	0.0142618547	-0.0050106316	15.2
0.271180163855555	0.0143204047	-0.005010632	15.4
0.274606420735556	0.0143802962	-0.005010628	15.6
0.278032640375555	0.0144432296	-0.0050106382	15.8
0.281458189657778	0.0145025154	-0.0050106276	16
0.284882202708889	0.0145630619	-0.0050106178	16.2
0.288304111584444	0.0146228951	-0.0050106254	16.4
0.291725666662222	0.014684312	-0.0050106249	16.6
0.295144158582222	0.014741543	-0.0050106223	16.8
0.29856094668	0.0147991149	-0.0050106165	17
0.301972641931111	0.0148609805	-0.0050106267	17.2
0.305385119264444	0.0149190997	-0.0050106165	17.4
0.308795790357778	0.0149800186	-0.0050106298	17.6
0.312203686922222	0.0150394346	-0.0050106227	17.8
0.31560907896	0.0150973744	-0.0050106192	18
0.319010569895555	0.015155202	-0.005010613	18.2
0.322413476028889	0.0152119753	-0.0050106139	18.4
0.325814333851111	0.0152718623	-0.0050106174	18.6
0.329214614422222	0.0153294118	-0.0050106174	18.8
0.332614327051111	0.0153869389	-0.005010617	19
0.336004691933333	0.0154425142	-0.0050106107	19.2
0.339391965726667	0.0154986953	-0.0050106192	19.4
0.342774128051111	0.0155563121	-0.0050106112	19.6
0.34615434448	0.0156131213	-0.0050106125	19.8
0.349528788397778	0.0156710028	-0.005010613	20
0.352897338764444	0.0157269775	-0.0050106028	20.2
0.356266159135555	0.0157853121	-0.0050106134	20.4
0.35962931872	0.0158390974	-0.0050106045	20.6
0.362989322042222	0.0158940312	-0.0050106143	20.8
0.366344502522222	0.0159516883	-0.0050106032	21
0.369696945713333	0.0160073534	-0.005010597	21.2
0.373043951568889	0.0160623052	-0.005010597	21.4
0.376386004235555	0.0161178223	-0.0050106014	21.6
0.379723308544444	0.0161728637	-0.005010585	21.8
0.38305780108	0.0162265144	-0.005010601	22
0.386386921453333	0.0162810848	-0.0050105934	22.2
0.38971020414	0.0163376427	-0.005010593	22.4
0.393027751555556	0.0163922535	-0.0050105899	22.6
0.396339265762222	0.0164462496	-0.0050106028	22.8
0.399644635035555	0.0165000214	-0.0050105828	23
0.402946671146667	0.0165555205	-0.0050106037	23.2
0.406240914364444	0.0166073451	-0.005010593	23.4
0.40953104234	0.0166599099	-0.0050105784	23.6
0.412814811237778	0.0167148034	-0.0050105934	23.8
0.416097192871111	0.0167675118	-0.0050105934	24
0.419373317844445	0.0168203504	-0.0050105872	24.2
0.422639601613333	0.0168717039	-0.0050105801	24.4
0.425902105317778	0.0169231247	-0.0050105997	24.6
0.429158836506667	0.016976735	-0.0050105895	24.8
0.432408947926667	0.0170293178	-0.0050105784	25
0.435651806462222	0.0170832959	-0.0050105806	25.2
0.438890149402222	0.0171350802	-0.0050105815	25.4
0.442121621188889	0.0171875508	-0.0050105801	25.6
0.445350309135556	0.0172382224	-0.0050105739	25.8
0.448574816662222	0.0172906841	-0.0050105673	26
0.451794231344445	0.0173419837	-0.0050105722	26.2
0.455005890373333	0.017393925	-0.0050105753	26.4
0.458210976186667	0.0174456509	-0.0050105748	26.6
0.461410205691111	0.0174963762	-0.0050105775	26.8
0.464602089206667	0.0175481246	-0.0050105801	27
0.467789159191111	0.0175959696	-0.0050105797	27.2
0.470966657973334	0.0176461745	-0.0050105722	27.4
0.474138347002222	0.0176981472	-0.0050105677	27.6
0.477301181737778	0.0177468895	-0.0050105633	27.8
0.480458253271111	0.0177967444	-0.0050105664	28
0.483609794362222	0.0178467924	-0.0050105562	28.2
0.486755907428889	0.0178950636	-0.0050105668	28.4
0.489895065551111	0.0179429983	-0.0050105633	28.6
0.493026337673334	0.0179920367	-0.0050105766	28.8
0.496154472153334	0.0180423987	-0.005010542	29
0.499278612426667	0.0180910154	-0.0050105615	29.2
0.502397212948889	0.0181408928	-0.0050105739	29.4
0.50550601882	0.018187477	-0.0050105491	29.6
0.508606463855556	0.0182368654	-0.0050105535	29.8
0.511703603662222	0.0182877478	-0.0050105633	30
0.514792326771111	0.0183356332	-0.0050105535	30.2
0.517875733582222	0.0183857843	-0.0050105558	30.4
0.520952809248889	0.0184337101	-0.0050105584	30.6
0.524025145866667	0.0184829952	-0.0050105526	30.8
0.527090332015556	0.0185288302	-0.0050105571	31
0.530150797737778	0.0185763746	-0.0050105451	31.2
0.533203451946667	0.0186265168	-0.0050105513	31.4
0.536249337417778	0.0186736708	-0.0050105478	31.6
0.539291629033333	0.0187220004	-0.0050105473	31.8
0.542327133288889	0.0187670278	-0.0050105487	32
0.545354677064445	0.0188142357	-0.0050105602	32.2
0.548377733175556	0.0188590029	-0.0050105376	32.4
0.551394076411111	0.0189045507	-0.0050105495	32.6
0.554406332335556	0.0189513189	-0.0050105407	32.8
0.557409491895556	0.0189964181	-0.0050105451	33
0.560416878424444	0.0190411629	-0.0050105522	33.2
0.563421928015556	0.019086953	-0.005010542	33.4
0.566420525426667	0.0191303204	-0.0050105398	33.6
0.569413713435556	0.0191753657	-0.0050105429	33.8
0.572402702404444	0.0192186927	-0.00501053	34
0.575387119915556	0.0192637157	-0.0050105393	34.2
0.578365224902222	0.0193070786	-0.0050105349	34.4
0.581341737793333	0.019353416	-0.0050105504	34.6
0.584305970126667	0.0193963841	-0.0050105349	34.8
0.587262372326667	0.0194390022	-0.0050105291	35
0.590215003768889	0.0194861114	-0.0050105411	35.2
0.593161210964445	0.0195311523	-0.0050105358	35.4
0.596100677353333	0.0195764265	-0.0050105238	35.6
0.599036605751111	0.0196222166	-0.0050105349	35.8
0.601966184382222	0.0196669255	-0.0050105402	36
0.604891126382222	0.0197105127	-0.0050105238	36.2
0.607810407595555	0.0197542569	-0.005010534	36.4
0.610722519717778	0.0198025416	-0.0050105353	36.6
0.613628663806667	0.0198469947	-0.0050105327	36.8
0.616530543682222	0.0198921433	-0.0050105318	37
0.619425766546667	0.0199379603	-0.0050105362	37.2
0.622314118257778	0.0199823282	-0.0050105362	37.4
0.62519698608	0.0200268666	-0.0050105269	37.6
0.628073234133333	0.0200714633	-0.0050105433	37.8
0.630942210682222	0.0201166971	-0.0050105207	38
0.633806420251111	0.0201606971	-0.0050105269	38.2
0.636663665562222	0.0202049079	-0.005010522	38.4
0.639515333877778	0.0202458974	-0.005010522	38.6
0.642361294855556	0.0202900634	-0.0050105362	38.8
0.645198671546667	0.0203302408	-0.0050105189	39
0.648030266413333	0.0203719257	-0.0050105216	39.2
0.650853100093333	0.0204148938	-0.0050105145	39.4
0.653671045757778	0.0204537611	-0.0050105078	39.6
0.656484438586667	0.0204970432	-0.0050105154	39.8
0.659287329164445	0.0205363503	-0.0050105212	40
0.66208170994	0.0205755541	-0.0050105291	40.2
0.664872133748889	0.0206157763	-0.0050105207	40.4
0.66765543502	0.0206543072	-0.0050105216	40.6
0.670430533735556	0.0206943545	-0.0050105052	40.8
0.673198072322222	0.0207325802	-0.0050105194	41
0.675959959431111	0.020772457	-0.0050105136	41.2
0.678713085353334	0.0208086369	-0.0050105212	41.4
0.681460317724445	0.0208472574	-0.0050105016	41.6
0.68419821166	0.0208864433	-0.0050105118	41.8
0.686928983055556	0.0209246018	-0.0050105181	42
0.68964258588	0.020962334	-0.0050105132	42.2
0.692347315793334	0.0209998643	-0.0050105198	42.4
0.695040807924445	0.0210395437	-0.0050105083	42.6
0.697726972686667	0.0210764324	-0.0050105008	42.8
0.700403110035556	0.021114555	-0.0050105092	43
0.703069536524444	0.021153189	-0.0050105078	43.2
0.705729175657778	0.0211901137	-0.0050105052	43.4
0.708378545302222	0.0212291874	-0.0050105154	43.6
0.711021015862222	0.0212688084	-0.0050105118	43.8
0.713654911444445	0.0213056074	-0.0050104976	44
0.716277643731111	0.0213420341	-0.005010522	44.2
0.718894659366667	0.0213803765	-0.0050105043	44.4
0.721501442755556	0.0214202443	-0.0050104932	44.6
0.724099315988889	0.0214559934	-0.0050104981	44.8
0.726692906391111	0.021494605	-0.0050105083	45
0.729271562742222	0.0215323148	-0.0050104932	45.2
0.731840554786667	0.0215693292	-0.0050105016	45.4
0.734401279102222	0.0216085689	-0.0050104941	45.6
0.736953186368889	0.0216481316	-0.0050104866	45.8
0.739493297226667	0.0216853299	-0.0050104914	46
0.742024954144445	0.0217229455	-0.0050104826	46.2
0.744546974688889	0.0217610815	-0.0050104879	46.4
0.747060215424445	0.0217977011	-0.0050104826	46.6
0.7495644529	0.0218367209	-0.0050104994	46.8
0.752058225366667	0.0218752877	-0.005010483	47
0.754537324477778	0.0219115214	-0.0050104812	47.2
0.757007234117778	0.0219498593	-0.0050104688	47.4
0.759466175984445	0.0219877216	-0.0050104901	47.6
0.761912381077778	0.0220256198	-0.0050104892	47.8
0.764351137764445	0.0220617369	-0.0050104777	48
0.766779718068889	0.0220985628	-0.0050104764	48.2
0.769194565377778	0.022137964	-0.0050104866	48.4
0.771598659053334	0.0221742022	-0.0050104883	48.6
0.773993777400001	0.0222100994	-0.0050104945	48.8
0.776378998680001	0.0222463196	-0.0050104874	49
0.778748308304445	0.0222830244	-0.0050104857	49.2
0.781108056040001	0.022316122	-0.0050104817	49.4
0.783460830206667	0.0223517096	-0.0050104817	49.6
0.785794955431112	0.022386566	-0.0050104852	49.8
0.788119649111112	0.0224195334	-0.0050104724	50
0.79043951994889	0.0224531828	-0.0050104799	50.2
0.792742464286667	0.0224867246	-0.0050104919	50.4
0.795026899340001	0.0225186511	-0.0050104843	50.6
0.797301232493334	0.0225536421	-0.0050104741	50.8
0.799572223175556	0.0225853398	-0.0050104688	51
0.801827088062223	0.0226175804	-0.0050104706	51.2
0.804063890564445	0.022647856	-0.0050104724	51.4
0.806295330217778	0.0226801684	-0.005010471	51.6
0.808517040393334	0.0227099862	-0.0050104804	51.8
0.810719636097778	0.0227391984	-0.0050104848	52
0.812909150542223	0.0227699989	-0.0050104861	52.2
0.815094130768889	0.0227991168	-0.0050104741	52.4
0.817267146995556	0.0228274766	-0.0050104755	52.6
0.819417101097778	0.0228576264	-0.0050104724	52.8
0.821561757524445	0.0228866637	-0.0050104795	53
0.823697699317778	0.0229143369	-0.0050104768	53.2
0.825810588297778	0.0229423243	-0.0050104706	53.4
0.82791871960889	0.0229704059	-0.0050104719	53.6
0.830014523811112	0.0229978279	-0.0050104684	53.8
0.832090748017778	0.0230249718	-0.0050104648	54
0.834163871826667	0.0230497602	-0.0050104737	54.2
0.836221949857778	0.0230795197	-0.0050104768	54.4
0.83825981478	0.0231044248	-0.0050104595	54.6
0.840295566217778	0.023129285	-0.005010471	54.8
0.842314558744445	0.0231565545	-0.005010475	55
0.844321047262223	0.0231819934	-0.005010475	55.2
0.846326586108889	0.0232073382	-0.0050104741	55.4
0.848301251317778	0.0232373714	-0.005010467	55.6
0.850277797248889	0.0232638512	-0.0050104608	55.8
0.85222951206	0.0232910893	-0.0050104662	56
0.854182530342223	0.0233163713	-0.0050104697	56.2
0.856115866215556	0.0233406975	-0.0050104613	56.4
0.858042126102223	0.0233639964	-0.0050104568	56.6
0.859954289884445	0.0233902609	-0.0050104631	56.8
0.861855672102222	0.0234133085	-0.0050104555	57
0.863740044024445	0.0234368407	-0.0050104604	57.2
0.865623596622222	0.0234612522	-0.0050104697	57.4
0.867491004802223	0.0234852061	-0.0050104608	57.6
0.869347920042223	0.0235109098	-0.0050104653	57.8
0.871186204957778	0.0235352764	-0.0050104724	58
0.873025532651111	0.0235594592	-0.0050104653	58.2
0.874843874464445	0.0235794065	-0.0050104493	58.4
0.87665544754	0.0236038091	-0.0050104515	58.6
0.878449842731111	0.0236285123	-0.0050104431	58.8
0.880248641793334	0.023651026	-0.0050104511	59
0.88202031004	0.0236755003	-0.0050104595	59.2
0.883789622728889	0.0236972109	-0.0050104529	59.4
0.885554810864445	0.0237209046	-0.0050104635	59.6
0.887298985186667	0.023742032	-0.0050104427	59.8
0.88903928634	0.0237646623	-0.0050104471	60
0.890765128275556	0.0237882752	-0.0050104515	60.2
0.892482041437778	0.0238112376	-0.0050104599	60.4
0.894201878097778	0.0238338859	-0.0050104568	60.6
0.895890012484445	0.0238551434	-0.0050104542	60.8
0.897573500931111	0.0238779577	-0.0050104466	61
0.899263469488889	0.0238989504	-0.0050104533	61.2
0.900931130075556	0.0239207777	-0.0050104427	61.4
0.902580151028889	0.0239434394	-0.0050104506	61.6
0.904238175242222	0.0239636605	-0.0050104577	61.8
0.905888276213333	0.0239861159	-0.0050104449	62
0.907518350286667	0.0240071535	-0.0050104511	62.2
0.909139365237778	0.0240286174	-0.0050104515	62.4
0.91074954276	0.0240514451	-0.0050104489	62.6
0.91236464554	0.0240709035	-0.0050104555	62.8
0.913970391262223	0.0240927307	-0.0050104595	63
0.915548475468889	0.0241148451	-0.0050104622	63.2
0.917119837491112	0.0241383683	-0.005010456	63.4
0.918700547262223	0.0241587868	-0.0050104435	63.6
0.920270345120001	0.0241804121	-0.0050104537	63.8
0.921838532260001	0.0242016113	-0.0050104418	64
0.923388657017778	0.0242215138	-0.0050104413	64.2
0.924917861068889	0.0242432244	-0.0050104444	64.4
0.92644745616	0.0242626827	-0.0050104409	64.6
0.92795639124	0.0242843978	-0.0050104529	64.8
0.929472849208889	0.0243053143	-0.005010444	65
0.930977762148889	0.024326823	-0.0050104568	65.2
0.932487833111112	0.0243471518	-0.0050104444	65.4
0.933990502222223	0.0243680637	-0.0050104413	65.6
0.935494242037778	0.0243891417	-0.0050104387	65.8
0.936980962248889	0.024407299	-0.0050104444	66
0.938464377231112	0.0244292788	-0.0050104356	66.2
0.939931107786667	0.0244493518	-0.005010452	66.4
0.941393117915556	0.0244720988	-0.0050104409	66.6
0.942840035715556	0.0244926474	-0.0050104378	66.8
0.944285761771112	0.024512339	-0.0050104351	67
0.945716414117778	0.0245321383	-0.0050104382	67.2
0.947146936115556	0.0245520633	-0.0050104404	67.4
0.948558753308889	0.0245725804	-0.0050104475	67.6
0.949982534502223	0.0245929137	-0.0050104325	67.8
0.951383821511112	0.0246120759	-0.0050104409	68
0.952793134177778	0.024633468	-0.0050104351	68.2
0.954187652448889	0.0246536217	-0.0050104302	68.4
0.955576482	0.024674426	-0.0050104342	68.6
0.956978271777778	0.0246934402	-0.0050104293	68.8
0.958360732944445	0.0247117679	-0.0050104347	69
0.959741294768889	0.024731473	-0.0050104382	69.2
0.961113961284445	0.0247504558	-0.0050104329	69.4
0.962459841473334	0.0247702551	-0.0050104378	69.6
0.963807732731111	0.0247903999	-0.0050104307	69.8
0.965151294604445	0.0248095083	-0.0050104422	70
0.966474913373334	0.0248273963	-0.0050104387	70.2
0.967803969477778	0.0248469085	-0.0050104298	70.4
0.969146172015556	0.0248659451	-0.005010436	70.6
0.970480311655556	0.0248858521	-0.0050104311	70.8
0.971801397168889	0.0249050188	-0.005010428	71
0.973110592957778	0.0249235708	-0.0050104369	71.2
0.974412777902222	0.0249437739	-0.0050104307	71.4
0.975705158908889	0.024963322	-0.0050104431	71.6
0.976987625102222	0.0249802185	-0.0050104262	71.8
0.9782820935	0.0249992417	-0.005010432	72
0.979579335615556	0.0250184532	-0.0050104342	72.2
0.980859083357778	0.0250364669	-0.0050104236	72.4
0.982116392811111	0.0250548529	-0.0050104333	72.6
0.983370248382222	0.0250742305	-0.005010428	72.8
0.984629280817778	0.0250912302	-0.0050104285	73
0.985890408473333	0.0251090509	-0.0050104227	73.2
0.987130251688889	0.0251287067	-0.0050104214	73.4
0.988378037306667	0.0251466396	-0.0050104276	73.6
0.989638446597778	0.0251656717	-0.0050104307	73.8
0.990884303117778	0.0251817068	-0.0050104222	74
0.992098738406667	0.0252004607	-0.0050104209	74.2
0.993306097493333	0.0252188557	-0.0050104258	74.4
0.994527943142222	0.0252360753	-0.005010432	74.6
0.995731764586667	0.0252547843	-0.0050104289	74.8
0.996917122297778	0.0252706713	-0.0050104205	75
0.998111137757778	0.0252889138	-0.0050104218	75.2
0.999314027075555	0.0253070755	-0.0050104245	75.4
1.00049244956667	0.0253239631	-0.0050104307	75.6
1.00167289162667	0.0253407339	-0.0050104325	75.8
1.00287200992667	0.0253588508	-0.0050104222	76
1.00405242479778	0.0253745404	-0.0050104293	76.2
1.00521701928	0.0253894134	-0.005010428	76.4
1.00640585884667	0.0254080417	-0.0050104338	76.6
1.00756737192889	0.0254259432	-0.0050104369	76.8
1.00871636188444	0.025439892	-0.0050104191	77
1.00988250184444	0.0254570084	-0.0050104298	77.2
1.01102006048889	0.0254741023	-0.005010432	77.4
1.01215722627111	0.0254895317	-0.0050104373	77.6
1.01330056463333	0.0255049296	-0.0050104276	77.8
1.01440938963333	0.0255221312	-0.0050104222	78
1.01553603635556	0.0255375741	-0.005010436	78.2
1.0166660049	0.0255534835	-0.0050104316	78.4
1.01777858189778	0.0255701736	-0.0050104178	78.6
1.01892018924889	0.0255842795	-0.0050104267	78.8
1.02003202178	0.0256008664	-0.00501042	79
1.02115207639111	0.0256149677	-0.0050104231	79.2
1.02225843560444	0.0256322635	-0.0050104258	79.4
1.02334134903556	0.025647168	-0.00501042	79.6
1.02443714	0.0256632165	-0.0050104107	79.8
1.02549966444444	0.0256770397	-0.0050104254	80
1.02659672222222	0.025693353	-0.0050104333	80.2
1.02767374444444	0.0257074184	-0.005010428	80.4
1.02876473111111	0.0257208378	-0.0050104395	80.6
1.02983032888889	0.0257343783	-0.0050104254	80.8
1.03088191333333	0.0257501756	-0.0050104222	81
1.03193883333333	0.0257647525	-0.0050104307	81.2
1.03299473777778	0.0257785353	-0.0050104147	81.4
1.03406788444444	0.0257914477	-0.0050104249	81.6
1.03510988888889	0.0258070386	-0.0050104191	81.8
1.03615498222222	0.025820624	-0.0050104041	82
1.03717802	0.0258347164	-0.0050104134	82.2
1.03823774222222	0.0258479608	-0.005010412	82.4
1.03926176666667	0.0258631076	-0.0050104178	82.6
1.04028724444444	0.0258741042	-0.0050104218	82.8
1.04129282666667	0.0258864872	-0.0050104218	83
1.04233282888889	0.0259019569	-0.0050104085	83.2
1.04334677111111	0.0259151251	-0.0050104196	83.4
1.04434616	0.02592854	-0.0050104143	83.6
1.04534650666667	0.0259420805	-0.005010424	83.8
1.04635464	0.0259544052	-0.0050104174	84
1.04735793111111	0.0259676002	-0.0050104245	84.2
1.04833045111111	0.0259786911	-0.0050104187	84.4
1.04934311555556	0.0259943807	-0.0050104054	84.6
1.05032042888889	0.0260066156	-0.0050104236	84.8
1.05130421555556	0.0260192229	-0.0050104081	85
1.05226798222222	0.026032898	-0.005010424	85.2
1.05326051111111	0.0260433697	-0.005010412	85.4
1.05421189555556	0.0260570808	-0.0050104165	85.6
1.05516834666667	0.0260693965	-0.0050104174	85.8
1.05615346444444	0.0260816404	-0.005010405	86
1.05707863111111	0.026093144	-0.0050104067	86.2
1.05805359777778	0.0261040913	-0.0050104098	86.4
1.05899858666667	0.0261177305	-0.0050104098	86.6
1.05992837111111	0.0261291309	-0.0050104014	86.8
1.06088827555556	0.0261398135	-0.0050104178	87
1.06180172	0.0261519093	-0.0050104214	87.2
1.06274064888889	0.0261630002	-0.0050104143	87.4
1.06366827333333	0.0261738353	-0.0050104134	87.6
1.06456687777778	0.0261861644	-0.0050104085	87.8
1.06550649333333	0.0261985115	-0.0050104085	88
1.0663999	0.0262067669	-0.0050104067	88.2
1.06731674222222	0.0262210297	-0.0050104178	88.4
1.06823057777778	0.0262321789	-0.005010416	88.6
1.06910399555556	0.0262428974	-0.0050104129	88.8
1.07002977777778	0.0262563392	-0.0050104169	89
1.07089481777778	0.0262671563	-0.0050104187	89.2
1.07178968666667	0.0262792612	-0.0050104147	89.4
1.07268597333333	0.0262898405	-0.0050104187	89.6
1.07355842222222	0.0263000565	-0.0050104196	89.8
1.07443444666667	0.0263110711	-0.0050104196	90
1.07532090888889	0.0263218568	-0.0050104196	90.2
1.07618160888889	0.0263325977	-0.0050104143	90.4
1.0770407	0.0263433162	-0.005010424	90.6
1.07792158444444	0.0263531508	-0.0050104183	90.8
1.07875107777778	0.0263639366	-0.0050104014	91
1.07961421777778	0.0263745115	-0.0050104018	91.2
1.08046589555556	0.0263838929	-0.005010412	91.4
1.08130857111111	0.0263946966	-0.0050104187	91.6
1.08213567111111	0.0264049889	-0.0050104134	91.8
1.08299588666667	0.0264125577	-0.0050104222	92
1.083809	0.0264246222	-0.005010412	92.2
1.08463901111111	0.0264333172	-0.0050104116	92.4
1.08547803777778	0.026443762	-0.0050104112	92.6
1.08629226222222	0.0264532242	-0.005010412	92.8
1.08709799333333	0.0264625473	-0.0050104156	93
1.08791560444445	0.0264717583	-0.0050103987	93.2
1.08874134444445	0.0264814269	-0.005010416	93.4
1.08951691111111	0.0264915756	-0.0050104089	93.6
1.09032883555556	0.0265012038	-0.0050104067	93.8
1.09112642	0.0265112313	-0.0050104174	94
1.09192218	0.0265203525	-0.0050104094	94.2
1.09268500888889	0.0265282355	-0.0050103948	94.4
1.09348467111111	0.0265383931	-0.0050104107	94.6
1.09428312	0.0265475682	-0.0050104089	94.8
1.09503106	0.0265569497	-0.0050104063	95
1.09581052666667	0.0265668157	-0.0050104183	95.2
1.09658779555556	0.0265806568	-0.0050104125	95.4
1.09736112666667	0.0265902491	-0.0050104112	95.6
1.09810385555556	0.0265998729	-0.0050104094	95.8
1.09885536222222	0.0266089986	-0.0050104027	96
1.09964700666667	0.0266174513	-0.005010405	96.2
1.10037963111111	0.0266268597	-0.005010412	96.4
1.10111862444445	0.0266361066	-0.0050103925	96.6
1.10187105333333	0.0266444516	-0.0050103943	96.8
1.10262119333333	0.0266541875	-0.0050103996	97
1.10337176888889	0.0266617609	-0.0050104027	97.2
1.10408094	0.0266718871	-0.0050104089	97.4
1.10480569777778	0.0266791733	-0.0050104089	97.6
1.10556700888889	0.0266874556	-0.0050104134	97.8
1.10627792222222	0.02669467	-0.005010405	98
1.10699699111111	0.0267037509	-0.0050103979	98.2
1.10771404	0.0267111672	-0.0050103908	98.4
1.10842916	0.026720441	-0.0050104063	98.6
1.10916493333333	0.026728795	-0.0050103996	98.8
1.10986582888889	0.0267364312	-0.0050104143	99
1.11053967555556	0.0267445833	-0.0050103983	99.2
1.11126432222222	0.0267536597	-0.0050103974	99.4
1.11198142666667	0.0267613721	-0.0050104032	99.6
1.11266753555556	0.0267686404	-0.0050104094	99.8
1.113361	0.0267775194	-0.0050104067	100
1.11403767777778	0.0267850075	-0.0050103912	100.2
1.11472448666667	0.0267934871	-0.0050104169	100.4
1.11544286666667	0.0268013432	-0.0050104143	100.6
1.11612423555556	0.0268094145	-0.0050104143	100.8
1.11677174444445	0.0268180243	-0.0050104032	101
1.11745419555556	0.026825306	-0.005010401	101.2
1.11814512	0.0268336466	-0.0050103916	101.4
1.11881624	0.026842041	-0.005010405	101.6
1.11948842	0.0268490087	-0.0050104134	101.8
1.12015396222222	0.0268573627	-0.0050104005	102
1.12079175111111	0.0268663224	-0.0050104107	102.2
1.12144780666667	0.0268744432	-0.0050103974	102.4
1.12214351555556	0.0268802443	-0.0050104023	102.6
1.12281045333333	0.0268876562	-0.0050104045	102.8
1.12343085777778	0.0268974639	-0.0050104067	103
1.12407363555556	0.0269034579	-0.0050104058	103.2
1.12472998888889	0.0269115203	-0.0050104005	103.4
1.12538066222222	0.0269177253	-0.0050104014	103.6
1.12603283555556	0.0269257608	-0.0050103908	103.8
1.12668926444444	0.0269349179	-0.0050104001	104
1.12731877555556	0.0269411991	-0.0050104081	104.2
1.12791646444444	0.0269487725	-0.005010401	104.4
1.12854484	0.02695596	-0.0050103921	104.6
1.12921021333333	0.0269626047	-0.0050104027	104.8
1.12986004888889	0.0269706401	-0.0050104103	105
1.13047036	0.0269767823	-0.0050103925	105.2
1.13108787111111	0.0269839339	-0.0050103987	105.4
1.13170898444444	0.0269902779	-0.0050103996	105.6
1.13231566444444	0.0269991838	-0.0050104027	105.8
1.13291681555556	0.0270056939	-0.0050104036	106
1.13355915777778	0.0270139312	-0.0050104032	106.2
1.13420503777778	0.0270216392	-0.0050104018	106.4
1.1348224	0.0270273596	-0.0050104018	106.6
1.13539760222222	0.0270349778	-0.005010381	106.8
1.13598447111111	0.0270417481	-0.005010389	107
1.13659439333333	0.0270492093	-0.0050103885	107.2
1.13721260222222	0.0270553784	-0.0050103987	107.4
1.13781785111111	0.0270622204	-0.005010381	107.6
1.13842264222222	0.0270700809	-0.0050104054	107.8
1.13902539555556	0.02707507	-0.0050104063	108
1.13962018	0.0270842496	-0.005010397	108.2
1.14018929333333	0.027091455	-0.0050103881	108.4
1.14074973777778	0.0270984631	-0.0050103939	108.6
1.14134000666667	0.0271031202	-0.0050103961	108.8
1.14196177111111	0.0271127125	-0.0050104081	109
1.14258050888889	0.0271197026	-0.0050103983	109.2
1.14315695777778	0.0271282361	-0.0050104089	109.4
1.14371256222222	0.0271345756	-0.0050104058	109.6
1.14427972222222	0.0271418125	-0.0050103996	109.8
1.14485764444444	0.0271487084	-0.0050104014	110
1.14542448666667	0.0271550524	-0.0050103996	110.2
1.14598758666667	0.0271620829	-0.0050104032	110.4
1.14655950222222	0.0271689743	-0.0050103916	110.6
1.14715711555556	0.0271753273	-0.0050103965	110.8
1.14775768	0.0271823085	-0.005010405	111
1.14833697111111	0.0271883564	-0.0050104054	111.2
1.14888990222222	0.0271954003	-0.0050104081	111.4
1.14941604666667	0.0272021392	-0.0050103961	111.6
1.14995191333333	0.02721039	-0.0050103934	111.8
1.15051276	0.0272159713	-0.0050104018	112
1.15108776888889	0.0272233563	-0.0050104001	112.2
1.15166438666667	0.027228139	-0.0050103961	112.4
1.15222645333333	0.0272354028	-0.0050103908	112.6
1.15278636888889	0.0272406117	-0.0050103992	112.8
1.15335378888889	0.0272477813	-0.0050104103	113
1.15392306222222	0.0272534299	-0.0050103983	113.2
1.15448266	0.0272614115	-0.0050103961	113.4
1.1550224	0.0272659699	-0.0050103885	113.6
1.15553461777778	0.027273615	-0.0050104076	113.8
1.1560457	0.0272810942	-0.0050103872	114
1.15657869111111	0.0272860025	-0.005010393	114.2
1.15713385777778	0.0272934503	-0.0050103921	114.4
1.15771249777778	0.0272993008	-0.0050103934	114.6
1.15829018666667	0.0273054294	-0.0050104072	114.8
1.15884956222222	0.0273111902	-0.0050104116	115
1.15937891111111	0.0273166594	-0.0050103979	115.2
1.15989781333333	0.0273233399	-0.0050103961	115.4
1.16042217111111	0.0273299935	-0.0050103965	115.6
1.16095612	0.027336701	-0.0050103965	115.8
1.16148856	0.0273409363	-0.0050103996	116
1.16201311333333	0.027348909	-0.0050103979	116.2
1.16252041555556	0.0273536648	-0.0050104067	116.4
1.16301710222222	0.0273615881	-0.0050103974	116.6
1.16352607111111	0.0273666624	-0.0050103961	116.8
1.16406814666667	0.0273722751	-0.0050103894	117
1.16463234444444	0.0273796735	-0.0050103943	117.2
1.16519659777778	0.0273858516	-0.0050103921	117.4
1.16575118888889	0.0273920879	-0.0050104027	117.6
1.16628445777778	0.027399428	-0.0050103894	117.8
1.16679727111111	0.0274046369	-0.0050104018	118
1.16729399777778	0.0274097516	-0.0050103903	118.2
1.16779661777778	0.027415149	-0.005010393	118.4
1.16830701111111	0.0274224128	-0.0050103916	118.6
1.16881951777778	0.027426859	-0.005010393	118.8
1.16933000222222	0.0274348631	-0.0050103996	119
1.16983759333333	0.0274400451	-0.0050104027	119.2
1.17032859111111	0.0274461827	-0.0050104001	119.4
1.17080414444444	0.0274522441	-0.0050103939	119.6
1.17127529333333	0.0274575428	-0.0050103965	119.8
1.17176940222222	0.0274632318	-0.0050103868	120
1.17227934666667	0.0274714243	-0.0050103961	120.2
1.17280222444444	0.0274764986	-0.0050104054	120.4
1.17333977777778	0.0274837804	-0.0050104027	120.6
1.17388200444445	0.027489079	-0.0050103823	120.8
1.17442096222222	0.0274953513	-0.0050103952	121
1.17494552444444	0.0275010941	-0.0050103854	121.2
1.17545717333333	0.0275050109	-0.0050104005	121.4
1.17595390666667	0.0275122343	-0.0050103987	121.6
1.17644130222222	0.0275190315	-0.0050103877	121.8
1.17692945111111	0.0275254204	-0.0050103921	122
1.17742223777778	0.0275303781	-0.005010389	122.2
1.17792024888889	0.0275362914	-0.0050103921	122.4
1.17842075333333	0.0275433398	-0.0050103983	122.6
1.17892315777778	0.0275496884	-0.0050103996	122.8
1.17941335555556	0.0275539551	-0.0050104014	123
1.17989207333333	0.0275606356	-0.005010389	123.2
1.18035945111111	0.0275666207	-0.0050103899	123.4
1.18080781555556	0.0275709997	-0.0050103726	123.6
1.18124841777778	0.0275765496	-0.0050103841	123.8
1.18168719333333	0.0275835801	-0.0050103872	124
1.1821342	0.0275900363	-0.0050103823	124.2
1.18259796444444	0.0275952766	-0.0050103872	124.4
1.18306758666667	0.0276005528	-0.0050103899	124.6
1.18355130444445	0.0276054746	-0.0050103819	124.8
1.18404117555556	0.0276110918	-0.0050103899	125
1.1845337	0.0276176557	-0.0050103704	125.2
1.18502407333333	0.0276229678	-0.0050103832	125.4
1.18550822888889	0.0276283069	-0.0050103814	125.6
1.18598386444445	0.0276331569	-0.0050103766	125.8
1.18644702444445	0.0276385542	-0.0050103801	126
1.18690360222222	0.0276458001	-0.0050103868	126.2
1.18736156	0.0276515205	-0.005010381	126.4
1.18781829555556	0.0276577748	-0.0050103819	126.6
1.18828126	0.0276631363	-0.0050103797	126.8
1.18875777111111	0.0276686727	-0.0050103783	127
1.18923925333333	0.0276729215	-0.0050103726	127.2
1.18972722444445	0.0276798533	-0.0050103797	127.4
1.19022427333333	0.027685457	-0.0050103806	127.6
1.1907184	0.0276901904	-0.0050103766	127.8
1.19121856222222	0.0276969921	-0.005010381	128
1.19172211111111	0.0277007159	-0.0050103854	128.2
1.19222087555556	0.027707706	-0.0050103748	128.4
1.19271247111111	0.027712085	-0.0050103996	128.6
1.19320070444445	0.0277190526	-0.0050103859	128.8
1.19367247777778	0.0277231982	-0.0050103788	129
1.19414133777778	0.0277288289	-0.0050103863	129.2
1.19460079333333	0.0277348858	-0.0050103837	129.4
1.19504604	0.0277401172	-0.0050103779	129.6
1.19548492666667	0.0277448371	-0.0050103739	129.8
1.19591981111111	0.0277486955	-0.0050103881	130
1.19635666888889	0.0277540974	-0.0050103828	130.2
1.19678851777778	0.0277617605	-0.0050103832	130.4
1.19721763777778	0.0277661708	-0.0050103814	130.6
1.19765497111111	0.0277721021	-0.0050103814	130.8
1.19809992	0.027777477	-0.0050103814	131
1.19855015555556	0.0277823091	-0.0050103832	131.2
1.19900233777778	0.0277869616	-0.0050103841	131.4
1.19945559111111	0.0277924353	-0.0050103775	131.6
1.19990979555556	0.0277976666	-0.0050103841	131.8
1.20037022888889	0.0278037639	-0.0050103806	132
1.20083442222222	0.027810099	-0.0050103748	132.2
1.20130047777778	0.027815272	-0.0050103863	132.4
1.20176779111111	0.0278213155	-0.005010373	132.6
1.20223635111111	0.0278250573	-0.0050103743	132.8
1.20271018	0.0278300194	-0.0050103841	133
1.20318546222222	0.0278355738	-0.0050103788	133.2
1.20366002888889	0.0278393336	-0.0050103925	133.4
1.20414090666667	0.0278450899	-0.0050103806	133.6
1.20461497111111	0.0278508193	-0.0050103739	133.8
1.20508838222222	0.0278555975	-0.005010393	134
1.20556601111111	0.0278611923	-0.0050103823	134.2
1.20604552222222	0.0278655039	-0.0050103881	134.4
1.20652794666667	0.0278712333	-0.0050103761	134.6
1.20701172	0.0278780349	-0.005010389	134.8
1.20749591333333	0.0278815748	-0.005010389	135
1.20796962222222	0.0278877798	-0.0050103859	135.2
1.20844035111111	0.0278934912	-0.005010381	135.4
1.20890720666667	0.0278963402	-0.0050103921	135.6
1.20936867333333	0.0279020741	-0.0050103814	135.8
1.20981206	0.0279076958	-0.0050104027	136
1.21025496222222	0.0279113882	-0.0050103912	136.2
1.21068177555556	0.0279155742	-0.0050103766	136.4
1.21109103777778	0.0279214561	-0.005010385	136.6
1.21148718	0.0279268625	-0.0050103845	136.8
1.21186890888889	0.0279324483	-0.0050103925	137
1.21223132888889	0.0279373297	-0.0050103921	137.2
1.2125897	0.0279423906	-0.0050103721	137.4
1.21293936444445	0.0279469669	-0.0050103814	137.6
1.21328503555556	0.0279525033	-0.0050103792	137.8
1.21362483111111	0.0279590852	-0.0050103779	138
1.21395872444445	0.0279637871	-0.0050103845	138.2
1.21428533777778	0.0279667931	-0.0050103894	138.4
1.21461750888889	0.0279724193	-0.0050103872	138.6
1.21494874	0.0279772424	-0.0050103939	138.8
1.21527988666667	0.0279829718	-0.0050103983	139
1.21560605333333	0.0279870546	-0.0050103872	139.2
1.21592816888889	0.0279920751	-0.0050103788	139.4
1.21624140222222	0.0279962162	-0.0050103743	139.6
1.21654241111111	0.0280023538	-0.0050103712	139.8
1.21682613111111	0.0280062033	-0.0050103837	140
1.21709037333333	0.0280123365	-0.0050103832	140.2
1.21734056444445	0.0280157687	-0.0050103726	140.4
1.21757111111111	0.0280155265	-0.0050103837	140.6
1.21778673333333	0.0280164507	-0.0050103908	140.8
1.21798552222222	0.0280166885	-0.0050103948	141
1.21817369777778	0.0280164911	-0.0050103801	141.2
1.21834945111111	0.0280162309	-0.0050103916	141.4
1.21851514	0.0280160065	-0.0050103766	141.6
1.21866985333333	0.0280155758	-0.0050103801	141.8
1.21881390666667	0.0280153515	-0.0050103845	142
1.21894907777778	0.0280152259	-0.0050103748	142.2
1.21907943333333	0.0280149208	-0.0050103783	142.4
1.21919797555556	0.0280154726	-0.0050103792	142.6
1.21930392	0.02801602	-0.0050103814	142.8
1.21941036666667	0.0280172224	-0.0050103748	143
1.21949829555556	0.028015688	-0.005010385	143.2
1.21957596222222	0.0280146157	-0.0050103752	143.4
1.21964674	0.0280160424	-0.0050103912	143.6
1.21971117777778	0.0280162623	-0.0050103788	143.8
1.21976376222222	0.0280149836	-0.0050103712	144
1.21980649777778	0.028016684	-0.0050103845	144.2
1.21984187777778	0.0280159662	-0.0050103845	144.4
1.21986839555556	0.0280155579	-0.0050103806	144.6
1.21988590666667	0.0280152079	-0.0050103912	144.8
1.21988525333333	0.0280152483	-0.0050103863	145
1.21987448	0.0280155758	-0.0050103766	145.2
1.21986167777778	0.0280157239	-0.0050103748	145.4
1.21984967777778	0.0280155848	-0.0050103908	145.6
1.21984733333333	0.028016186	-0.0050103766	145.8
1.21983956888889	0.0280162668	-0.0050103641	146
1.21983366666667	0.0280157822	-0.0050103828	146.2
1.21982752	0.02801519	-0.0050103792	146.4
1.21982043555556	0.0280145125	-0.0050103806	146.6
1.21980919777778	0.0280134716	-0.0050103819	146.8
1.21980025111111	0.0280144362	-0.0050103752	147
1.21979060444444	0.0280132697	-0.0050103735	147.2
1.21978466444444	0.0280143151	-0.0050103832	147.4
1.21977066	0.0280134537	-0.0050103797	147.6
1.21975494444444	0.0280148849	-0.0050103766	147.8
1.21973627555556	0.0280149791	-0.0050103659	148
1.21971827777778	0.0280127807	-0.0050103752	148.2
1.21970617555556	0.0280120494	-0.0050103664	148.4
1.21969708888889	0.028011659	-0.0050103814	148.6
1.21969132444444	0.0280124397	-0.0050103681	148.8
1.21969053333333	0.0280129781	-0.0050103704	149
1.21969929555556	0.0280134267	-0.0050103579	149.2
1.2197075	0.0280132607	-0.0050103801	149.4
1.21972124222222	0.0280138305	-0.0050103761	149.6
1.21973094444444	0.0280130274	-0.0050103726	149.8
1.21974068222222	0.0280130274	-0.0050103602	150
1.21974464666667	0.0280125115	-0.0050103606	150.2
1.21974314888889	0.0280142254	-0.0050103761	150.4
1.21973747111111	0.0280107662	-0.0050103797	150.6
1.21972923111111	0.028013014	-0.0050103655	150.8
1.21971742444444	0.0280122333	-0.005010381	151
1.21970158666667	0.0280121705	-0.0050103686	151.2
1.21968353333333	0.0280129601	-0.0050103721	151.4
1.21965948444444	0.0280125698	-0.0050103783	151.6
1.21963716666667	0.0280124846	-0.005010385	151.8
1.21960609777778	0.0280125698	-0.0050103743	152
1.21958223555556	0.0280130409	-0.0050103721	152.2
1.21955583111111	0.0280132518	-0.005010369	152.4
1.21953003333333	0.028011484	-0.0050103704	152.6
1.21950440222222	0.0280119192	-0.0050103823	152.8
1.21948335111111	0.0280115558	-0.005010369	153
1.21947169333333	0.0280112597	-0.0050103735	153.2
1.21946166666667	0.0280103983	-0.0050103823	153.4
1.21945792444444	0.028011327	-0.0050103872	153.6
1.21946035555556	0.0280119462	-0.0050103686	153.8
1.21947454666667	0.0280110892	-0.0050103863	154
1.21949272	0.0280117308	-0.0050103801	154.2
1.21950894888889	0.0280112193	-0.0050103832	154.4
1.21952115333333	0.0280109815	-0.0050103823	154.6
1.21952611555556	0.028010838	-0.0050103792	154.8
1.21952847111111	0.0280106226	-0.0050103837	155
1.21952874888889	0.0280104342	-0.0050103712	155.2
1.21952457777778	0.0280107797	-0.0050103828	155.4
1.21951943777778	0.0280103983	-0.0050103885	155.6
1.21950965333333	0.0280101336	-0.0050103921	155.8
1.21949619777778	0.0280090209	-0.0050103832	156
1.21948084444444	0.0280099272	-0.0050103872	156.2
1.21944692444444	0.0280090523	-0.0050103894	156.4
1.21939196444444	0.0280094561	-0.005010381	156.6
1.21932175333333	0.0280096401	-0.0050103801	156.8
1.21924389111111	0.0280087831	-0.0050103752	157
1.21915279777778	0.0280092273	-0.005010373	157.2
1.21904683333333	0.0280104925	-0.0050103704	157.4
1.21893709111111	0.0280103759	-0.0050103748	157.6
1.21882722888889	0.0280086754	-0.0050103801	157.8
1.21871110666667	0.0280100618	-0.0050103726	158
1.21859519111111	0.0280063604	-0.0050103681	158.2
1.21847537333333	0.0280061091	-0.0050103828	158.4
1.21835513777778	0.0280074641	-0.005010377	158.6
1.21823554222222	0.02800798	-0.0050103766	158.8
1.21811272666667	0.0280074685	-0.005010373	159
1.21798767777778	0.0280078589	-0.0050103712	159.2
1.21785468666667	0.0280072442	-0.005010369	159.4
1.21771740222222	0.0280080383	-0.0050103775	159.6
1.2175685	0.0280061719	-0.0050103779	159.8
1.21740256888889	0.0280071231	-0.0050103775	160
1.21723318222222	0.0280066969	-0.0050103854	160.2
1.21703992444444	0.0280069212	-0.0050103761	160.4
1.21684287555556	0.0279916354	-0.005010373	160.6
1.21661998222222	0.0279867674	-0.005010361	160.8
1.21638346888889	0.0279799209	-0.0050103659	161
1.21612920888889	0.0279745594	-0.0050103735	161.2
1.21586185777778	0.0279697767	-0.005010381	161.4
1.21557838888889	0.0279650523	-0.0050103792	161.6
1.21527014666667	0.0279602382	-0.0050103748	161.8
1.21495324666667	0.0279563708	-0.0050103735	162
1.21461524	0.0279503498	-0.0050103721	162.2
1.21426503333333	0.0279462356	-0.0050103659	162.4
1.21390461333333	0.0279414888	-0.0050103801	162.6
1.21353109333333	0.0279347589	-0.0050103721	162.8
1.21315827111111	0.0279307524	-0.0050103792	163
1.21277189555556	0.0279266651	-0.0050103806	163.2
1.21238520222222	0.0279230623	-0.0050103681	163.4
1.21199737333333	0.0279172971	-0.0050103699	163.6
1.21160547555556	0.0279111235	-0.0050103828	163.8
1.21121447111111	0.0279072965	-0.0050103752	164
1.21081537777778	0.0279012082	-0.0050103739	164.2
1.21041278222222	0.0278962191	-0.0050103695	164.4
1.21000270888889	0.0278919568	-0.0050103819	164.6
1.20958544	0.0278871517	-0.0050103841	164.8
1.20916378666667	0.0278803769	-0.0050103841	165
1.20873676	0.0278770254	-0.0050103757	165.2
1.20831587111111	0.0278727856	-0.0050103726	165.4
1.20789566	0.0278672626	-0.0050103921	165.6
1.20747508444444	0.0278617486	-0.005010369	165.8
1.20705234	0.0278558757	-0.0050103814	166
1.20662890666667	0.0278509584	-0.0050103916	166.2
1.20620615555556	0.0278458975	-0.0050103841	166.4
1.20577966888889	0.0278407289	-0.0050103894	166.6
1.20535194222222	0.0278358879	-0.0050103792	166.8
1.20492075555556	0.0278297278	-0.0050103877	167
1.20448549777778	0.0278257931	-0.0050103797	167.2
1.20405416888889	0.0278204675	-0.0050103814	167.4
1.20361876222222	0.0278153932	-0.0050103739	167.6
1.20318264888889	0.0278095427	-0.0050103735	167.8
1.20274761555556	0.0278053253	-0.0050103841	168
1.20231153111111	0.0277994209	-0.0050103948	168.2
1.20187668444445	0.0277946023	-0.0050103894	168.4
1.20144030222222	0.0277898106	-0.0050103885	168.6
1.20100382444445	0.0277823898	-0.005010381	168.8
1.20056446222222	0.027777975	-0.0050103814	169
1.20011775333333	0.0277734032	-0.0050103748	169.2
1.19967286	0.0277693652	-0.0050103681	169.4
1.19922229777778	0.027764762	-0.0050103717	169.6
1.19877932222222	0.027758391	-0.0050103837	169.8
1.19832959555556	0.0277534648	-0.0050103819	170
1.19787755111111	0.0277470534	-0.0050103726	170.2
1.19742469777778	0.027741849	-0.0050103659	170.4
1.19696932222222	0.027737147	-0.0050103845	170.6
1.19652087111111	0.0277321669	-0.0050103823	170.8
1.19606988	0.0277273887	-0.0050103828	171
1.19562263111111	0.0277225836	-0.0050103881	171.2
1.1951815	0.0277169215	-0.0050103943	171.4
1.1947371	0.0277116363	-0.0050103854	171.6
1.19430941333333	0.0277053057	-0.0050103903	171.8
1.19387761111111	0.0277016177	-0.0050103885	172
1.19346299555556	0.0276958211	-0.0050103934	172.2
1.19305346222222	0.0276906615	-0.0050103837	172.4
1.19263981555556	0.0276831958	-0.0050103845	172.6
1.19222388666667	0.0276776728	-0.005010385	172.8
1.19179923555556	0.0276749539	-0.0050104058	173
1.19136626888889	0.027667412	-0.005010381	173.2
1.19092557555556	0.0276619159	-0.0050103845	173.4
1.19047358	0.0276557065	-0.0050103828	173.6
1.19001447777778	0.027651018	-0.0050103814	173.8
1.18954454888889	0.0276452078	-0.0050103921	174
1.18906852222222	0.0276403713	-0.0050103841	174.2
1.18859078888889	0.0276358354	-0.0050103899	174.4
1.18812765777778	0.0276287286	-0.0050103894	174.6
1.18767326888889	0.0276242016	-0.0050103819	174.8
1.18722314222222	0.0276194548	-0.0050103868	175
1.18678282	0.0276106073	-0.0050103854	175.2
1.18633976	0.0276064078	-0.0050103921	175.4
1.18588585555556	0.0276021411	-0.005010381	175.6
1.18541135555556	0.027597134	-0.0050103881	175.8
1.18492330666667	0.0275915662	-0.0050103832	176
1.18442644222222	0.0275851952	-0.0050103899	176.2
1.18391403111111	0.0275796139	-0.0050103819	176.4
1.18339776444445	0.0275756388	-0.0050103854	176.6
1.18287974666667	0.0275680968	-0.005010385	176.8
1.18236997777778	0.0275632109	-0.005010381	177
1.18186897777778	0.0275574502	-0.0050103916	177.2
1.18138590222222	0.027551465	-0.0050103939	177.4
1.18090742444444	0.0275448428	-0.005010389	177.6
1.18042718888889	0.0275400332	-0.0050103965	177.8
1.17993885333333	0.0275348108	-0.005010385	178
1.17944207333333	0.027527381	-0.0050103903	178.2
1.17894149555556	0.0275224144	-0.005010393	178.4
1.17843824444444	0.027518188	-0.005010389	178.6
1.17794074666667	0.0275119517	-0.0050103912	178.8
1.17745854666667	0.0275061146	-0.0050103948	179
1.17699636444444	0.0275001026	-0.0050103939	179.2
1.17654668666667	0.0274960198	-0.0050104014	179.4
1.17609874888889	0.0274904923	-0.0050103877	179.6
1.17563978	0.0274835874	-0.0050103828	179.8
1.17515904888889	0.0274777728	-0.0050103965	180
1.17466454	0.027471339	-0.0050103939	180.2
1.17415776888889	0.0274669153	-0.0050104112	180.4
1.17365591333333	0.0274593688	-0.0050103974	180.6
1.17314488888889	0.0274548553	-0.0050104036	180.8
1.17265249333333	0.0274497047	-0.0050103881	181
1.17215684	0.0274434414	-0.0050104023	181.2
1.17164976222222	0.0274367968	-0.0050103939	181.4
1.17111796444444	0.027432557	-0.0050103916	181.6
1.17058047777778	0.0274252573	-0.0050103987	181.8
1.17004095333333	0.0274205329	-0.0050103983	182
1.16950854222222	0.0274156694	-0.0050103899	182.2
1.16898509555556	0.0274088319	-0.005010405	182.4
1.16849250444445	0.0274017655	-0.0050103903	182.6
1.16802118	0.0273959957	-0.0050104018	182.8
1.16754960222222	0.0273897459	-0.0050104001	183
1.16706028	0.0273842229	-0.0050104023	183.2
1.16654995333333	0.0273798889	-0.0050103863	183.4
1.16602348	0.0273713509	-0.0050103894	183.6
1.16549343333333	0.027366631	-0.0050103943	183.8
1.16496757777778	0.0273600537	-0.0050103899	184
1.16444795111111	0.0273549255	-0.0050103841	184.2
1.16391531555556	0.0273488596	-0.0050103779	184.4
1.16337134	0.0273418471	-0.0050103903	184.6
1.16282211333333	0.0273358575	-0.0050103943	184.8
1.16228051333333	0.0273305229	-0.0050103899	185
1.16174668666667	0.0273250403	-0.0050103983	185.2
1.16124344444445	0.027318454	-0.0050103939	185.4
1.16075730666667	0.0273134021	-0.0050103885	185.6
1.16026126222222	0.0273050436	-0.0050103854	185.8
1.15972859111111	0.0273004763	-0.0050103996	186
1.15917426222222	0.0272948725	-0.0050103868	186.2
1.15860144222222	0.0272872139	-0.0050104054	186.4
1.15804164888889	0.02728266	-0.0050103916	186.6
1.15750375333333	0.0272743105	-0.0050103908	186.8
1.15698320222222	0.0272686125	-0.005010389	187
1.15645222444445	0.0272620621	-0.005010397	187.2
1.15591110666667	0.0272567006	-0.0050103956	187.4
1.15537066888889	0.027250213	-0.005010393	187.6
1.15484111555556	0.0272432005	-0.0050103916	187.8
1.15432330222222	0.0272368654	-0.0050104018	188
1.15378229555556	0.0272306784	-0.0050103872	188.2
1.15320706444445	0.0272248907	-0.0050103934	188.4
1.15261451555556	0.0272189415	-0.0050103868	188.6
1.1520323	0.0272106682	-0.0050103921	188.8
1.15148971333333	0.0272043107	-0.0050103921	189
1.15097407777778	0.0271987787	-0.0050104014	189.2
1.15043807111111	0.0271935922	-0.0050104027	189.4
1.14988560444445	0.0271849466	-0.0050104098	189.6
1.14931392	0.0271792531	-0.0050103996	189.8
1.14872868888889	0.0271732366	-0.0050103987	190
1.14815986222222	0.0271660625	-0.0050103903	190.2
1.14758673555556	0.0271596018	-0.0050103908	190.4
1.14701304222222	0.0271526207	-0.0050103921	190.6
1.14643573555556	0.0271458056	-0.0050104045	190.8
1.14587550222222	0.0271383309	-0.0050104054	191
1.14534204666667	0.0271328528	-0.0050103952	191.2
1.1447896	0.0271268542	-0.0050103992	191.4
1.14419646444445	0.0271198506	-0.0050103939	191.6
1.14357564888889	0.0271135694	-0.0050104085	191.8
1.14297572666667	0.0271054577	-0.0050103939	192
1.142415	0.027100823	-0.0050104054	192.2
1.14185042	0.0270935996	-0.005010389	192.4
1.14126941777778	0.0270872601	-0.0050103885	192.6
1.14068355333333	0.0270795745	-0.0050103841	192.8
1.14010280888889	0.0270728312	-0.0050103899	193
1.13950928222222	0.0270669493	-0.0050104023	193.2
1.13889895111111	0.0270593221	-0.0050104054	193.4
1.13828963333333	0.0270536914	-0.0050103987	193.6
1.13770689777778	0.0270463379	-0.0050104005	193.8
1.13715111555556	0.0270393253	-0.0050104018	194
1.13657416222222	0.0270329499	-0.0050104023	194.2
1.13594809555556	0.0270259284	-0.0050103974	194.4
1.13530805333333	0.0270185345	-0.0050103872	194.6
1.13470677111111	0.0270097273	-0.0050103987	194.8
1.13412345777778	0.027004312	-0.0050104076	195
1.13351775555556	0.02699795	-0.0050103961	195.2
1.13291042222222	0.0269896588	-0.0050104107	195.4
1.13230734444445	0.0269822155	-0.0050104085	195.6
1.13168940666667	0.0269744448	-0.005010405	195.8
1.13103525111111	0.0269690609	-0.0050104032	196
1.13039708	0.0269592711	-0.0050104089	196.2
1.12980572222222	0.0269548294	-0.0050103996	196.4
1.12920937333333	0.0269475252	-0.0050103983	196.6
1.12856922888889	0.026939916	-0.0050104005	196.8
1.12790460888889	0.026931719	-0.0050104036	197
1.12727254666667	0.026925173	-0.0050104169	197.2
1.12665130222222	0.026918156	-0.0050103987	197.4
1.12601715333333	0.0269118793	-0.0050104058	197.6
1.12538547333333	0.02690344	-0.0050103979	197.8
1.12475969555556	0.0268964364	-0.0050104036	198
1.12409305333333	0.0268880914	-0.0050104018	198.2
1.12343000666667	0.0268805898	-0.0050103939	198.4
1.12279368	0.0268730075	-0.0050104045	198.6
1.12218442888889	0.026866143	-0.0050103996	198.8
1.12152662444445	0.0268584036	-0.0050104045	199
1.12083845777778	0.0268506328	-0.0050104116	199.2
1.12018765333333	0.0268434947	-0.0050104094	199.4
1.11954203333333	0.0268368411	-0.0050104023	199.6
1.11888236444445	0.0268286755	-0.0050103894	199.8
1.1182355	0.026819792	-0.0050103925	200
1.11755955777778	0.0268129141	-0.0050104005	200.2
1.11686500222222	0.0268048023	-0.0050104103	200.4
1.11619562444445	0.0267962374	-0.0050103934	200.6
1.11555884222222	0.0267882603	-0.0050104067	200.8
1.11487059111111	0.0267810997	-0.0050104001	201
1.11414855333333	0.0267717631	-0.0050104138	201.2
1.11348094444445	0.0267646518	-0.0050104094	201.4
1.11280527111111	0.0267579219	-0.005010405	201.6
1.11211239333333	0.026750048	-0.0050104085	201.8
1.11142536222222	0.0267413485	-0.0050104067	202
1.11070751333333	0.0267334162	-0.0050104076	202.2
1.10999945777778	0.0267247526	-0.0050104014	202.4
1.10932935333333	0.0267163627	-0.0050104045	202.6
1.10862388666667	0.0267074299	-0.0050104089	202.8
1.10787369333333	0.0267008256	-0.0050104032	203
1.10717276888889	0.0266917537	-0.0050104058	203.2
1.10646903333333	0.0266835747	-0.0050104231	203.4
1.10574902444445	0.0266748348	-0.0050104058	203.6
1.10502467777778	0.0266663955	-0.005010412	203.8
1.10427395333333	0.0266590644	-0.0050104054	204
1.10354445555556	0.0266498265	-0.0050104081	204.2
1.10284975111111	0.0266415353	-0.005010424	204.4
1.10208694	0.0266325083	-0.0050104254	204.6
1.10132822666667	0.026623248	-0.0050104205	204.8
1.10061851333333	0.0266142658	-0.0050104023	205
1.09987199777778	0.0266063739	-0.0050104227	205.2
1.09911801555556	0.0265962836	-0.0050104107	205.4
1.09835875333333	0.0265881045	-0.0050104227	205.6
1.09760156666667	0.0265792031	-0.0050104143	205.8
1.09687622222222	0.0265688436	-0.0050104076	206
1.09608828444445	0.0265604896	-0.0050104098	206.2
1.09530375333333	0.0265517048	-0.0050104045	206.4
1.09456604444444	0.0265417087	-0.005010393	206.6
1.09378710888889	0.0265326862	-0.0050104058	206.8
1.09299669333333	0.0265244488	-0.0050104143	207
1.09221798222222	0.0265127523	-0.0050104187	207.2
1.09143817111111	0.0265045059	-0.0050104129	207.4
1.09066599555556	0.0264942541	-0.0050103974	207.6
1.08983855111111	0.0264846169	-0.0050104178	207.8
1.08906323777778	0.0264769179	-0.0050104156	208
1.08826676	0.0264675858	-0.0050104018	208.2
1.08742879555556	0.0264578902	-0.0050104214	208.4
1.08663406888889	0.026446593	-0.0050104227	208.6
1.08582393555556	0.0264370635	-0.0050104205	208.8
1.08500772	0.0264262463	-0.0050104138	209
1.08416731555556	0.0264174481	-0.005010416	209.2
1.08335506666667	0.0264074879	-0.0050104165	209.4
1.08254266888889	0.026397927	-0.0050104125	209.6
1.08167765777778	0.0263886981	-0.0050104316	209.8
1.08086939333333	0.0263774233	-0.0050104165	210
1.08002988222222	0.0263673284	-0.0050104165	210.2
1.07918038222222	0.0263574041	-0.0050104214	210.4
1.07832755777778	0.0263463357	-0.0050104249	210.6
1.07749997555556	0.0263382194	-0.0050104165	210.8
1.07662987111111	0.0263276715	-0.0050104254	211
1.07576702	0.0263148353	-0.005010416	211.2
1.07491519333333	0.0263041662	-0.0050104116	211.4
1.07402523777778	0.0262937977	-0.0050104103	211.6
1.07316767555556	0.0262828549	-0.0050104138	211.8
1.07230181555556	0.0262729665	-0.0050104183	212
1.07141367777778	0.0262643253	-0.0050104258	212.2
1.07052226222222	0.0262509732	-0.0050104205	212.4
1.06966214666667	0.0262401336	-0.0050104267	212.6
1.06874030444444	0.026229146	-0.0050104254	212.8
1.06786235111111	0.0262177007	-0.0050104036	213
1.06696949111111	0.0262081083	-0.0050104187	213.2
1.06605251777778	0.0261958285	-0.0050104045	213.4
1.06515570222222	0.026185653	-0.0050104191	213.6
1.06424827111111	0.0261730815	-0.0050104152	213.8
1.06332051777778	0.0261634219	-0.0050104227	214
1.06241060222222	0.0261507787	-0.0050104222	214.2
1.06148870222222	0.0261378618	-0.0050104125	214.4
1.06054643333333	0.0261288393	-0.0050104311	214.6
1.05964864	0.0261156981	-0.0050104174	214.8
1.05868023555556	0.0261031491	-0.0050104249	215
1.05776105555556	0.026091632	-0.0050104107	215.2
1.05681940888889	0.0260796842	-0.0050104183	215.4
1.05585228	0.0260676018	-0.0050104329	215.6
1.05492762666667	0.0260560533	-0.0050104143	215.8
1.05395104666667	0.0260422167	-0.0050104152	216
1.05300603111111	0.0260316014	-0.005010424	216.2
1.05204336222222	0.0260184153	-0.0050104254	216.4
1.05105396222222	0.0260066784	-0.0050104178	216.6
1.05010650666667	0.0259936987	-0.0050104311	216.8
1.04910731111111	0.0259806427	-0.0050104325	217
1.04814400888889	0.0259669407	-0.0050104209	217.2
1.04717162	0.0259560876	-0.0050104373	217.4
1.04615163555556	0.0259418248	-0.0050104254	217.6
1.04518908666667	0.0259295898	-0.0050104347	217.8
1.04417720222222	0.0259171351	-0.0050104338	218
1.04317451777778	0.0259038682	-0.0050104174	218.2
1.04219054666667	0.0258894214	-0.0050104347	218.4
1.04117115777778	0.0258764596	-0.005010428	218.6
1.04015804444445	0.0258636011	-0.0050104258	218.8
1.03913260444445	0.0258492126	-0.0050104196	219
1.03813452	0.0258368655	-0.0050104214	219.2
1.03708114666667	0.0258236345	-0.0050104302	219.4
1.03606554888889	0.0258089634	-0.0050104276	219.6
1.03503663555556	0.0257955036	-0.0050104351	219.8
1.03398539555556	0.0257817971	-0.0050104258	220
1.03294364222222	0.0257671394	-0.0050104311	220.2
1.03191399333333	0.0257522843	-0.0050104254	220.4
1.03087181333333	0.0257365364	-0.0050104267	220.6
1.02979346222222	0.0257224395	-0.0050104254	220.8
1.02874038888889	0.0257075171	-0.0050104293	221
1.02768160666667	0.0256910558	-0.0050104174	221.2
1.02663986444445	0.0256763488	-0.0050104271	221.4
1.02554556444445	0.0256594433	-0.00501042	221.6
1.02446882194667	0.0256453868	-0.0050104196	221.8
1.02338282619333	0.025631263	-0.0050104289	222
1.02232247233333	0.0256154613	-0.0050104214	222.2
1.02123110458222	0.025600817	-0.0050104067	222.4
1.02013454125111	0.0255855133	-0.0050104267	222.6
1.01902402212222	0.0255695859	-0.0050104191	222.8
1.01790967480222	0.025553995	-0.0050104196	223
1.01682027069556	0.0255385432	-0.0050104222	223.2
1.01571174428889	0.0255237195	-0.0050104209	223.4
1.01461647493556	0.0255071729	-0.0050104302	223.6
1.01347348037333	0.0254922236	-0.0050104329	223.8
1.01235164742889	0.0254780415	-0.0050104369	224
1.01120870811333	0.0254598708	-0.005010416	224.2
1.01008755659333	0.025444428	-0.0050104298	224.4
1.00896076286222	0.0254287698	-0.0050104311	224.6
1.00782422849556	0.0254115996	-0.0050104307	224.8
1.00671577571778	0.0253962555	-0.0050104276	225
1.00557501436667	0.0253795295	-0.0050104245	225.2
1.00445558437556	0.0253620407	-0.0050104187	225.4
1.00332304596667	0.0253446642	-0.005010428	225.6
1.00217303118445	0.0253276196	-0.005010424	225.8
1.00104176790222	0.0253106872	-0.005010424	226
0.999884212231112	0.0252944323	-0.0050104178	226.2
0.99872990564889	0.0252780338	-0.0050104072	226.4
0.99758409056889	0.0252600336	-0.0050104174	226.6
0.99640178670889	0.0252421456	-0.0050104187	226.8
0.995238159493334	0.0252243518	-0.0050104325	227
0.99408002460889	0.0252074015	-0.0050104307	227.2
0.992891790400001	0.0251894102	-0.0050104373	227.4
0.991717055511112	0.0251735771	-0.0050104373	227.6
0.990550653222223	0.0251558281	-0.0050104249	227.8
0.989351227720001	0.0251374152	-0.005010428	228
0.988142592946668	0.0251187868	-0.0050104329	228.2
0.986939341251112	0.0251022672	-0.0050104222	228.4
0.985711862204445	0.0250844824	-0.0050104449	228.6
0.984473591773334	0.0250657598	-0.00501044	228.8
0.983263003417779	0.0250471988	-0.0050104311	229
0.982047563251112	0.0250310247	-0.0050104364	229.2
0.980812682884445	0.0250110773	-0.0050104316	229.4
0.979580344393334	0.0249925746	-0.0050104329	229.6
0.978345817200001	0.0249745385	-0.0050104271	229.8
0.977091254762223	0.0249557801	-0.0050104382	230
0.975827028644445	0.0249388387	-0.0050104444	230.2
0.974568955177779	0.0249190349	-0.0050104418	230.4
0.97331448552889	0.0248995362	-0.0050104387	230.6
0.972049997784445	0.0248821103	-0.0050104249	230.8
0.970771432553334	0.0248625712	-0.0050104409	231
0.969488379657778	0.0248441582	-0.0050104329	231.2
0.968196919377778	0.0248253414	-0.0050104307	231.4
0.966909956071112	0.0248062151	-0.0050104222	231.6
0.965635794711112	0.0247879143	-0.0050104435	231.8
0.964338347775556	0.0247684694	-0.00501044	232
0.963014170377779	0.02474972	-0.0050104409	232.2
0.961694722715556	0.0247308225	-0.0050104449	232.4
0.960374409175556	0.0247116557	-0.0050104422	232.6
0.959050157291112	0.024691677	-0.0050104387	232.8
0.957742310517779	0.024674426	-0.0050104342	233
0.956406932580001	0.0246522982	-0.0050104338	233.2
0.955067904924445	0.0246314445	-0.0050104342	233.4
0.953714511157778	0.0246146512	-0.0050104285	233.6
0.952338343893334	0.0245945737	-0.0050104249	233.8
0.950968144662223	0.024575075	-0.0050104298	234
0.949571019448889	0.0245553878	-0.0050104267	234.2
0.948186752044445	0.024536257	-0.00501044	234.4
0.946779571484445	0.0245154527	-0.0050104338	234.6
0.945380072091112	0.0244955322	-0.005010444	234.8
0.943965080017778	0.0244766527	-0.005010436	235
0.942556167704445	0.0244556509	-0.0050104307	235.2
0.941134974831112	0.0244375655	-0.0050104542	235.4
0.939706314933334	0.0244167836	-0.0050104289	235.6
0.938278437117778	0.024395571	-0.0050104453	235.8
0.936829210311111	0.0243746097	-0.0050104542	236
0.935383689088889	0.0243566499	-0.0050104458	236.2
0.933917861651111	0.0243364243	-0.0050104533	236.4
0.932445284097778	0.0243154495	-0.0050104409	236.6
0.930975415902223	0.0242966552	-0.0050104568	236.8
0.929489356735556	0.0242745587	-0.0050104564	237
0.928005224844445	0.0242517085	-0.0050104418	237.2
0.926536213213334	0.0242328424	-0.005010448	237.4
0.92505739762	0.0242123522	-0.0050104404	237.6
0.923558517886667	0.0241925663	-0.0050104391	237.8
0.922044406166667	0.0241728208	-0.0050104409	238
0.920522743626667	0.0241524248	-0.0050104497	238.2
0.918993241637778	0.0241302476	-0.0050104325	238.4
0.91745751092	0.0241098874	-0.0050104422	238.6
0.9159161939	0.0240879839	-0.0050104537	238.8
0.914370510253334	0.0240671123	-0.0050104515	239
0.912805982142223	0.0240469765	-0.0050104555	239.2
0.911228307597778	0.0240252883	-0.005010448	239.4
0.909660772193334	0.0240039635	-0.0050104617	239.6
0.908096514086667	0.0239827644	-0.0050104564	239.8
0.906517619864445	0.0239615249	-0.0050104471	240
0.904916129044445	0.0239403616	-0.0050104422	240.2
0.903315634448889	0.0239179825	-0.0050104524	240.4
0.901711750828889	0.0238984838	-0.0050104586	240.6
0.900078688082223	0.0238755035	-0.0050104515	240.8
0.898447096395556	0.0238544435	-0.0050104475	241
0.896810896008889	0.0238306331	-0.0050104537	241.2
0.895150115888889	0.0238098871	-0.0050104542	241.4
0.893481365973334	0.0237877368	-0.0050104431	241.6
0.891820353091111	0.0237652187	-0.005010444	241.8
0.890136631884445	0.0237450739	-0.0050104533	242
0.888456253148889	0.0237229819	-0.0050104702	242.2
0.886754450937778	0.0237000599	-0.005010448	242.4
0.885044678933334	0.0236770796	-0.0050104564	242.6
0.883327681977778	0.023654696	-0.0050104542	242.8
0.881580807608889	0.0236318054	-0.0050104533	243
0.879848448317778	0.0236096237	-0.005010456	243.2
0.878092272753334	0.0235876125	-0.0050104599	243.4
0.876341339004445	0.0235644886	-0.0050104608	243.6
0.874558041935556	0.0235410238	-0.0050104524	243.8
0.872774000024445	0.0235184966	-0.0050104604	244
0.87097052708889	0.0234941613	-0.0050104675	244.2
0.869169204882223	0.0234707997	-0.0050104529	244.4
0.867356598340001	0.0234475905	-0.0050104622	244.6
0.865518499633334	0.0234237937	-0.005010467	244.8
0.863683603740001	0.0233990815	-0.0050104719	245
0.861828755431112	0.023375841	-0.0050104728	245.2
0.859969857053334	0.0233508462	-0.0050104764	245.4
0.858092039726667	0.0233263225	-0.0050104608	245.6
0.856200992171112	0.0233034813	-0.0050104706	245.8
0.854312086033334	0.0232783384	-0.0050104657	246
0.852401821593334	0.0232526078	-0.005010467	246.2
0.850468941935556	0.0232287571	-0.0050104777	246.4
0.848534311902223	0.0232028202	-0.0050104546	246.6
0.846590902062223	0.0231787137	-0.0050104617	246.8
0.844637557911112	0.0231514263	-0.0050104475	247
0.842666095515556	0.0231281678	-0.0050104537	247.2
0.840672939642223	0.0230999606	-0.0050104568	247.4
0.838672670542223	0.0230728481	-0.0050104599	247.6
0.836669999331112	0.0230463818	-0.0050104639	247.8
0.834652384760001	0.0230207005	-0.0050104515	248
0.83262194030889	0.0229930856	-0.0050104613	248.2
0.830579057022223	0.0229652283	-0.0050104675	248.4
0.828510262597779	0.0229393003	-0.005010467	248.6
0.826425686866668	0.0229113982	-0.0050104537	248.8
0.824330469226668	0.0228829981	-0.0050104617	249
0.822217896804445	0.0228550197	-0.0050104568	249.2
0.820097261482223	0.0228257806	-0.0050104706	249.4
0.817966012184445	0.0227965236	-0.0050104675	249.6
0.815824027873334	0.0227660821	-0.0050104622	249.8
0.81367168096889	0.0227372737	-0.0050104644	250
0.811505116922223	0.0227069084	-0.0050104622	250.2
0.80932667266889	0.0226747127	-0.0050104648	250.4
0.807132987120001	0.0226446794	-0.0050104657	250.6
0.804920242962223	0.0226127304	-0.0050104697	250.8
0.80269339338889	0.022582271	-0.0050104799	251
0.800452550124445	0.0225499182	-0.0050104626	251.2
0.79819879318889	0.0225164393	-0.0050104653	251.4
0.795935399880001	0.0224832026	-0.0050104626	251.6
0.79366239812889	0.0224500288	-0.0050104648	251.8
0.791376901677779	0.022415648	-0.0050104679	252
0.789073566297778	0.0223805539	-0.0050104591	252.2
0.786752894755556	0.0223479588	-0.0050104728	252.4
0.784418136417778	0.0223121424	-0.0050104613	252.6
0.782077894193334	0.022273791	-0.0050104759	252.8
0.779725650726667	0.0222397737	-0.0050104706	253
0.777358221824445	0.022201889	-0.0050104653	253.2
0.774970272566667	0.0221665122	-0.0050104595	253.4
0.772572966251112	0.02212878	-0.0050104662	253.6
0.770169403275556	0.0220932103	-0.0050104684	253.8
0.767752200408889	0.0220565145	-0.0050104684	254
0.765315519964445	0.0220183336	-0.0050104724	254.2
0.762871055935556	0.0219815391	-0.005010467	254.4
0.760419469371112	0.0219430172	-0.0050104857	254.6
0.757950034566667	0.0219028263	-0.0050104564	254.8
0.755467835057778	0.021864807	-0.0050104879	255
0.752980784775556	0.0218276939	-0.0050104879	255.2
0.750479954944445	0.0217904687	-0.0050104755	255.4
0.747961369977778	0.0217498247	-0.0050104906	255.6
0.745439935995556	0.0217128731	-0.0050104772	255.8
0.74289982514	0.0216721349	-0.0050104835	256
0.7403495379	0.0216354705	-0.0050104693	256.2
0.737793971604445	0.0215968993	-0.0050104901	256.4
0.73522533336	0.0215571301	-0.0050104772	256.6
0.732643260053334	0.0215193486	-0.0050104945	256.8
0.730055051122222	0.0214811094	-0.005010491	257
0.727455585791111	0.0214413133	-0.0050104897	257.2
0.724841856764445	0.0214220165	-0.0050104901	257.4
0.722224170773333	0.0213824493	-0.0050104954	257.6
0.719597528075556	0.0213458432	-0.0050104972	257.8
0.7169563703	0.0213064509	-0.0050104954	258
0.71430927242	0.0212676644	-0.0050104883	258.2
0.711647938777778	0.021228797	-0.005010499	258.4
0.708976289093334	0.021190679	-0.0050104923	258.6
0.706298783102222	0.0211515065	-0.005010499	258.8
0.703609983466667	0.0211154523	-0.0050104812	259
0.700912729891111	0.0210768676	-0.005010499	259.2
0.698206035462222	0.0210391175	-0.0050104972	259.4
0.695491417791111	0.0210001156	-0.005010499	259.6
0.692767629273334	0.020959817	-0.0050104959	259.8
0.690035898893334	0.0209219861	-0.0050104954	260
0.687295379397778	0.0208819029	-0.0050104959	260.2
0.684547551153334	0.0208452968	-0.0050105016	260.4
0.681790971033334	0.0208066224	-0.0050104968	260.6
0.679025955595556	0.0207668443	-0.0050105056	260.8
0.676250782395556	0.0207260343	-0.005010499	261
0.673465200048889	0.0206875304	-0.0050104883	261.2
0.670673938293334	0.0206481112	-0.0050104985	261.4
0.667876382637778	0.0206091497	-0.0050105003	261.6
0.665068911291111	0.0205680166	-0.005010503	261.8
0.66225597468	0.0205279828	-0.0050105238	262
0.659435654835556	0.0204848487	-0.005010511	262.2
0.656606164142223	0.0204428497	-0.0050104963	262.4
0.653770090922222	0.0204009315	-0.0050105114	262.6
0.650926857922222	0.0203602561	-0.0050104972	262.8
0.648074472695556	0.0203172656	-0.0050105047	263
0.645213968706667	0.0202740553	-0.0050105092	263.2
0.6423459139	0.0202292118	-0.0050105154	263.4
0.639469312046667	0.0201863738	-0.0050105056	263.6
0.636585727313334	0.020141158	-0.0050105105	263.8
0.633695681088889	0.0200950314	-0.0050105172	264
0.630799126822223	0.0200514486	-0.0050105123	264.2
0.6278949007	0.0200055149	-0.0050105074	264.4
0.624981922702223	0.0199592088	-0.0050105061	264.6
0.622062194586667	0.019914168	-0.0050105132	264.8
0.619138481573334	0.0198680772	-0.0050105136	265
0.616207441193334	0.019821659	-0.0050105074	265.2
0.613268794128889	0.0197737871	-0.0050105105	265.4
0.610324067304445	0.0197319317	-0.0050105012	265.6
0.607371426551112	0.01968515	-0.0050105176	265.8
0.604410145646667	0.0196384805	-0.0050105123	266
0.601442189111111	0.0195925064	-0.0050105163	266.2
0.598464977931111	0.019546806	-0.0050105181	266.4
0.595484396348889	0.0195023663	-0.0050105265	266.6
0.592495789108889	0.0194583888	-0.0050105194	266.8
0.589499649668889	0.0194114052	-0.0050105256	267
0.586496722871111	0.0193656824	-0.0050105265	267.2
0.583490146355556	0.0193193494	-0.0050105274	267.4
0.580475302111112	0.0192764621	-0.0050105176	267.6
0.577453996373334	0.019229649	-0.0050105229	267.8
0.574425353957778	0.0191855189	-0.005010526	268
0.571389328311111	0.019141151	-0.0050105176	268.2
0.568346785311111	0.0190938668	-0.005010526	268.4
0.565296738044445	0.0190502976	-0.0050105207	268.6
0.562239279613334	0.0190042382	-0.0050105283	268.8
0.559174335535556	0.018957654	-0.0050105345	269
0.556104745515556	0.0189103788	-0.0050105331	269.2
0.553028498484445	0.0188661231	-0.0050105225	269.4
0.549943844066667	0.01881896	-0.0050105402	269.6
0.546855660966667	0.0187715188	-0.0050105234	269.8
0.543759135653333	0.0187229605	-0.0050105371	270
0.540658299575556	0.0186725133	-0.0050105203	270.2
0.537549316806667	0.0186248702	-0.0050105203	270.4
0.534436395691111	0.0185747415	-0.005010534	270.6
0.531316938602222	0.0185265555	-0.0050105256	270.8
0.528189856206667	0.0184774094	-0.0050105278	271
0.525053379513333	0.0184274243	-0.005010526	271.2
0.521911102373333	0.018377004	-0.0050105371	271.4
0.518757624695556	0.0183267004	-0.0050105291	271.6
0.515603979428889	0.0182775678	-0.0050105327	271.8
0.512444682684444	0.018228148	-0.0050105331	272
0.509277863051111	0.0181773374	-0.0050105362	272.2
0.506104898482222	0.0181270472	-0.0050105376	272.4
0.502925900706667	0.018076932	-0.005010534	272.6
0.499739789706667	0.0180260899	-0.0050105518	272.8
0.496546695826667	0.0179761273	-0.0050105438	273
0.493347103213333	0.0179279234	-0.0050105558	273.2
0.490140509097778	0.0178787189	-0.0050105416	273.4
0.486928244884444	0.0178284691	-0.0050105495	273.6
0.483707945704444	0.0177776944	-0.0050105513	273.8
0.480480896408889	0.0177264216	-0.005010546	274
0.477246156635556	0.0176761449	-0.0050105624	274.2
0.474007096786667	0.0176255362	-0.0050105526	274.4
0.470759434028889	0.0175755287	-0.00501055	274.6
0.467506119793333	0.0175226093	-0.0050105455	274.8
0.464247861682222	0.017471377	-0.0050105442	275
0.460983644844444	0.0174187852	-0.005010562	275.2
0.457713422731111	0.0173650358	-0.0050105424	275.4
0.454436245671111	0.017312278	-0.0050105442	275.6
0.451153752311111	0.0172577076	-0.0050105571	275.8
0.447866771288889	0.0172075431	-0.00501055	276
0.444572835317778	0.0171537444	-0.0050105469	276.2
0.441271869913333	0.0170994746	-0.0050105562	276.4
0.437966724093333	0.0170472372	-0.0050105544	276.6
0.434651224991111	0.0169918189	-0.005010558	276.8
0.431335418642222	0.0169413044	-0.0050105531	277
0.428014975662222	0.0168885824	-0.0050105642	277.2
0.424687763942222	0.0168354657	-0.0050105558	277.4
0.421355775933333	0.0167789526	-0.0050105566	277.6
0.41802020338	0.0167247053	-0.0050105664	277.8
0.414678932797778	0.0166722705	-0.0050105447	278
0.411331563833333	0.0166161567	-0.0050105611	278.2
0.407976895433333	0.0165629682	-0.0050105628	278.4
0.40461906146	0.0165107847	-0.0050105637	278.6
0.401252931824445	0.0164534147	-0.0050105642	278.8
0.397884306975556	0.0163966862	-0.0050105686	279
0.394509481328889	0.0163422998	-0.0050105584	279.2
0.391130708026667	0.0162867468	-0.0050105699	279.4
0.387747828791111	0.0162306869	-0.0050105589	279.6
0.384360136024445	0.0161747795	-0.0050105628	279.8
0.380966838333334	0.0161196034	-0.0050105606	280
0.377571967166667	0.0160622424	-0.0050105744	280.2
0.374173986291111	0.0160061151	-0.0050105686	280.4
0.370771750515556	0.0159499161	-0.0050105717	280.6
0.367363137042222	0.0158943093	-0.0050105637	280.8
0.36396280992	0.0158361003	-0.005010581	281
0.360559652404445	0.0157799058	-0.0050105797	281.2
0.357152789306667	0.0157231459	-0.0050105784	281.4
0.353743272715556	0.0156648741	-0.0050105766	281.6
0.350327527393334	0.0156074188	-0.0050105691	281.8
0.346907601655556	0.0155500847	-0.0050105748	282
0.343487843506667	0.0154935402	-0.0050105939	282.2
0.340066092908889	0.015436085	-0.0050105779	282.4
0.336641996064445	0.0153765434	-0.0050105775	282.6
0.333214053982222	0.0153175403	-0.0050105859	282.8
0.329781791824445	0.015259098	-0.0050105766	283
0.326347611702222	0.0151994308	-0.0050105779	283.2
0.322911076022222	0.0151422582	-0.0050105748	283.4
0.319472622377778	0.0150842511	-0.0050105837	283.6
0.316031450066667	0.0150257908	-0.0050105832	283.8
0.312587791848889	0.0149638176	-0.005010589	284
0.309139236306667	0.0149047068	-0.0050105868	284.2
0.305688986251111	0.0148448287	-0.0050105806	284.4
0.30223680892	0.0147862653	-0.0050105939	284.6
0.298783113977778	0.0147243593	-0.0050105824	284.8
0.295326104493334	0.0146669848	-0.0050105793	285
0.291866702211111	0.0146074208	-0.0050105912	285.2
0.2884062106	0.0145435722	-0.0050105961	285.4
0.284941566502222	0.0144824424	-0.0050105926	285.6
0.281476922404445	0.0144201147	-0.0050105881	285.8
0.278008200304445	0.0143579037	-0.0050105886	286
0.274537988522222	0.0142958272	-0.005010589	286.2
0.27106554222	0.0142350922	-0.0050105841	286.4
0.267590088624445	0.0141736798	-0.005010601	286.6
0.264112772928889	0.0141103561	-0.0050106041	286.8
0.260633734788889	0.0140476605	-0.0050105943	287
0.257151214517778	0.0139812904	-0.0050105966	287.2
0.253671403604445	0.0139216726	-0.0050105961	287.4
0.250189981973334	0.0138583668	-0.0050105952	287.6
0.246706363064445	0.0137916646	-0.0050105943	287.8
0.243224494528889	0.0137262726	-0.0050105966	288
0.239737477284445	0.0136621233	-0.0050105974	288.2
0.236251754202223	0.0135960449	-0.0050105948	288.4
0.232762465195556	0.0135295626	-0.0050105908	288.6
0.229269070255556	0.0134667907	-0.0050106032	288.8
0.225776196704445	0.0134020896	-0.0050106072	289
0.222279114802223	0.0133336646	-0.0050106081	289.2
0.218781949108889	0.0132665228	-0.0050106059	289.4
0.21528234406	0.0131983805	-0.0050106063	289.6
0.211781975551111	0.0131306868	-0.0050106174	289.8
0.208269568557778	0.0130612613	-0.0050106187	290
0.20475449876	0.012994963	-0.005010613	290.2
0.201240425186667	0.0129264483	-0.0050106156	290.4
0.197724666411111	0.0128549634	-0.0050106121	290.6
0.194208749357778	0.0127832947	-0.0050106201	290.8
0.190689182584445	0.012712743	-0.005010609	291
0.18716737198	0.0126417517	-0.0050106143	291.2
0.183644797915556	0.0125685979	-0.0050106085	291.4
0.180121413835556	0.0124998813	-0.0050106094	291.6
0.176597061462223	0.0124279747	-0.0050106249	291.8
0.173072876677778	0.0123534435	-0.0050106112	292
0.169544688375556	0.0122798186	-0.0050106183	292.2
0.166013455537778	0.012204058	-0.0050106143	292.4
0.162485835177778	0.0121291185	-0.0050106068	292.6
0.158959071384445	0.012054686	-0.0050106201	292.8
0.155431413782223	0.0119755964	-0.0050106112	293
0.151901298204445	0.0118969599	-0.0050106143	293.2
0.148371825053334	0.0118179107	-0.0050106183	293.4
0.144842957084445	0.0117379552	-0.0050106254	293.6
0.141311584591111	0.0116567434	-0.0050106125	293.8
0.137780184166667	0.011578605	-0.0050106147	294
0.134249221333334	0.0114979989	-0.0050106196	294.2
0.13071786746	0.0114137811	-0.0050106072	294.4
0.127186336686667	0.0113289353	-0.0050106205	294.6
0.123652822775556	0.0112438785	-0.0050106338	294.8
0.120121617871111	0.0111569777	-0.0050106249	295
0.116596660315556	0.0110693816	-0.0050106112	295.2
0.113074868333334	0.0109798292	-0.0050106227	295.4
0.109544547926667	0.0108935252	-0.0050106205	295.6
0.106011443677778	0.0108009399	-0.0050106276	295.8
0.102478164911628	0.0107090815	-0.0050106294	296
0.0989431001243906	0.0106152131	-0.0050106285	296.2
0.0954081231205132	0.0105212998	-0.0050106192	296.4
0.0918728178378382	0.0104215674	-0.0050106343	296.6
0.088336014731429	0.0103299288	-0.0050106343	296.8
0.084803675275758	0.0102310264	-0.0050106316	297
0.0812740549580649	0.010129441	-0.0050106351	297.2
0.0777394091413798	0.0100299375	-0.0050106374	297.4
0.0742059918666672	0.0099258217	-0.0050106427	297.6
0.0706719193240005	0.0098244965	-0.0050106462	297.8
0.0671432687347832	0.0097214575	-0.0050106325	298
0.0636118930000006	0.0096139274	-0.0050106422	298.2
0.060086876642106	0.0095082817	-0.0050106427	298.4
0.0565703409176478	0.0094028603	-0.0050106431	298.6
0.0530411262666676	0.0092978965	-0.0050106285	298.8
0.0495239981307703	0.0091892313	-0.0050106436	299
0.0460079142090921	0.0090897457	-0.0050106467	299.2
0.0424884964000015	0.0089971201	-0.0050106445	299.4
0.0389872473857162	0.0088996579	-0.0050106493	299.6
0.0355244614000027	0.0087928995	-0.0050106462	299.8
0.0319552882666711	0.0087035356	-0.0050106524	300
0.0281948680000134	0.0086533621	-0.0050106422	300.2
