Calibrated Field (T)	Sample Voltage (V)	Sample Current (A)	Acquisition Time (s)	
Teslas	Volts	Amps	Seconds	
0.0281085596	0.0081243512	-0.0050109429	0
0.0267579310666667	0.0081852741	-0.0050109242	0.2
0.02845379316	0.0082702403	-0.0050109242	0.4
0.0305979760857143	0.0083460675	-0.0050109083	0.6
0.0330880509555556	0.0084188259	-0.0050109198	0.8
0.0357667723909091	0.0085083011	-0.0050109083	1
0.0385603187384615	0.0086058791	-0.0050109092	1.2
0.0414325919266667	0.0087056779	-0.0050108945	1.4
0.0443441979941176	0.0088107842	-0.0050108954	1.6
0.0472983282842105	0.0089124943	-0.0050109052	1.8
0.0502765883333333	0.0090168559	-0.0050109007	2
0.0532949254043478	0.0091198716	-0.0050108976	2.2
0.056343285284	0.009225458	-0.0050109047	2.4
0.0594134289666667	0.0093237808	-0.0050108896	2.6
0.0625030743517241	0.0094246025	-0.0050108763	2.8
0.0656150423548387	0.0095260703	-0.0050108834	3
0.0687465820242424	0.0096254159	-0.0050108808	3.2
0.0718864016742857	0.009725973	-0.0050108799	3.4
0.0750449238135135	0.0098200245	-0.0050108768	3.6
0.0782200661102564	0.0099140895	-0.0050108976	3.8
0.0814146692707317	0.0100144446	-0.0050108839	4
0.0846154071	0.0101081821	-0.005010879	4.2
0.0878328390755555	0.0102009146	-0.0050108821	4.4
0.0908086350577778	0.0102932747	-0.0050108794	4.6
0.0939182974955556	0.0103843202	-0.0050108888	4.8
0.0970735069266667	0.0104725661	-0.0050108777	5
0.100227208057778	0.0105588021	-0.0050108661	5.2
0.103422704048889	0.0106490849	-0.0050108737	5.4
0.106632352011111	0.0107339211	-0.0050108865	5.6
0.109853451893333	0.0108201795	-0.0050108657	5.8
0.113083331582222	0.0109051054	-0.005010875	6
0.116323192135556	0.0109890308	-0.0050108706	6.2
0.119571860426667	0.0110709058	-0.005010867	6.4
0.122829867155556	0.0111509952	-0.0050108573	6.6
0.126095359531111	0.0112322825	-0.005010859	6.8
0.129370227586667	0.011313489	-0.0050108688	7
0.132651612995556	0.0113926676	-0.0050108741	7.2
0.135938733675556	0.0114732685	-0.0050108684	7.4
0.139236254193333	0.0115515543	-0.005010867	7.6
0.14254078552	0.0116269821	-0.0050108772	7.8
0.145854040791111	0.0117006154	-0.0050108719	8
0.149176224837778	0.011779637	-0.0050108648	8.2
0.152504283813333	0.0118519243	-0.005010863	8.4
0.1558439623	0.0119268137	-0.0050108546	8.6
0.159183473197778	0.0119995945	-0.0050108635	8.8
0.162529035924444	0.012072151	-0.0050108582	9
0.165880697031111	0.0121458336	-0.0050108546	9.2
0.169235160602222	0.0122176184	-0.0050108648	9.4
0.172597100508889	0.012289632	-0.0050108604	9.6
0.175963788773333	0.0123628614	-0.0050108488	9.8
0.17933494608	0.0124331432	-0.0050108599	10
0.18271130796	0.0125008228	-0.0050108635	10.2
0.186092148193333	0.0125710553	-0.0050108484	10.4
0.189477364364444	0.0126416646	-0.0050108493	10.6
0.192866928542222	0.0127094608	-0.0050108488	10.8
0.196262563171111	0.0127788947	-0.005010848	11
0.19965968748	0.0128462692	-0.0050108519	11.2
0.203060694268889	0.0129148147	-0.0050108457	11.4
0.206463535228889	0.0129796453	-0.0050108444	11.6
0.209872586295556	0.013046468	-0.0050108378	11.8
0.213282726691111	0.0131144526	-0.0050108315	12
0.21669605128	0.0131812618	-0.0050108347	12.2
0.220109375868889	0.0132474205	-0.0050108502	12.4
0.223522216311111	0.0133135074	-0.0050108422	12.6
0.22693850164	0.0133797333	-0.0050108293	12.8
0.230357626673333	0.0134420739	-0.0050108444	13
0.233776556186667	0.0135059399	-0.0050108249	13.2
0.237197571255555	0.0135736823	-0.0050108409	13.4
0.240621193264444	0.0136361755	-0.0050108333	13.6
0.24404843706	0.0136997364	-0.005010836	13.8
0.247474442557778	0.0137617944	-0.005010824	14
0.250897785251111	0.0138259789	-0.0050108302	14.2
0.254323287982222	0.0138892931	-0.0050108378	14.4
0.257749535553333	0.0139530021	-0.0050108315	14.6
0.261175364151111	0.0140157645	-0.0050108333	14.8
0.264599237544444	0.0140785268	-0.0050108471	15
0.268023511288889	0.0141412846	-0.0050108293	15.2
0.271448986088889	0.0142005923	-0.0050108276	15.4
0.274871360491111	0.0142608826	-0.005010816	15.6
0.278292291762222	0.0143232995	-0.00501082	15.8
0.281714284431111	0.014383989	-0.0050108298	16
0.285135131908889	0.0144448894	-0.0050108258	16.2
0.288554796953333	0.0145052604	-0.0050108488	16.4
0.291971761948889	0.0145651334	-0.0050108156	16.6
0.295385105157778	0.0146237771	-0.0050108191	16.8
0.298796688682222	0.014681851	-0.0050108165	17
0.302204268688889	0.0147428322	-0.0050108134	17.2
0.305612891471111	0.0148033019	-0.0050108196	17.4
0.309016449337778	0.0148625737	-0.0050108023	17.6
0.312418340626667	0.0149225454	-0.0050108218	17.8
0.315816330813333	0.0149812968	-0.0050108138	18
0.319212514762222	0.015038258	-0.0050108187	18.2
0.322606817986667	0.0150955961	-0.0050108213	18.4
0.325998579444444	0.015154666	-0.0050108138	18.6
0.329388078448889	0.015212713	-0.0050108218	18.8
0.332776916406667	0.0152706298	-0.0050108191	19
0.336157533188889	0.0153255093	-0.0050108258	19.2
0.339531939864444	0.0153831614	-0.0050108151	19.4
0.342906961033333	0.0154412623	-0.0050108076	19.6
0.346276144513333	0.015497878	-0.0050107996	19.8
0.349637814415555	0.015554579	-0.0050108085	20
0.352998488093333	0.015610948	-0.0050108045	20.2
0.356356415171111	0.0156681964	-0.0050108027	20.4
0.359710422526667	0.0157238206	-0.0050108018	20.6
0.363058070806667	0.015778911	-0.005010797	20.8
0.366402292822222	0.0158355536	-0.0050108001	21
0.369740407144444	0.0158907965	-0.0050108036	21.2
0.373076389362222	0.0159466227	-0.0050108032	21.4
0.376409503944445	0.0160012284	-0.0050107974	21.6
0.379737581542222	0.0160573821	-0.0050108014	21.8
0.383059812142222	0.0161097536	-0.0050108063	22
0.386378188191111	0.0161635922	-0.0050107956	22.2
0.389689851364445	0.0162199926	-0.0050108058	22.4
0.392994243033333	0.0162734049	-0.0050108054	22.6
0.396295338784445	0.0163295765	-0.0050108032	22.8
0.399590419948889	0.0163832985	-0.0050107903	23
0.402881916568889	0.0164390887	-0.0050108018	23.2
0.406167528948889	0.0164901591	-0.0050107916	23.4
0.409448057791111	0.0165421178	-0.0050107952	23.6
0.412723177231111	0.0165968134	-0.0050108076	23.8
0.415994255908889	0.0166480453	-0.005010789	24
0.419261582453333	0.0167019691	-0.005010789	24.2
0.422519756771111	0.0167515275	-0.0050108009	24.4
0.425772018917778	0.0168035894	-0.0050108005	24.6
0.429019011317778	0.0168553732	-0.0050107885	24.8
0.432258816008889	0.0169077043	-0.0050107797	25
0.435492820253333	0.0169593355	-0.0050107717	25.2
0.438723072362222	0.0170099034	-0.0050107765	25.4
0.441947402991111	0.0170632619	-0.0050107934	25.6
0.445166696637778	0.0171156872	-0.0050107845	25.8
0.448380990542222	0.0171658603	-0.0050107743	26
0.451589446757778	0.0172179402	-0.0050107805	26.2
0.454789951802222	0.0172687907	-0.0050107783	26.4
0.457985801593333	0.0173199778	-0.005010777	26.6
0.461173914353333	0.0173718827	-0.0050107632	26.8
0.464356291842222	0.0174218224	-0.0050107765	27
0.467531211615556	0.0174700573	-0.0050107907	27.2
0.470701150268889	0.01751936	-0.0050107757	27.4
0.47386277464	0.0175702106	-0.0050107779	27.6
0.477019138575555	0.0176197645	-0.005010777	27.8
0.480169078262222	0.0176694306	-0.0050107752	28
0.48331076884	0.0177162029	-0.0050107765	28.2
0.486450066617778	0.0177656043	-0.0050107712	28.4
0.489580528724444	0.0178119907	-0.0050107717	28.6
0.49270615868	0.0178592744	-0.0050107841	28.8
0.49582729166	0.017908281	-0.0050107743	29
0.498944272155555	0.0179565024	-0.0050107712	29.2
0.502057128097778	0.0180056212	-0.0050107734	29.4
0.505158727637778	0.0180509981	-0.0050107721	29.6
0.508253819133333	0.0181003367	-0.0050107624	29.8
0.51134562402	0.0181498682	-0.0050107601	30
0.514430771895555	0.0181988075	-0.005010761	30.2
0.517508275844444	0.0182468405	-0.005010753	30.4
0.520578135868889	0.0182949363	-0.0050107526	30.6
0.523643098566666	0.0183434269	-0.0050107539	30.8
0.526702838071111	0.0183895486	-0.0050107624	31
0.529756954031111	0.0184382636	-0.0050107624	31.2
0.532805018162222	0.0184856685	-0.0050107619	31.4
0.535848454971111	0.0185338854	-0.0050107672	31.6
0.538884098884444	0.0185794374	-0.0050107491	31.8
0.541913988906667	0.0186250476	-0.0050107593	32
0.544935164295555	0.0186724615	-0.0050107451	32.2
0.54795222444	0.0187160169	-0.0050107473	32.4
0.550962729988889	0.0187599716	-0.0050107535	32.6
0.553964800217778	0.0188067663	-0.0050107499	32.8
0.556962783137778	0.0188499404	-0.0050107508	33
0.559954220771111	0.0188954968	-0.0050107406	33.2
0.562938182066667	0.0189393528	-0.0050107535	33.4
0.565917739493333	0.0189818853	-0.0050107513	33.6
0.568892222695556	0.0190240947	-0.0050107464	33.8
0.57186052372	0.0190681168	-0.0050107411	34
0.574821143577778	0.0191117799	-0.005010753	34.2
0.577777173357778	0.0191549135	-0.0050107451	34.4
0.580728445468889	0.0191987875	-0.0050107304	34.6
0.583669736715555	0.0192402118	-0.0050107437	34.8
0.586602359882222	0.0192833455	-0.0050107366	35
0.589528493626667	0.0193273227	-0.0050107402	35.2
0.59244928314	0.0193709768	-0.0050107362	35.4
0.595363694957778	0.0194142137	-0.0050107428	35.6
0.598272445986667	0.0194587292	-0.0050107233	35.8
0.601177370397778	0.0195027422	-0.0050107353	36
0.604075907802222	0.0195457772	-0.0050107393	36.2
0.606967983715555	0.0195887314	-0.0050107468	36.4
0.609855432306667	0.0196341398	-0.00501073	36.6
0.61273444558	0.0196786194	-0.0050107366	36.8
0.615606848393333	0.0197235253	-0.0050107291	37
0.61847504286	0.0197680274	-0.0050107331	37.2
0.621334327171111	0.0198120763	-0.0050107353	37.4
0.624187373444444	0.0198547255	-0.005010738	37.6
0.627033809257778	0.0198967375	-0.0050107313	37.8
0.629873941857778	0.0199436937	-0.0050107291	38
0.632705676382222	0.0199876574	-0.0050107278	38.2
0.635529078002222	0.0200301854	-0.0050107207	38.4
0.638348317826667	0.0200730051	-0.0050107216	38.6
0.641161505822222	0.0201157305	-0.0050107295	38.8
0.643964740886667	0.0201558043	-0.0050107251	39
0.646762315164444	0.0201964749	-0.0050107193	39.2
0.649551984822222	0.020237473	-0.005010722	39.4
0.652336449906667	0.0202788031	-0.0050107309	39.6
0.65511831736	0.0203190833	-0.0050107224	39.8
0.657889012206667	0.0203562185	-0.0050107162	40
0.660650489653333	0.0203954982	-0.0050107171	40.2
0.663407917028889	0.0204345671	-0.005010718	40.4
0.666156061831111	0.0204724022	-0.0050107114	40.6
0.668895436137778	0.0205130009	-0.0050107145	40.8
0.671629000686667	0.0205492971	-0.00501071	41
0.67435899	0.0205864099	-0.005010702	41.2
0.677079119488889	0.0206218132	-0.0050107167	41.4
0.679791940231111	0.0206588183	-0.0050107145	41.6
0.682497210153333	0.02069642	-0.0050107038	41.8
0.685204090791111	0.0207330707	-0.0050107047	42
0.687903699924444	0.0207695149	-0.0050107105	42.2
0.690596316868889	0.0208053176	-0.0050107127	42.4
0.69328190438	0.0208418426	-0.0050107127	42.6
0.695961607651111	0.0208782599	-0.0050106994	42.8
0.698631125231111	0.0209154085	-0.0050106923	43
0.701293799588889	0.0209518707	-0.0050107096	43.2
0.703947815173333	0.0209869241	-0.0050107051	43.4
0.706594587184444	0.0210224486	-0.0050107114	43.6
0.709233985277778	0.0210604676	-0.0050107016	43.8
0.711866679804444	0.0211007703	-0.0050107056	44
0.714491106602222	0.0211315659	-0.0050107082	44.2
0.71710794534	0.0211683377	-0.0050107003	44.4
0.719715585295555	0.0212059619	-0.0050107109	44.6
0.722316419271111	0.0212415313	-0.0050106821	44.8
0.724908789997778	0.0212782537	-0.0050107056	45
0.727488060842222	0.0213141416	-0.005010702	45.2
0.730058970853333	0.021351187	-0.0050107003	45.4
0.732622264871111	0.0213887215	-0.0050106976	45.6
0.735175335951111	0.0214233621	-0.0050107003	45.8
0.7377196924	0.0214617311	-0.0050106972	46
0.740254850066667	0.0214991669	-0.0050106998	46.2
0.74278221484	0.0215357188	-0.0050106878	46.4
0.745299459093333	0.021570503	-0.0050106852	46.6
0.747806256957778	0.021606871	-0.005010698	46.8
0.75030138876	0.0216441228	-0.0050106883	47
0.75278802938	0.0216806837	-0.0050106923	47.2
0.755265908815555	0.0217186309	-0.0050106918	47.4
0.757731433208888	0.0217542317	-0.0050106972	47.6
0.760186390177777	0.0217913534	-0.0050106909	47.8
0.762632995622222	0.0218269497	-0.0050106856	48
0.765068475011111	0.021862851	-0.0050106896	48.2
0.767494448375555	0.0219009777	-0.0050106927	48.4
0.769909584311111	0.0219362554	-0.0050106843	48.6
0.772312365204444	0.021972103	-0.0050106821	48.8
0.774705975248889	0.022007282	-0.0050106865	49
0.777087518877777	0.0220435961	-0.0050106834	49.2
0.779457582653333	0.0220764915	-0.0050106732	49.4
0.781815412424444	0.0221116616	-0.0050106741	49.6
0.784163829273333	0.0221460151	-0.0050106807	49.8
0.786500831442222	0.0221799424	-0.0050106807	50
0.788825832368889	0.0222149285	-0.0050106697	50.2
0.791135564066666	0.0222451723	-0.0050106728	50.4
0.793434346608889	0.0222785702	-0.0050106816	50.6
0.795722766557778	0.0223118514	-0.0050106737	50.8
0.797990573046667	0.0223420728	-0.0050106856	51
0.800245801042222	0.022373371	-0.0050106781	51.2
0.802489027795556	0.0224049383	-0.0050106737	51.4
0.804719015008889	0.0224362724	-0.005010671	51.6
0.806934552317778	0.0224644973	-0.0050106741	51.8
0.809138842533333	0.0224943238	-0.0050106617	52
0.811329846657778	0.0225239171	-0.0050106577	52.2
0.813509296446666	0.0225524336	-0.005010675	52.4
0.815675273933333	0.0225814436	-0.005010675	52.6
0.817827239106667	0.022609175	-0.0050106821	52.8
0.81996686786	0.0226366551	-0.0050106666	53
0.822094951586667	0.0226638346	-0.0050106714	53.2
0.82420753332	0.0226911981	-0.0050106719	53.4
0.826311121104444	0.0227174489	-0.0050106683	53.6
0.828404411471111	0.0227445028	-0.0050106643	53.8
0.830484257464444	0.02276943	-0.0050106639	54
0.832548545602222	0.0227944695	-0.0050106661	54.2
0.834600795255555	0.0228209805	-0.0050106595	54.4
0.836637878095555	0.0228467064	-0.0050106679	54.6
0.838667438048888	0.0228719612	-0.0050106612	54.8
0.840686858857777	0.0228972294	-0.0050106617	55
0.84269418532	0.0229211292	-0.0050106559	55.2
0.844688188448889	0.0229470884	-0.005010655	55.4
0.846665116111111	0.0229693686	-0.005010655	55.6
0.848628888028888	0.0229943901	-0.0050106657	55.8
0.850580807671111	0.0230192276	-0.0050106701	56
0.852522271615555	0.0230424186	-0.005010655	56.2
0.85445194846	0.0230655827	-0.0050106608	56.4
0.856370247864444	0.0230890787	-0.0050106541	56.6
0.858278948137778	0.0231131625	-0.0050106683	56.8
0.860176587531111	0.0231349313	-0.005010659	57
0.862063920193333	0.0231579293	-0.0050106386	57.2
0.863943059611111	0.0231809902	-0.0050106422	57.4
0.865811445393333	0.0232041004	-0.0050106537	57.6
0.86766755062	0.0232275336	-0.0050106532	57.8
0.869508395926667	0.0232497286	-0.0050106564	58
0.871337854484444	0.0232717845	-0.0050106519	58.2
0.873152230022222	0.0232934231	-0.0050106621	58.4
0.874958067826667	0.0233162731	-0.005010655	58.6
0.876748003286667	0.0233379431	-0.0050106506	58.8
0.878529075144444	0.0233589402	-0.0050106559	59
0.88030106926	0.0233826336	-0.0050106448	59.2
0.882066788093333	0.0234035589	-0.0050106568	59.4
0.883826259577778	0.0234246816	-0.0050106586	59.6
0.885579911995555	0.0234460555	-0.0050106501	59.8
0.887320864884444	0.0234680755	-0.0050106541	60
0.88904814064	0.0234884938	-0.0050106497	60.2
0.890760864073333	0.0235093921	-0.0050106603	60.4
0.892462433522222	0.0235312326	-0.0050106555	60.6
0.89415075412	0.0235514715	-0.0050106413	60.8
0.895832324602222	0.0235726973	-0.0050106493	61
0.897506493231111	0.0235936495	-0.0050106426	61.2
0.899175410733333	0.0236141261	-0.0050106524	61.4
0.900839998851111	0.0236345623	-0.0050106493	61.6
0.902496226133333	0.0236558959	-0.0050106559	61.8
0.904140312517777	0.0236755873	-0.0050106515	62
0.905769297259999	0.0236956467	-0.0050106484	62.2
0.907386755595555	0.0237169444	-0.0050106466	62.4
0.90899367444	0.0237385695	-0.005010643	62.6
0.910597390468888	0.0237569823	-0.0050106475	62.8
0.912199253708888	0.0237775217	-0.0050106413	63
0.913793649924444	0.0237978638	-0.0050106466	63.2
0.915371780684444	0.0238198703	-0.0050106475	63.4
0.916939241604444	0.0238387452	-0.0050106426	63.6
0.918498164788888	0.023858827	-0.0050106408	63.8
0.920055924162222	0.0238785992	-0.0050106524	64
0.921605117871111	0.0238980484	-0.0050106355	64.2
0.923137440942222	0.0239194178	-0.0050106417	64.4
0.924663134931111	0.0239364398	-0.0050106351	64.6
0.926191305515555	0.0239591597	-0.0050106373	64.8
0.927719019886666	0.0239775994	-0.0050106462	65
0.929228355317777	0.0239989015	-0.0050106293	65.2
0.930722700833333	0.0240181085	-0.0050106426	65.4
0.932220761242222	0.0240376339	-0.0050106373	65.6
0.933714790202222	0.024056935	-0.005010636	65.8
0.935182889402222	0.0240757202	-0.0050106479	66
0.936648316488888	0.0240956899	-0.0050106448	66.2
0.93811422772	0.0241147981	-0.0050106333	66.4
0.939560056191111	0.0241341351	-0.0050106306	66.6
0.940997095544444	0.0241524896	-0.0050106297	66.8
0.942443640922222	0.0241731636	-0.0050106324	67
0.943878901966666	0.0241920654	-0.0050106342	67.2
0.94530439629111	0.0242112948	-0.0050106408	67.4
0.946735653817777	0.0242284693	-0.0050106444	67.6
0.948154593546666	0.0242492241	-0.005010636	67.8
0.949561690313333	0.0242683547	-0.0050106222	68
0.950974131308888	0.0242880462	-0.0050106284	68.2
0.952364301575555	0.0243067775	-0.0050106337	68.4
0.953744798224444	0.0243253698	-0.0050106404	68.6
0.955125648673332	0.0243447517	-0.0050106351	68.8
0.956485904282221	0.0243628953	-0.0050106342	69
0.957859306326666	0.02438282	-0.0050106382	69.2
0.959223677179999	0.0244012373	-0.0050106249	69.4
0.960580972048888	0.0244197982	-0.0050106226	69.6
0.961946208779999	0.0244394986	-0.0050106315	69.8
0.963287247504444	0.02445753	-0.0050106337	70
0.964630381093332	0.0244745969	-0.0050106297	70.2
0.96596060101111	0.0244946742	-0.0050106377	70.4
0.967277339315555	0.0245124813	-0.005010632	70.6
0.968598770115555	0.0245323612	-0.005010628	70.8
0.96990504341111	0.024549105	-0.0050106302	71
0.971223895202222	0.0245678633	-0.0050106151	71.2
0.972524544953333	0.024587474	-0.005010628	71.4
0.973837028515555	0.0246050837	-0.0050106147	71.6
0.975117623517777	0.0246231061	-0.0050106258	71.8
0.976402622299999	0.0246433136	-0.0050106324	72
0.977670004602222	0.0246606855	-0.0050106271	72.2
0.978955403131111	0.0246781023	-0.00501062	72.4
0.980222041328888	0.0246957793	-0.0050106231	72.6
0.981494704553333	0.0247131153	-0.0050106226	72.8
0.982736177255555	0.0247315505	-0.0050106355	73
0.98399233141111	0.0247503492	-0.0050106266	73.2
0.985233476735555	0.0247685645	-0.0050106306	73.4
0.986490925219999	0.0247849135	-0.0050106231	73.6
0.987713562842222	0.0248030841	-0.0050106289	73.8
0.98894606897111	0.0248198189	-0.0050106226	74
0.990161611135555	0.0248381509	-0.0050106187	74.2
0.991394099371111	0.0248543384	-0.0050106222	74.4
0.992603124211111	0.0248729755	-0.0050106195	74.6
0.993805035277777	0.024890316	-0.0050106147	74.8
0.995024199197777	0.024908177	-0.0050106204	75
0.996216902071111	0.0249252887	-0.0050106355	75.2
0.997414288897777	0.0249412518	-0.0050106147	75.4
0.998599199282222	0.0249594762	-0.0050106218	75.6
0.999792545544444	0.0249744657	-0.0050106266	75.8
1.00096851745778	0.0249916986	-0.005010632	76
1.00213415543556	0.0250070022	-0.005010616	76.2
1.00331861069111	0.0250243337	-0.0050106116	76.4
1.00447207966	0.0250412974	-0.0050106147	76.6
1.00562805452667	0.0250571125	-0.0050106093	76.8
1.00679928743556	0.0250745921	-0.0050106222	77
1.00793256249778	0.025090461	-0.0050106169	77.2
1.00908326754889	0.0251052801	-0.005010608	77.4
1.01023770454222	0.0251217277	-0.0050106147	77.6
1.01135610939111	0.025136143	-0.0050106058	77.8
1.01249685136444	0.0251523081	-0.0050106169	78
1.01362449399333	0.0251691506	-0.0050106164	78.2
1.01473575836	0.0251851406	-0.0050106262	78.4
1.01585775894222	0.0252013819	-0.0050106142	78.6
1.01697254386667	0.0252167663	-0.0050106187	78.8
1.01807910618	0.0252316033	-0.005010616	79
1.01917220593333	0.0252457225	-0.0050106182	79.2
1.02028267063333	0.0252602903	-0.0050106235	79.4
1.02138072425778	0.0252771553	-0.0050106226	79.6
1.02245267041556	0.0252914674	-0.0050106164	79.8
1.02355070384	0.025306107	-0.0050106164	80
1.02463360892889	0.0253199704	-0.0050106231	80.2
1.02571004222222	0.0253362431	-0.005010612	80.4
1.02676357333333	0.0253500079	-0.0050106093	80.6
1.02784965333333	0.0253644097	-0.0050106173	80.8
1.02891070666667	0.0253789192	-0.0050106178	81
1.02996675111111	0.0253928679	-0.0050106187	81.2
1.03100466888889	0.0254068569	-0.005010612	81.4
1.03207262222222	0.025420846	-0.0050106138	81.6
1.03311484888889	0.0254352702	-0.0050106209	81.8
1.03415512	0.0254496317	-0.0050106222	82
1.035171	0.0254638585	-0.0050106275	82.2
1.03621628222222	0.0254773002	-0.0050106235	82.4
1.03724503777778	0.0254907733	-0.005010628	82.6
1.03827999333333	0.025504888	-0.0050106129	82.8
1.03927561333333	0.0255163781	-0.0050106173	83
1.04029345777778	0.0255302729	-0.0050106107	83.2
1.04130848	0.0255417854	-0.0050106169	83.4
1.04233168666667	0.0255542625	-0.0050106111	83.6
1.04333766	0.0255687451	-0.0050106151	83.8
1.04431814	0.0255809933	-0.005010612	84
1.04531186888889	0.0255942735	-0.0050106133	84.2
1.04628965777778	0.0256055707	-0.0050106102	84.4
1.04729712	0.0256188105	-0.00501062	84.6
1.04828514222222	0.025631651	-0.0050106031	84.8
1.04925608888889	0.025643814	-0.0050106062	85
1.05022757555556	0.0256552906	-0.0050106062	85.2
1.05117378222222	0.0256660493	-0.0050106107	85.4
1.05213768	0.0256792084	-0.0050106133	85.6
1.05311010444444	0.0256902947	-0.0050106085	85.8
1.05406908666667	0.0257025654	-0.005010608	86
1.05503612222222	0.0257138984	-0.0050106155	86.2
1.05597963777778	0.0257265325	-0.0050106102	86.4
1.05690201111111	0.0257369099	-0.0050106093	86.6
1.05783654444444	0.0257498895	-0.0050106204	86.8
1.05876313555556	0.0257605271	-0.0050106045	87
1.05968548888889	0.025771223	-0.00501062	87.2
1.06063158666667	0.0257832425	-0.005010616	87.4
1.06156673333333	0.0257933552	-0.0050106155	87.6
1.06248651777778	0.0258034589	-0.0050106107	87.8
1.06341317555556	0.0258155053	-0.0050106142	88
1.06432289555556	0.0258270222	-0.0050105996	88.2
1.06520616444444	0.0258373368	-0.0050106151	88.4
1.06609318444444	0.0258476963	-0.0050106129	88.6
1.06698892888889	0.0258581993	-0.0050106089	88.8
1.06786512222222	0.0258691823	-0.0050106085	89
1.06874153777778	0.0258790079	-0.0050106093	89.2
1.06964214444444	0.0258899281	-0.0050106107	89.4
1.07054124	0.0258996415	-0.0050106009	89.6
1.07142127777778	0.0259100862	-0.0050106058	89.8
1.07230281555556	0.0259191715	-0.0050106071	90
1.07319580444444	0.0259310743	-0.0050106085	90.2
1.07407822666667	0.0259390738	-0.0050106062	90.4
1.07492921555556	0.0259499941	-0.0050106014	90.6
1.07578380888889	0.0259595145	-0.0050106031	90.8
1.07663973333333	0.0259693356	-0.005010616	91
1.07749187777778	0.0259808525	-0.0050106022	91.2
1.07832445111111	0.0259896776	-0.0050105974	91.4
1.07914196888889	0.0259986597	-0.0050105987	91.6
1.07996822	0.0260083596	-0.0050106027	91.8
1.08079920888889	0.026017741	-0.0050105965	92
1.08162114	0.0260264852	-0.0050106018	92.2
1.08242192666667	0.0260362345	-0.0050105991	92.4
1.08321646666667	0.0260451762	-0.0050106031	92.6
1.08401554888889	0.0260545666	-0.0050106009	92.8
1.08482516222222	0.0260639255	-0.0050105951	93
1.08563018666667	0.0260720282	-0.0050106018	93.2
1.08642063111111	0.0260816743	-0.0050105929	93.4
1.08719431555556	0.0260901225	-0.0050106	93.6
1.08796746	0.0260990103	-0.0050105898	93.8
1.08874895555556	0.0261081045	-0.0050106071	94
1.08953480888889	0.0261166514	-0.0050106102	94.2
1.09031757111111	0.0261261943	-0.0050106124	94.4
1.09109167555556	0.0261339426	-0.0050105991	94.6
1.09185059555556	0.0261435662	-0.0050106009	94.8
1.09260036222222	0.0261544416	-0.0050106045	95
1.09335313555556	0.0261605613	-0.0050106005	95.2
1.09411707333333	0.0261695075	-0.0050106049	95.4
1.09488509777778	0.0261779646	-0.0050105863	95.6
1.09565571111111	0.0261860135	-0.0050106022	95.8
1.09642317555556	0.026193663	-0.0050106155	96
1.09718251333333	0.0262026586	-0.0050105996	96.2
1.09793522888889	0.0262118111	-0.0050106031	96.4
1.09867967777778	0.0262185185	-0.0050105849	96.6
1.09942588666667	0.0262279313	-0.0050106076	96.8
1.10017637777778	0.026234715	-0.0050106053	97
1.10093276444444	0.0262434009	-0.0050106036	97.2
1.10168380444444	0.0262517549	-0.0050105991	97.4
1.10242647555556	0.0262588391	-0.0050105965	97.6
1.10315931555556	0.0262684897	-0.0050105925	97.8
1.10387942888889	0.0262768437	-0.0050105956	98
1.10458515777778	0.0262841971	-0.0050106102	98.2
1.10527885555556	0.026291398	-0.0050106098	98.4
1.10597245111111	0.0262998911	-0.0050105974	98.6
1.10666365333333	0.0263087834	-0.0050105951	98.8
1.10736137333333	0.0263168368	-0.0050105827	99
1.10806175777778	0.0263245177	-0.0050105943	99.2
1.10876971777778	0.0263311488	-0.0050105929	99.4
1.10947780888889	0.0263399425	-0.0050105876	99.6
1.11017554666667	0.0263466544	-0.0050105907	99.8
1.11086784888889	0.0263544251	-0.005010608	100
1.11155472	0.0263620567	-0.0050105823	100.2
1.11223185555556	0.0263684724	-0.005010581	100.4
1.11291390666667	0.0263780423	-0.0050105903	100.6
1.11359773555556	0.0263832511	-0.0050105903	100.8
1.11429146222222	0.0263900483	-0.0050105903	101
1.11499399555556	0.0263992367	-0.0050105885	101.2
1.11569578444444	0.0264063255	-0.0050106031	101.4
1.11638680888889	0.0264142173	-0.0050105858	101.6
1.11706436222222	0.0264216156	-0.0050105885	101.8
1.11772883555556	0.0264286954	-0.0050105898	102
1.11838875555556	0.0264364437	-0.0050106005	102.2
1.11904991333333	0.0264436132	-0.0050105929	102.4
1.11972070666667	0.0264516755	-0.005010592	102.6
1.12040024222222	0.0264589033	-0.0050105881	102.8
1.12107990888889	0.026463686	-0.0050105934	103
1.12174353333333	0.026472354	-0.0050105841	103.2
1.12239046444444	0.0264806093	-0.005010592	103.4
1.12303043111111	0.0264848894	-0.0050105938	103.6
1.12367300444444	0.0264931851	-0.0050105889	103.8
1.12432528	0.0264998341	-0.0050105805	104
1.12498740444444	0.0265058775	-0.005010596	104.2
1.12563740666667	0.0265129932	-0.0050105765	104.4
1.12626731777778	0.0265208267	-0.0050105827	104.6
1.12688142	0.0265278212	-0.0050105841	104.8
1.12749077333333	0.0265338601	-0.0050105747	105
1.12810982	0.0265405002	-0.0050105903	105.2
1.12873662222222	0.0265460276	-0.0050105849	105.4
1.12934862888889	0.0265553282	-0.0050105721	105.6
1.12993940888889	0.026561237	-0.0050105894	105.8
1.13052188222222	0.0265674733	-0.0050105849	106
1.13111240888889	0.0265745082	-0.0050105867	106.2
1.13172433333333	0.0265815162	-0.0050105889	106.4
1.13234612666667	0.0265870616	-0.0050105885	106.6
1.13295883333333	0.0265956264	-0.0050105765	106.8
1.13355792666667	0.0266008219	-0.0050105832	107
1.13416396444444	0.0266077939	-0.0050105898	107.2
1.13478367111111	0.0266131913	-0.0050105796	107.4
1.13540712222222	0.0266213613	-0.0050105912	107.6
1.13601582444444	0.0266276873	-0.0050105903	107.8
1.13658914666667	0.0266348254	-0.005010592	108
1.13715444222222	0.0266412995	-0.0050105823	108.2
1.13772263555556	0.0266470333	-0.0050105779	108.4
1.13831516666667	0.0266537138	-0.0050105907	108.6
1.13890025777778	0.0266599994	-0.0050105854	108.8
1.13947455777778	0.0266673574	-0.0050105801	109
1.14005155777778	0.0266726605	-0.0050105765	109.2
1.14065048222222	0.0266802293	-0.0050105818	109.4
1.14126145555556	0.0266852497	-0.005010577	109.6
1.14184504666667	0.0266923833	-0.0050105774	109.8
1.14239998	0.0266989561	-0.0050105756	110
1.14294554666667	0.0267036311	-0.0050105747	110.2
1.14350679333333	0.0267083734	-0.0050105734	110.4
1.14407921333333	0.0267157179	-0.0050105779	110.6
1.14463746222222	0.0267218645	-0.0050105916	110.8
1.14519893111111	0.026728518	-0.0050105849	111
1.14577835111111	0.0267330898	-0.0050105863	111.2
1.14636937111111	0.0267400529	-0.0050105752	111.4
1.14694180888889	0.0267469039	-0.0050105761	111.6
1.14748289777778	0.0267532254	-0.0050105721	111.8
1.14802939777778	0.0267608526	-0.0050105761	112
1.14861422888889	0.0267657025	-0.0050105792	112.2
1.14920661111111	0.0267730694	-0.0050105641	112.4
1.14977552	0.0267784982	-0.0050105739	112.6
1.15034160666667	0.0267835814	-0.0050105854	112.8
1.15091384	0.0267913297	-0.0050105761	113
1.15147057111111	0.0267978801	-0.0050105734	113.2
1.15200567555556	0.0268022903	-0.0050105943	113.4
1.1525633	0.0268086657	-0.0050105783	113.6
1.15315689111111	0.0268157365	-0.0050105756	113.8
1.15374606	0.0268218831	-0.0050105708	114
1.15428581777778	0.0268270695	-0.0050105929	114.2
1.154817	0.0268326194	-0.0050105663	114.4
1.15538512888889	0.026838582	-0.0050105668	114.6
1.15595878666667	0.0268455452	-0.0050105752	114.8
1.15651204666667	0.0268508258	-0.0050105743	115
1.15706842444444	0.0268581883	-0.0050105765	115.2
1.15763033111111	0.0268622037	-0.0050105752	115.4
1.15816924222222	0.0268681619	-0.0050105867	115.6
1.15870178444444	0.0268758249	-0.0050105676	115.8
1.15927304	0.0268799615	-0.0050105725	116
1.15984952888889	0.0268868214	-0.0050105756	116.2
1.16037614888889	0.0268919271	-0.0050105827	116.4
1.16089424	0.026897975	-0.0050105721	116.6
1.16144973333333	0.0269039421	-0.0050105814	116.8
1.16200826	0.0269090343	-0.0050105818	117
1.16255108222222	0.0269146784	-0.0050105685	117.2
1.16310122	0.0269208474	-0.0050105779	117.4
1.16364508444444	0.0269267921	-0.0050105734	117.6
1.16416775777778	0.02693332	-0.0050105685	117.8
1.16471042	0.0269384257	-0.0050105841	118
1.16528151777778	0.0269441999	-0.005010565	118.2
1.16582061555556	0.0269483814	-0.0050105779	118.4
1.16632003111111	0.0269557303	-0.0050105761	118.6
1.16685934222222	0.0269602572	-0.0050105889	118.8
1.16742133333333	0.0269659507	-0.0050105668	119
1.16795017111111	0.0269727209	-0.0050105685	119.2
1.16846851333333	0.0269772658	-0.0050105721	119.4
1.16900698666667	0.0269827528	-0.0050105699	119.6
1.16953673555556	0.026988509	-0.0050105739	119.8
1.17007175555556	0.026995544	-0.0050105801	120
1.17062019111111	0.0269991781	-0.005010573	120.2
1.17112983111111	0.0270071417	-0.0050105694	120.4
1.17162882888889	0.0270114174	-0.0050105645	120.6
1.17217705111111	0.0270172903	-0.0050105752	120.8
1.17270162444444	0.0270240425	-0.0050105632	121
1.17317793111111	0.0270271741	-0.0050105725	121.2
1.17368936666667	0.0270338322	-0.0050105703	121.4
1.17422003777778	0.0270384578	-0.005010565	121.6
1.17471884888889	0.0270448556	-0.0050105694	121.8
1.17521954	0.0270504459	-0.0050105676	122
1.17572286666667	0.0270559105	-0.0050105703	122.2
1.17622745777778	0.0270622275	-0.0050105708	122.4
1.17674556888889	0.0270664584	-0.0050105641	122.6
1.17724424	0.0270714025	-0.0050105703	122.8
1.17770856444444	0.0270775132	-0.0050105725	123
1.17822567777778	0.0270817844	-0.0050105743	123.2
1.17874162888889	0.0270883078	-0.0050105694	123.4
1.17920286222222	0.0270942929	-0.0050105681	123.6
1.17970081555556	0.0271013009	-0.0050105654	123.8
1.18021821777778	0.0271040556	-0.0050105747	124
1.18069809111111	0.0271113822	-0.0050105725	124.2
1.18118582222222	0.027115622	-0.0050105694	124.4
1.18167283555556	0.0271216923	-0.0050105739	124.6
1.18216254888889	0.0271266319	-0.0050105619	124.8
1.18266280222222	0.0271315223	-0.0050105849	125
1.18312819777778	0.027139782	-0.0050105703	125.2
1.18361573333333	0.0271425951	-0.0050105708	125.4
1.18412547555556	0.0271472521	-0.0050105659	125.6
1.18457827333333	0.0271536589	-0.0050105619	125.8
1.18504772	0.0271575667	-0.0050105734	126
1.18556510444444	0.0271630717	-0.0050105712	126.2
1.18602445777778	0.0271675941	-0.0050105552	126.4
1.18647664	0.0271743913	-0.0050105708	126.6
1.18698542222222	0.0271782183	-0.005010565	126.8
1.18745423333333	0.0271845712	-0.0050105685	127
1.18791189111111	0.0271896096	-0.0050105756	127.2
1.18839860666667	0.0271957652	-0.0050105641	127.4
1.18887038	0.0272015304	-0.0050105699	127.6
1.18935174222222	0.0272050479	-0.0050105645	127.8
1.18981141111111	0.0272127378	-0.0050105672	128
1.19028270888889	0.0272166949	-0.0050105685	128.2
1.19078090666667	0.0272220878	-0.0050105552	128.4
1.19121632222222	0.0272254123	-0.0050105659	128.6
1.19169254666667	0.0272322229	-0.0050105752	128.8
1.19218480222222	0.0272373824	-0.0050105712	129
1.19261080444444	0.0272422234	-0.005010569	129.2
1.19308730666667	0.0272473515	-0.0050105796	129.4
1.19356529777778	0.0272525066	-0.0050105672	129.6
1.19399346888889	0.0272580519	-0.005010569	129.8
1.19447195333333	0.0272629827	-0.005010565	130
1.19493645333333	0.0272671103	-0.0050105787	130.2
1.19537864666667	0.0272717942	-0.0050105836	130.4
1.19584326	0.0272769448	-0.0050105783	130.6
1.19630004222222	0.0272831901	-0.0050105676	130.8
1.19676683333333	0.0272871966	-0.0050105663	131
1.19721020888889	0.0272926343	-0.0050105632	131.2
1.19766944	0.0272978521	-0.0050105663	131.4
1.19813916444444	0.0273022759	-0.0050105681	131.6
1.19855947777778	0.0273077674	-0.0050105694	131.8
1.19903695777778	0.0273127161	-0.0050105597	132
1.19948694444444	0.027318562	-0.005010557	132.2
1.19991386888889	0.0273211328	-0.0050105663	132.4
1.20040274444444	0.0273267545	-0.0050105668	132.6
1.20082330888889	0.0273324255	-0.0050105739	132.8
1.20126901333333	0.0273375356	-0.0050105712	133
1.20173696888889	0.0273433233	-0.005010561	133.2
1.20215105333333	0.0273480746	-0.0050105716	133.4
1.20261827333333	0.0273526463	-0.0050105557	133.6
1.20306196666667	0.0273579584	-0.0050105708	133.8
1.20349282	0.027361772	-0.0050105739	134
1.20393734888889	0.0273677032	-0.0050105699	134.2
1.20438324	0.0273728627	-0.0050105539	134.4
1.20482704222222	0.0273779998	-0.005010561	134.6
1.20525958888889	0.0273829171	-0.0050105637	134.8
1.20572845555556	0.0273876683	-0.0050105681	135
1.20612959777778	0.0273930657	-0.0050105583	135.2
1.20658616666667	0.0273976285	-0.0050105637	135.4
1.20703612444444	0.0274031155	-0.005010569	135.6
1.20743837555556	0.0274075707	-0.0050105663	135.8
1.20791330444444	0.0274124431	-0.0050105676	136
1.20832846	0.0274163912	-0.0050105592	136.2
1.20876441555556	0.0274211245	-0.0050105601	136.4
1.20920078888889	0.0274271186	-0.0050105592	136.6
1.20962610222222	0.0274321525	-0.0050105552	136.8
1.21004746888889	0.027436989	-0.0050105499	137
1.21047796666667	0.0274427452	-0.0050105637	137.2
1.21088370888889	0.0274471106	-0.0050105495	137.4
1.21128259777778	0.0274509511	-0.0050105606	137.6
1.21170079777778	0.0274545942	-0.0050105557	137.8
1.21204932666667	0.0274616515	-0.0050105583	138
1.21245225777778	0.027464846	-0.005010557	138.2
1.21279127111111	0.0274704542	-0.0050105566	138.4
1.21313998666667	0.0274742767	-0.0050105472	138.6
1.2135025	0.027479831	-0.0050105583	138.8
1.21379846222222	0.0274845913	-0.0050105512	139
1.21415341555556	0.0274891765	-0.0050105574	139.2
1.21445159333333	0.0274957493	-0.0050105606	139.4
1.21475540444444	0.0274993341	-0.0050105703	139.6
1.21504944888889	0.0275059293	-0.0050105668	139.8
1.21532141777778	0.0275087917	-0.0050105592	140
1.21559944888889	0.0275141666	-0.0050105623	140.2
1.21586153111111	0.0275180744	-0.0050105699	140.4
1.21611020666667	0.0275233371	-0.0050105606	140.6
1.21635390888889	0.0275290036	-0.0050105619	140.8
1.21660229555556	0.0275317808	-0.0050105548	141
1.21680690444444	0.0275344234	-0.0050105637	141.2
1.21704281333333	0.0275363122	-0.0050105699	141.4
1.21721368888889	0.0275370525	-0.0050105654	141.6
1.21742031777778	0.0275366352	-0.0050105614	141.8
1.21760688	0.0275364199	-0.0050105433	142
1.21776264444444	0.0275368057	-0.0050105428	142.2
1.21796316666667	0.027537205	-0.0050105623	142.4
1.21807943555556	0.0275346701	-0.0050105579	142.6
1.21826001111111	0.0275351053	-0.0050105557	142.8
1.21837590666667	0.0275370435	-0.0050105641	143
1.21851025777778	0.0275354598	-0.0050105663	143.2
1.21863495333333	0.0275365186	-0.0050105663	143.4
1.21871815333333	0.0275361417	-0.005010569	143.6
1.21884953555556	0.0275355181	-0.0050105614	143.8
1.21890306222222	0.0275349259	-0.0050105703	144
1.21902057111111	0.0275353162	-0.0050105619	144.2
1.21906997333333	0.027535388	-0.005010565	144.4
1.21913692666667	0.0275347733	-0.005010569	144.6
1.21919161555556	0.0275341676	-0.0050105552	144.8
1.21921163333333	0.0275342843	-0.005010569	145
1.21926001111111	0.0275344503	-0.0050105659	145.2
1.21925154666667	0.0275334857	-0.0050105641	145.4
1.21929819333333	0.0275351502	-0.0050105566	145.6
1.21931318444444	0.0275342035	-0.0050105574	145.8
1.21933782888889	0.0275342574	-0.0050105659	146
1.21932114444444	0.0275336248	-0.0050105676	146.2
1.21931300666667	0.0275345355	-0.0050105614	146.4
1.21931080888889	0.0275338267	-0.0050105628	146.6
1.21927448	0.0275340375	-0.0050105685	146.8
1.21929394	0.027533369	-0.0050105654	147
1.21925842888889	0.0275344054	-0.0050105579	147.2
1.21928023555556	0.027535388	-0.0050105539	147.4
1.21925601111111	0.0275341138	-0.0050105508	147.6
1.21926434444444	0.0275351412	-0.0050105548	147.8
1.21925482888889	0.0275325121	-0.0050105539	148
1.21922963555556	0.027534365	-0.0050105539	148.2
1.21923476444444	0.0275344413	-0.0050105548	148.4
1.21920385333333	0.0275340061	-0.0050105552	148.6
1.21922756888889	0.0275346836	-0.0050105623	148.8
1.21919602444444	0.0275331626	-0.0050105579	149
1.21920926444444	0.0275337145	-0.0050105659	149.2
1.21919459111111	0.0275341946	-0.0050105592	149.4
1.21918406	0.0275333107	-0.0050105623	149.6
1.21918792222222	0.0275335485	-0.0050105437	149.8
1.21915470222222	0.027534374	-0.0050105663	150
1.21918098444444	0.027534558	-0.0050105561	150.2
1.21914973111111	0.0275337728	-0.005010569	150.4
1.21917200222222	0.0275327005	-0.0050105539	150.6
1.21914829777778	0.027531377	-0.0050105517	150.8
1.21915191111111	0.0275329652	-0.005010545	151
1.21914295333333	0.0275340375	-0.005010557	151.2
1.21912142666667	0.0275324089	-0.0050105512	151.4
1.21913214444444	0.0275318885	-0.005010549	151.6
1.21909399111111	0.0275317539	-0.0050105526	151.8
1.21911997777778	0.0275331985	-0.0050105566	152
1.21908602222222	0.0275322474	-0.0050105566	152.2
1.21909717555556	0.0275320051	-0.0050105468	152.4
1.21907589111111	0.0275316462	-0.0050105557	152.6
1.21905930888889	0.0275316911	-0.0050105566	152.8
1.21905935555556	0.0275316058	-0.0050105512	153
1.21902158222222	0.0275315295	-0.0050105592	153.2
1.21904081777778	0.0275316372	-0.0050105481	153.4
1.21900145111111	0.0275313725	-0.0050105623	153.6
1.21902691555556	0.0275321621	-0.0050105561	153.8
1.21899885333333	0.0275323416	-0.0050105592	154
1.21900401111111	0.0275306188	-0.0050105477	154.2
1.21899858444444	0.0275307579	-0.0050105574	154.4
1.21896827777778	0.0275308655	-0.0050105499	154.6
1.21895179777778	0.0275326691	-0.0050105614	154.8
1.21890798222222	0.0275315789	-0.0050105508	155
1.21893965777778	0.0275302509	-0.0050105654	155.2
1.21889752666667	0.0275306322	-0.0050105552	155.4
1.21890218222222	0.0275309463	-0.005010545	155.6
1.21885536888889	0.027530704	-0.0050105579	155.8
1.21878828666667	0.0275313232	-0.0050105477	156
1.21875201333333	0.0275313725	-0.0050105539	156.2
1.21864711111111	0.0275298067	-0.0050105721	156.4
1.21860944888889	0.0275305246	-0.0050105495	156.6
1.21848215555556	0.0275315116	-0.0050105508	156.8
1.21841590222222	0.0275310719	-0.005010545	157
1.21829386888889	0.0275297215	-0.0050105557	157.2
1.21817958444445	0.0275296452	-0.0050105499	157.4
1.21807040888889	0.0275299323	-0.0050105512	157.6
1.21790712888889	0.0275309777	-0.0050105566	157.8
1.21780480666667	0.0275299951	-0.0050105681	158
1.21761396888889	0.0275305156	-0.005010549	158.2
1.2174908	0.0275294568	-0.0050105526	158.4
1.21729768222222	0.0275300669	-0.0050105539	158.6
1.21711694666667	0.0275285864	-0.0050105539	158.8
1.21694388222222	0.0275290216	-0.0050105601	159
1.21671098888889	0.0275295375	-0.0050105548	159.2
1.21654158222222	0.0275299054	-0.0050105517	159.4
1.21629280444445	0.027530206	-0.0050105561	159.6
1.21609460222222	0.0275146691	-0.0050105499	159.8
1.21584668222222	0.0275118785	-0.0050105561	160
1.21560713333333	0.0275052608	-0.0050105535	160.2
1.21537034	0.0275013979	-0.0050105566	160.4
1.21508955333333	0.0274966242	-0.0050105437	160.6
1.21484285333333	0.0274927074	-0.0050105645	160.8
1.21453965777778	0.027486332	-0.0050105645	161
1.21426228	0.0274819936	-0.0050105508	161.2
1.2139683	0.0274788754	-0.0050105419	161.4
1.21366312	0.0274739312	-0.0050105637	161.6
1.21335708222222	0.0274683724	-0.0050105375	161.8
1.21303455555556	0.0274645902	-0.005010549	162
1.21269367111111	0.0274594262	-0.0050105517	162.2
1.21235996222222	0.027454814	-0.0050105446	162.4
1.21200686222222	0.0274501301	-0.0050105464	162.6
1.21163219777778	0.0274454955	-0.0050105481	162.8
1.21127663111111	0.0274404885	-0.0050105606	163
1.21086801111111	0.0274355623	-0.0050105428	163.2
1.21050978	0.0274320044	-0.0050105508	163.4
1.21009860888889	0.0274261943	-0.0050105601	163.6
1.20967813777778	0.0274215104	-0.005010545	163.8
1.20929366222222	0.0274171809	-0.005010561	164
1.20882281111111	0.0274112541	-0.0050105641	164.2
1.20842060666667	0.0274078713	-0.0050105539	164.4
1.20796346222222	0.0274013837	-0.0050105446	164.6
1.20754079333333	0.0273989386	-0.0050105459	164.8
1.20714713555556	0.0273934246	-0.005010565	165
1.2066974	0.0273882337	-0.0050105481	165.2
1.20629759777778	0.0273836035	-0.0050105543	165.4
1.20586609333333	0.0273796285	-0.0050105472	165.6
1.20544226	0.0273756085	-0.0050105552	165.8
1.20501888444445	0.0273691703	-0.0050105535	166
1.20460148444445	0.0273646165	-0.0050105548	166.2
1.20416905777778	0.0273600985	-0.0050105508	166.4
1.20375508444445	0.0273547057	-0.0050105477	166.6
1.20332530222222	0.0273501608	-0.0050105543	166.8
1.20287116444445	0.0273451628	-0.0050105606	167
1.20247764666667	0.0273411473	-0.0050105495	167.2
1.20201083555556	0.0273353552	-0.005010545	167.4
1.20159582888889	0.0273305994	-0.005010561	167.6
1.20118487333333	0.0273262789	-0.0050105579	167.8
1.20072293333333	0.0273203656	-0.0050105508	168
1.20032302888889	0.0273167898	-0.005010561	168.2
1.19986238444444	0.0273121193	-0.005010553	168.4
1.19942488444444	0.0273083551	-0.0050105526	168.6
1.19900364	0.0273021233	-0.005010557	168.8
1.19855837333333	0.0272981527	-0.0050105512	169
1.19811942	0.0272941911	-0.0050105614	169.2
1.19768138888889	0.0272879189	-0.0050105486	169.4
1.19724914888889	0.0272836701	-0.005010549	169.6
1.19678215111111	0.0272772005	-0.0050105601	169.8
1.19636598	0.0272724134	-0.0050105601	170
1.19592148666667	0.0272676487	-0.0050105437	170.2
1.19544782444445	0.0272630724	-0.0050105526	170.4
1.19504325555556	0.0272584333	-0.005010553	170.6
1.19457077555556	0.0272516676	-0.0050105614	170.8
1.19412365777778	0.027248177	-0.0050105628	171
1.19371180666667	0.0272412319	-0.0050105535	171.2
1.19323224222222	0.0272374587	-0.0050105588	171.4
1.19278935111111	0.0272316441	-0.0050105659	171.6
1.19235038	0.027228185	-0.0050105579	171.8
1.19189403333333	0.027221841	-0.0050105628	172
1.19144333111111	0.0272183953	-0.0050105472	172.2
1.19098756222222	0.0272123744	-0.0050105486	172.4
1.19054253111111	0.0272085025	-0.0050105597	172.6
1.19007485333333	0.0272024726	-0.0050105681	172.8
1.18961792	0.0271983135	-0.0050105708	173
1.18918428222222	0.027192647	-0.0050105606	173.2
1.18869319111111	0.027188995	-0.0050105663	173.4
1.18824932222222	0.0271824715	-0.0050105694	173.6
1.18781371111111	0.0271785682	-0.0050105694	173.8
1.18731342	0.027172314	-0.0050105561	174
1.18686716	0.0271668494	-0.0050105526	174.2
1.18641786222222	0.027164485	-0.0050105526	174.4
1.18592434888889	0.0271584236	-0.0050105694	174.6
1.18546754888889	0.0271508548	-0.0050105601	174.8
1.18500691111111	0.0271464221	-0.0050105628	175
1.18454325777778	0.0271425906	-0.0050105606	175.2
1.18406952888889	0.0271338149	-0.0050105508	175.4
1.18358866888889	0.0271305038	-0.0050105672	175.6
1.18314735111111	0.0271248642	-0.0050105628	175.8
1.18265980666667	0.0271202431	-0.0050105645	176
1.18217298666667	0.0271152406	-0.0050105628	176.2
1.18173691111111	0.0271098792	-0.0050105512	176.4
1.18124463555556	0.0271039704	-0.005010557	176.6
1.18074351555556	0.0270990711	-0.0050105654	176.8
1.18030312888889	0.0270940102	-0.0050105628	177
1.17981672	0.02708842	-0.0050105641	177.2
1.17932295555556	0.027083745	-0.0050105517	177.4
1.17886026888889	0.0270779349	-0.0050105481	177.6
1.17837958444444	0.0270717615	-0.0050105521	177.8
1.17789551333333	0.027066898	-0.0050105592	178
1.17740980222222	0.0270622051	-0.005010557	178.2
1.17691568444444	0.0270575256	-0.0050105619	178.4
1.17645404222222	0.0270531064	-0.0050105548	178.6
1.17596653555556	0.0270466457	-0.0050105712	178.8
1.17545148666667	0.0270407549	-0.0050105583	179
1.17499048666667	0.0270345724	-0.0050105685	179.2
1.17451526888889	0.027028704	-0.0050105632	179.4
1.17398465333333	0.0270256083	-0.0050105628	179.6
1.1735013	0.0270208795	-0.0050105765	179.8
1.17303472222222	0.0270150918	-0.0050105632	180
1.17251077333333	0.0270088421	-0.0050105632	180.2
1.17200873111111	0.0270052753	-0.005010561	180.4
1.17152906222222	0.0269993306	-0.0050105614	180.6
1.1710308	0.0269933321	-0.0050105574	180.8
1.17052858222222	0.0269874143	-0.0050105734	181
1.17002577777778	0.0269810479	-0.0050105539	181.2
1.16951492888889	0.0269772658	-0.0050105623	181.4
1.16903386444444	0.0269708231	-0.005010549	181.6
1.16853188888889	0.0269659013	-0.0050105552	181.8
1.16799483111111	0.0269608674	-0.005010557	182
1.16749747333333	0.0269540209	-0.0050105645	182.2
1.16702271111111	0.0269494088	-0.0050105579	182.4
1.16649391111111	0.0269446844	-0.0050105552	182.6
1.16595539111111	0.0269388115	-0.0050105592	182.8
1.16546444	0.0269322208	-0.0050105539	183
1.16497483777778	0.0269279496	-0.0050105676	183.2
1.16443806888889	0.0269211301	-0.0050105614	183.4
1.16392033111111	0.0269162083	-0.0050105747	183.6
1.16341500222222	0.0269089491	-0.0050105606	183.8
1.16289876222222	0.02690431	-0.005010561	184
1.16238482222222	0.026898621	-0.0050105747	184.2
1.16186190666667	0.0268926091	-0.005010573	184.4
1.16131824888889	0.0268877905	-0.0050105557	184.6
1.16079724222222	0.026881617	-0.0050105743	184.8
1.16030940888889	0.026874793	-0.0050105694	185
1.15976810666667	0.0268703872	-0.0050105597	185.2
1.15920398222222	0.0268633792	-0.005010573	185.4
1.15868207333333	0.0268592157	-0.0050105583	185.6
1.15818367333333	0.026853594	-0.0050105659	185.8
1.15764387777778	0.0268479051	-0.0050105632	186
1.15708778888889	0.0268415073	-0.0050105632	186.2
1.15655717333333	0.0268353697	-0.0050105787	186.4
1.15602723777778	0.0268294564	-0.0050105606	186.6
1.15548798444445	0.026823404	-0.0050105699	186.8
1.15495867333333	0.0268173651	-0.0050105734	187
1.15441908444445	0.0268115416	-0.0050105632	187.2
1.15385288444444	0.0268057854	-0.0050105703	187.4
1.15330152444444	0.0268005092	-0.0050105583	187.6
1.15279192222222	0.0267931961	-0.0050105699	187.8
1.15225577777778	0.026788234	-0.0050105543	188
1.15167306	0.0267818272	-0.0050105783	188.2
1.15110343333333	0.0267768067	-0.0050105606	188.4
1.15056985777778	0.0267714408	-0.0050105668	188.6
1.15003945555556	0.0267647559	-0.0050105654	188.8
1.14947589111111	0.0267588022	-0.0050105712	189
1.14891508222222	0.0267522249	-0.0050105845	189.2
1.14835984222222	0.0267467289	-0.0050105663	189.4
1.14778759111111	0.0267404029	-0.0050105725	189.6
1.14721806888889	0.0267357503	-0.0050105739	189.8
1.14668508888889	0.0267298729	-0.0050105903	190
1.14614132666667	0.0267222593	-0.0050105641	190.2
1.14555104222222	0.0267171626	-0.0050105663	190.4
1.14495158444444	0.0267097642	-0.005010573	190.6
1.14438982666667	0.0267039407	-0.0050105708	190.8
1.14385074	0.0266967936	-0.0050105708	191
1.14328228888889	0.0266907099	-0.0050105792	191.2
1.14269246	0.0266858464	-0.0050105659	191.4
1.14211374666667	0.0266792333	-0.0050105747	191.6
1.14153437333333	0.026672997	-0.0050105818	191.8
1.14094278222222	0.026667815	-0.0050105685	192
1.14035199333333	0.0266598828	-0.0050105836	192.2
1.13979017777778	0.0266541938	-0.0050105681	192.4
1.13922974222222	0.0266477915	-0.0050105654	192.6
1.13863212888889	0.0266418513	-0.005010569	192.8
1.13800327777778	0.0266361086	-0.0050105761	193
1.13739438	0.0266309849	-0.0050105663	193.2
1.13681928888889	0.0266227028	-0.0050105685	193.4
1.13625180444444	0.0266156723	-0.0050105814	193.6
1.13566167777778	0.0266086015	-0.0050105641	193.8
1.13505610222222	0.026602446	-0.0050105712	194
1.13446321777778	0.0265953617	-0.0050105747	194.2
1.13386301777778	0.0265899779	-0.0050105801	194.4
1.13324574888889	0.0265841453	-0.0050105712	194.6
1.13260756	0.0265760292	-0.0050105787	194.8
1.13199222	0.0265694519	-0.0050105752	195
1.13141293111111	0.0265633726	-0.0050105867	195.2
1.13083398444444	0.026556423	-0.0050105734	195.4
1.13022346666667	0.0265511602	-0.0050105779	195.6
1.12958435555556	0.0265435286	-0.0050105779	195.8
1.12894982666667	0.0265375929	-0.0050105708	196
1.12832935555556	0.0265292479	-0.0050105752	196.2
1.12770191111111	0.0265226034	-0.0050105805	196.4
1.12706379777778	0.0265161203	-0.0050105814	196.6
1.12641708222222	0.026511378	-0.0050105743	196.8
1.1257969	0.0265032484	-0.0050105787	197
1.12519978888889	0.0264976267	-0.0050105836	197.2
1.12459621777778	0.026491045	-0.0050105796	197.4
1.12397464888889	0.0264812912	-0.0050105841	197.6
1.12331908666667	0.0264754901	-0.0050105796	197.8
1.12266216666667	0.0264692044	-0.0050105774	198
1.12201771333333	0.0264619407	-0.0050105854	198.2
1.12136918888889	0.0264559557	-0.0050105725	198.4
1.12070922222222	0.0264482119	-0.005010581	198.6
1.12003005777778	0.0264401675	-0.0050105889	198.8
1.11934603333333	0.0264338504	-0.0050105916	199
1.11867947555556	0.0264267841	-0.0050105929	199.2
1.11802996444444	0.0264193679	-0.0050105903	199.4
1.11738432666667	0.0264117407	-0.0050105703	199.6
1.11673126	0.0264052173	-0.0050105743	199.8
1.11605883555556	0.026396132	-0.0050105805	200
1.11538935333333	0.0263903668	-0.0050105956	200.2
1.11473372666667	0.0263836863	-0.0050105743	200.4
1.11409002666667	0.0263741165	-0.0050105756	200.6
1.11344195777778	0.026367943	-0.0050105792	200.8
1.11277956222222	0.0263601992	-0.0050105632	201
1.11208544444444	0.0263528907	-0.0050105827	201.2
1.11138482888889	0.0263464166	-0.0050105792	201.4
1.11068559111111	0.0263371788	-0.0050105974	201.6
1.10999762	0.0263292062	-0.0050105841	201.8
1.10930992	0.026323266	-0.0050105836	202
1.10861381111111	0.0263135391	-0.0050105832	202.2
1.10790084	0.0263069394	-0.0050105858	202.4
1.10716779555556	0.0263007749	-0.0050105796	202.6
1.10642719111111	0.0262919364	-0.0050105792	202.8
1.10569226666667	0.0262847669	-0.0050105832	203
1.10496871111111	0.02627705	-0.005010577	203.2
1.10425668	0.0262674488	-0.0050105845	203.4
1.10354154	0.0262593865	-0.0050105885	203.6
1.10281774222222	0.026252724	-0.0050105951	203.8
1.10207930666667	0.0262443386	-0.0050105836	204
1.10132416888889	0.0262353835	-0.0050105721	204.2
1.10056444222222	0.0262284787	-0.0050105894	204.4
1.09980961333333	0.0262196491	-0.0050105934	204.6
1.09906332888889	0.0262108017	-0.0050105903	204.8
1.09832662444444	0.0262053505	-0.0050105872	205
1.09759435333333	0.0261947488	-0.0050105867	205.2
1.09686178444444	0.0261875075	-0.005010577	205.4
1.09612360888889	0.0261791311	-0.0050105881	205.6
1.09537758444444	0.0261686864	-0.0050105841	205.8
1.09461719555556	0.0261628494	-0.0050105765	206
1.09384958222222	0.0261535353	-0.0050105801	206.2
1.09307882222222	0.0261447507	-0.0050105912	206.4
1.09230553777778	0.0261352123	-0.0050105756	206.6
1.09153140666667	0.0261264052	-0.0050105734	206.8
1.09075313111111	0.0261189979	-0.0050105836	207
1.08997563777778	0.0261098633	-0.0050105845	207.2
1.08919381555556	0.0261008004	-0.0050105743	207.4
1.08840467555556	0.0260908717	-0.0050105805	207.6
1.08760996888889	0.0260832221	-0.0050105845	207.8
1.08681272888889	0.0260746483	-0.0050105951	208
1.08601941777778	0.0260655496	-0.0050105881	208.2
1.08522608888889	0.0260571508	-0.0050105849	208.4
1.08442828222222	0.026047572	-0.0050105907	208.6
1.08362124666667	0.0260380561	-0.0050105951	208.8
1.08279668	0.0260271492	-0.0050105898	209
1.08195439555556	0.0260210296	-0.0050105943	209.2
1.08110228888889	0.0259288804	-0.0050105898	209.4
1.08024044222222	0.0259187228	-0.0050106071	209.6
1.07938105555556	0.025908166	-0.0050105912	209.8
1.0785334	0.0258976674	-0.0050105894	210
1.07770433555556	0.0258894436	-0.0050105823	210.2
1.07687897777778	0.0258783618	-0.0050105965	210.4
1.07605139333333	0.0258688459	-0.005010581	210.6
1.07520626	0.02585863	-0.0050105836	210.8
1.07435750444444	0.025847934	-0.0050105898	211
1.07351124444444	0.0258391763	-0.0050105956	211.2
1.07267798222222	0.0258303064	-0.0050105929	211.4
1.07185023111111	0.0258192515	-0.0050105991	211.6
1.07101637333333	0.0258091703	-0.0050105872	211.8
1.07016130666667	0.0257986628	-0.0050105787	212
1.06929563333333	0.0257866254	-0.0050105947	212.2
1.06843123777778	0.0257783836	-0.0050105827	212.4
1.06758299555556	0.0257669339	-0.0050105925	212.6
1.06673301111111	0.025756229	-0.0050105872	212.8
1.06585551333333	0.0257457843	-0.0050105823	213
1.06496998	0.0257350704	-0.0050106014	213.2
1.06408657111111	0.0257249891	-0.0050105903	213.4
1.06321626222222	0.0257146791	-0.0050105876	213.6
1.06234170888889	0.0257020853	-0.0050105938	213.8
1.06143983777778	0.0256923809	-0.0050106005	214
1.06052916666667	0.0256805544	-0.0050105889	214.2
1.05962795555556	0.0256682702	-0.0050106031	214.4
1.05872485555556	0.0256591445	-0.0050105978	214.6
1.05779225111111	0.0256465643	-0.0050106014	214.8
1.05685377111111	0.0256349755	-0.0050106009	215
1.05593008444445	0.0256236156	-0.0050106147	215.2
1.05499592222222	0.0256124216	-0.0050105912	215.4
1.05404317777778	0.0256005323	-0.0050105943	215.6
1.05310326444444	0.025589289	-0.0050106076	215.8
1.05218729777778	0.0255763453	-0.0050105943	216
1.0512504	0.0255639624	-0.0050106018	216.2
1.05031072888889	0.0255516693	-0.0050105983	216.4
1.04939236888889	0.0255387435	-0.0050105969	216.6
1.04845952	0.0255270022	-0.0050106062	216.8
1.04750584666667	0.0255126946	-0.0050105987	217
1.04655359777778	0.0255029409	-0.0050106022	217.2
1.04558744666667	0.0254896113	-0.0050105951	217.4
1.04459761777778	0.0254753172	-0.0050106098	217.6
1.04362280888889	0.0254647962	-0.0050106	217.8
1.04264465777778	0.0254502374	-0.005010592	218
1.04166026666667	0.0254384781	-0.0050106049	218.2
1.04070209333333	0.0254264003	-0.0050106067	218.4
1.03972590666667	0.0254111864	-0.0050106022	218.6
1.03874593777778	0.0253998669	-0.0050106053	218.8
1.03776701111111	0.0253865553	-0.0050105991	219
1.03674540666667	0.0253720592	-0.0050106124	219.2
1.03572871777778	0.0253589406	-0.0050106022	219.4
1.03470535333333	0.0253454226	-0.0050106027	219.6
1.03368778888889	0.0253318418	-0.0050106102	219.8
1.03269219777778	0.0253185213	-0.005010604	220
1.03166261555556	0.0253041688	-0.0050106071	220.2
1.03063604888889	0.0252914225	-0.0050106027	220.4
1.02957773333333	0.0252764284	-0.0050106195	220.6
1.02852878222222	0.025262906	-0.0050106155	220.8
1.02749110666667	0.025247903	-0.0050106155	221
1.02645118	0.0252338287	-0.0050106093	221.2
1.02540723777778	0.025218709	-0.0050105903	221.4
1.02433359777778	0.0252054109	-0.0050106	221.6
1.02325968664	0.0251888465	-0.0050105978	221.8
1.02218898878	0.0251748754	-0.0050106009	222
1.02113359738889	0.0251590917	-0.0050106107	222.2
1.02005754442667	0.025143317	-0.0050106027	222.4
1.01896563547333	0.0251297183	-0.0050106018	222.6
1.01787092421778	0.0251134411	-0.0050106067	222.8
1.01678536575111	0.0250988105	-0.005010604	223
1.01570712583778	0.0250828787	-0.0050106129	223.2
1.01459078645778	0.0250686878	-0.0050106071	223.4
1.01348775265333	0.0250517062	-0.0050106187	223.6
1.01237982084445	0.0250359404	-0.0050106085	223.8
1.01127471894889	0.0250206727	-0.0050106085	224
1.01015420037111	0.0250055037	-0.0050106062	224.2
1.00902001402889	0.0249881946	-0.0050106129	224.4
1.00791591886	0.024972707	-0.0050106133	224.6
1.00678188953778	0.0249564837	-0.0050106138	224.8
1.00562679928445	0.0249404353	-0.0050106098	225
1.00450422227333	0.0249252169	-0.0050106031	225.2
1.00336136692445	0.0249082129	-0.0050106076	225.4
1.00219398817556	0.0248916351	-0.0050106178	225.6
1.00105015565333	0.0248756674	-0.0050106155	225.8
0.999898789575556	0.0248592332	-0.0050106191	226
0.998723383891112	0.02484113	-0.0050106085	226.2
0.997563014846667	0.0248258488	-0.0050106049	226.4
0.996408885133334	0.0248084814	-0.0050106102	226.6
0.995214039415556	0.0247917465	-0.005010612	226.8
0.99403266608889	0.0247732395	-0.0050106151	227
0.992867624617778	0.0247579628	-0.0050106107	227.2
0.991665331548889	0.024741228	-0.005010616	227.4
0.990469191404445	0.0247224204	-0.0050106116	227.6
0.989268453351112	0.0247070001	-0.0050106151	227.8
0.988059438275556	0.0246893949	-0.0050106191	228
0.986869025855556	0.0246709552	-0.005010624	228.2
0.985639798020001	0.0246551311	-0.0050106173	228.4
0.984409210684445	0.0246353544	-0.0050106102	228.6
0.983186834831112	0.0246191445	-0.0050106209	228.8
0.981937010671112	0.0245992332	-0.0050106138	229
0.980720051982223	0.0245847372	-0.0050106111	229.2
0.979477015846667	0.0245663019	-0.0050106271	229.4
0.978244742391112	0.0245469111	-0.005010624	229.6
0.976992545133334	0.0245303243	-0.0050106133	229.8
0.975730758173334	0.0245114494	-0.0050106164	230
0.974465161848889	0.024495585	-0.0050106222	230.2
0.973184018357778	0.0244768895	-0.0050106124	230.4
0.971903832137778	0.0244586292	-0.0050106147	230.6
0.970615435013334	0.0244406292	-0.0050106142	230.8
0.969332102804445	0.0244219472	-0.0050106147	231
0.96803360378	0.0244044542	-0.0050106182	231.2
0.966735803044445	0.0243855882	-0.0050106098	231.4
0.965426112793334	0.024368158	-0.0050106204	231.6
0.964111720735556	0.024349467	-0.005010608	231.8
0.962797971102223	0.0243302422	-0.0050106102	232
0.961467862908889	0.0243137092	-0.005010612	232.2
0.96014608762	0.0242943632	-0.0050106111	232.4
0.958794937684445	0.0242750127	-0.0050106187	232.6
0.957460239413333	0.0242549579	-0.0050106173	232.8
0.956117813422222	0.02423908	-0.0050106337	233
0.954766635555556	0.0242190386	-0.0050106169	233.2
0.953428976542222	0.0242004956	-0.0050106213	233.4
0.952066970557778	0.0241819617	-0.0050106102	233.6
0.950710951226667	0.0241622792	-0.0050106142	233.8
0.949337167451111	0.0241442971	-0.005010616	234
0.94794082432	0.0241254536	-0.0050106164	234.2
0.946562999786667	0.0241066774	-0.0050106293	234.4
0.945186562517778	0.0240876724	-0.0050106253	234.6
0.943783162022222	0.0240680662	-0.005010636	234.8
0.942380618095556	0.0240505552	-0.0050106253	235
0.9409678233	0.0240304375	-0.0050106138	235.2
0.939544861433334	0.0240139046	-0.0050106275	235.4
0.938125688942222	0.0239937779	-0.0050106244	235.6
0.936702280171111	0.023973059	-0.0050106244	235.8
0.935258574497778	0.0239540854	-0.0050106377	236
0.933809990117778	0.023934856	-0.0050106293	236.2
0.932358994317778	0.0239159049	-0.0050106386	236.4
0.930903883273334	0.0238963704	-0.0050106351	236.6
0.929446649433334	0.0238777782	-0.0050106386	236.8
0.927961977531111	0.0238590423	-0.0050106222	237
0.92647433558	0.0238390189	-0.0050106315	237.2
0.924993220293334	0.0238193095	-0.0050106222	237.4
0.923503744171111	0.0237997212	-0.0050106484	237.6
0.922015543588889	0.0237805457	-0.0050106275	237.8
0.920504411231111	0.0237608811	-0.0050106253	238
0.91898624944	0.0237427196	-0.005010632	238.2
0.917446068304445	0.0237226423	-0.0050106457	238.4
0.915907116153334	0.0237005685	-0.0050106377	238.6
0.914358220382223	0.0236812583	-0.0050106368	238.8
0.91281447332	0.0236627558	-0.0050106306	239
0.911259851588889	0.0236419158	-0.0050106373	239.2
0.909711784453334	0.0236224352	-0.0050106293	239.4
0.908142880404445	0.0236022861	-0.0050106417	239.6
0.90657662054	0.0235823883	-0.0050106373	239.8
0.904988387882222	0.0235609156	-0.005010647	240
0.903401477315556	0.0235405063	-0.005010624	240.2
0.901793562246667	0.0235205905	-0.0050106333	240.4
0.900190125531111	0.0235026219	-0.0050106346	240.6
0.898567285722223	0.0234807141	-0.0050106479	240.8
0.896942285875556	0.0234597843	-0.0050106453	241
0.89530772414	0.0234391103	-0.0050106342	241.2
0.89366149634	0.0234180684	-0.0050106479	241.4
0.892013592648889	0.0233972104	-0.0050106426	241.6
0.890346555868889	0.0233765858	-0.0050106479	241.8
0.888668327860001	0.0233555349	-0.0050106457	242
0.886981003486667	0.0233351615	-0.0050106484	242.2
0.885270970788889	0.0233128274	-0.0050106462	242.4
0.883558051833334	0.023291292	-0.0050106532	242.6
0.881834472351112	0.0232699719	-0.0050106395	242.8
0.880110641484445	0.0232495671	-0.0050106466	243
0.878381661906667	0.0232269952	-0.0050106466	243.2
0.87662915468	0.0232068327	-0.0050106417	243.4
0.874863137911112	0.0231830809	-0.0050106404	243.6
0.873083043657778	0.0231618236	-0.0050106417	243.8
0.871304224942223	0.0231390544	-0.0050106466	244
0.869518618866667	0.0231173485	-0.0050106324	244.2
0.867707399588889	0.0230952029	-0.0050106599	244.4
0.865886711528889	0.0230719491	-0.0050106532	244.6
0.864064887586667	0.0230502073	-0.0050106488	244.8
0.862231704826667	0.0230275457	-0.005010655	245
0.860380105886667	0.0230043906	-0.0050106546	245.2
0.858517371580001	0.0229832141	-0.0050106603	245.4
0.856646006435556	0.0229584708	-0.0050106541	245.6
0.854761001397779	0.0229370655	-0.0050106488	245.8
0.852869572113334	0.022912201	-0.0050106546	246
0.850960434244445	0.0228879019	-0.005010655	246.2
0.849043298651112	0.0228656127	-0.0050106506	246.4
0.847113035244445	0.0228413943	-0.0050106572	246.6
0.845161953546667	0.0228164446	-0.0050106559	246.8
0.843213404306667	0.0227931235	-0.0050106603	247
0.841235666631112	0.0227669086	-0.0050106448	247.2
0.839260200717778	0.022743112	-0.0050106564	247.4
0.837264139966667	0.0227170361	-0.0050106595	247.6
0.83526025838889	0.0226924319	-0.0050106621	247.8
0.833236173015556	0.0226666746	-0.0050106612	248
0.831206911000001	0.0226400828	-0.0050106559	248.2
0.829153348564445	0.0226124726	-0.0050106586	248.4
0.827098966804445	0.0225882138	-0.0050106697	248.6
0.825020340486668	0.0225602851	-0.0050106572	248.8
0.822939982413334	0.0225327556	-0.0050106546	249
0.820834253213334	0.022504764	-0.0050106679	249.2
0.818727406751112	0.0224774948	-0.005010651	249.4
0.816598028864445	0.0224485251	-0.0050106541	249.6
0.814463567442223	0.0224192953	-0.0050106541	249.8
0.812309535337779	0.0223910435	-0.0050106705	250
0.810141742304445	0.0223618854	-0.0050106595	250.2
0.807965327742223	0.0223312064	-0.0050106705	250.4
0.805768104200001	0.0223002043	-0.0050106648	250.6
0.803563106384445	0.0222696419	-0.0050106568	250.8
0.801343667973334	0.0222397077	-0.0050106674	251
0.799106334771112	0.0222073642	-0.0050106572	251.2
0.796862977671112	0.0221740246	-0.0050106661	251.4
0.794599593673334	0.0221411561	-0.0050106714	251.6
0.792327439177779	0.0221072692	-0.0050106661	251.8
0.79004288308889	0.0220729112	-0.0050106728	252
0.787742433966667	0.0220394102	-0.0050106697	252.2
0.785435057826667	0.022005604	-0.0050106701	252.4
0.783107468577778	0.021970102	-0.0050106772	252.6
0.78077433026889	0.0219350665	-0.0050106794	252.8
0.778424321322223	0.0219006008	-0.0050106728	253
0.776058875557778	0.0218630978	-0.005010675	253.2
0.773686018631112	0.0218268195	-0.0050106763	253.4
0.771293684124445	0.0217917931	-0.0050106719	253.6
0.768891350133334	0.021756282	-0.0050106732	253.8
0.76647883976	0.0217189943	-0.0050106839	254
0.764048136657778	0.0216824379	-0.0050106763	254.2
0.761609817564445	0.0216452354	-0.0050106821	254.4
0.759163435571111	0.0216077055	-0.0050106732	254.6
0.756699763968889	0.021570678	-0.0050106852	254.8
0.754228522924445	0.0215330672	-0.0050106768	255
0.751745327191111	0.0214970806	-0.0050106754	255.2
0.749244972195556	0.0214605556	-0.005010687	255.4
0.746739729184445	0.0214224962	-0.0050106781	255.6
0.744216526206667	0.021384208	-0.0050106905	255.8
0.741681815444445	0.0213479612	-0.0050106874	256
0.739141834935556	0.0213117323	-0.0050106834	256.2
0.736589573868889	0.0212739376	-0.005010687	256.4
0.73402529294	0.0212368294	-0.0050106852	256.6
0.731450202513334	0.0212001608	-0.0050106852	256.8
0.728865941237778	0.0211622495	-0.0050106923	257
0.726271931862222	0.0211252668	-0.005010698	257.2
0.723667997486667	0.0210877324	-0.0050106963	257.4
0.721053635344444	0.0210538185	-0.0050106927	257.6
0.718428594053333	0.021016625	-0.0050106861	257.8
0.715794372602222	0.0209791668	-0.0050106994	258
0.71314945338	0.0209421349	-0.0050106856	258.2
0.710493622244444	0.0209047619	-0.0050106874	258.4
0.707826488155555	0.0208695605	-0.0050106839	258.6
0.705154326393333	0.020833197	-0.0050106963	258.8
0.702468953022222	0.0207964656	-0.0050106976	259
0.699777322991111	0.0207597163	-0.0050106883	259.2
0.697076801426667	0.0207220786	-0.005010687	259.4
0.694365218982222	0.0206853383	-0.0050107038	259.6
0.69164759402	0.0206483242	-0.0050106807	259.8
0.688922408926667	0.0206107584	-0.0050106972	260
0.686187261591111	0.0205730669	-0.0050106847	260.2
0.683444004806667	0.0205379282	-0.0050107043	260.4
0.680690459911111	0.0204994112	-0.0050107078	260.6
0.67792961558	0.020459602	-0.0050106914	260.8
0.675159339704444	0.0204226239	-0.0050107051	261
0.67237710914	0.0203829134	-0.0050106945	261.2
0.669590381602222	0.020346707	-0.0050106994	261.4
0.66679879398	0.0203075304	-0.0050106887	261.6
0.663995260977778	0.0202679142	-0.0050107082	261.8
0.6611862534	0.0202275173	-0.0050107047	262
0.65836965776	0.0201867301	-0.0050106985	262.2
0.655543118497778	0.0201442066	-0.0050107109	262.4
0.652710583271111	0.0201035405	-0.0050107003	262.6
0.649869212373333	0.0200617977	-0.0050106905	262.8
0.647022180688889	0.0200196017	-0.0050107162	263
0.644166983691111	0.0199752162	-0.0050106967	263.2
0.641302019971111	0.0199320332	-0.0050107118	263.4
0.638430343375555	0.0198871363	-0.0050106892	263.6
0.635551302171111	0.0198426567	-0.0050106905	263.8
0.632663490471111	0.0197972797	-0.0050107051	264
0.629769626942222	0.0197548414	-0.0050106945	264.2
0.626870735737778	0.0197121295	-0.0050107078	264.4
0.623963930604444	0.0196631812	-0.0050107051	264.6
0.621049872586666	0.0196193656	-0.0050107091	264.8
0.618128962035555	0.0195751551	-0.00501071	265
0.615201794826666	0.0195295718	-0.0050106883	265.2
0.612265996777777	0.0194843519	-0.0050107056	265.4
0.609326195211111	0.0194416938	-0.0050107038	265.6
0.606379103517777	0.0193973981	-0.0050107087	265.8
0.603423027186666	0.0193501726	-0.0050107167	266
0.600458245533333	0.019306689	-0.0050107105	266.2
0.597484628208889	0.0192617697	-0.0050107286	266.4
0.594506523222222	0.0192199595	-0.00501071	266.6
0.591522692271111	0.0191764445	-0.0050107202	266.8
0.588530658766666	0.0191303362	-0.0050107198	267
0.585532862057777	0.0190865834	-0.005010722	267.2
0.5825312108	0.0190410046	-0.0050107264	267.4
0.579521636302222	0.0189970678	-0.0050107105	267.6
0.576503300617778	0.0189540238	-0.0050107273	267.8
0.573481222108889	0.0189100691	-0.0050107096	268
0.57045157416	0.0188681558	-0.0050107074	268.2
0.567412811226666	0.0188221372	-0.0050107216	268.4
0.564366897822222	0.0187765763	-0.0050107105	268.6
0.561313852571111	0.0187327697	-0.0050107273	268.8
0.558252735111111	0.018686446	-0.0050107122	269
0.555186673773333	0.0186405711	-0.0050107286	269.2
0.552114318533333	0.018596392	-0.0050107145	269.4
0.54903491524	0.0185502658	-0.0050107326	269.6
0.545948333546666	0.0185011516	-0.0050107198	269.8
0.542855774508889	0.018454644	-0.0050107353	270
0.539755739135555	0.0184052426	-0.0050107264	270.2
0.536652091286666	0.0183582729	-0.0050107167	270.4
0.533539663628889	0.0183070186	-0.0050107393	270.6
0.530421379662222	0.0182589631	-0.0050107318	270.8
0.527294353131111	0.0182108987	-0.0050107353	271
0.524162084784444	0.0181605911	-0.0050107286	271.2
0.521021921128889	0.0181108622	-0.0050107335	271.4
0.517872838008889	0.0180613486	-0.0050107428	271.6
0.514722218657777	0.0180131272	-0.0050107349	271.8
0.511565826791111	0.017963811	-0.0050107437	272
0.508403215506666	0.0179142436	-0.0050107406	272.2
0.505235865173333	0.0178649544	-0.0050107349	272.4
0.502059036746666	0.0178148127	-0.0050107366	272.6
0.498877115473333	0.0177666272	-0.0050107375	272.8
0.495688304424444	0.0177159157	-0.0050107415	273
0.492492193937777	0.0176700677	-0.0050107442	273.2
0.489288039175555	0.0176199215	-0.005010738	273.4
0.486077730168889	0.0175710047	-0.0050107455	273.6
0.482861732444444	0.0175209752	-0.0050107539	273.8
0.479637643888889	0.0174707752	-0.0050107424	274
0.476408313517778	0.0174200502	-0.0050107544	274.2
0.473173098906667	0.0173686165	-0.0050107371	274.4
0.469930966591111	0.0173188561	-0.0050107464	274.6
0.466682838308889	0.0172684094	-0.0050107459	274.8
0.463430808924444	0.0172147278	-0.0050107548	275
0.460171182166666	0.0171619974	-0.0050107539	275.2
0.456906369457778	0.0171081498	-0.0050107451	275.4
0.453634099033333	0.0170565097	-0.0050107548	275.6
0.450356121271111	0.0170027429	-0.005010753	275.8
0.447072240646667	0.0169526326	-0.0050107477	276
0.443782280262222	0.0169002118	-0.005010757	276.2
0.440485141477778	0.0168464764	-0.0050107606	276.4
0.437183943311111	0.0167942664	-0.0050107584	276.6
0.433882642728889	0.0167408226	-0.0050107451	276.8
0.430579480046666	0.0166897926	-0.0050107522	277
0.427272220742222	0.016638121	-0.0050107553	277.2
0.423962615188889	0.0165850182	-0.0050107499	277.4
0.420647749202222	0.0165301522	-0.0050107695	277.6
0.417327762435555	0.0164754881	-0.0050107553	277.8
0.414005438733333	0.0164209182	-0.0050107526	278
0.410676430086666	0.0163662182	-0.0050107632	278.2
0.407342840668889	0.0163124648	-0.0050107566	278.4
0.4040049498	0.0162598915	-0.0050107637	278.6
0.400661724008889	0.0162016875	-0.0050107579	278.8
0.397314559875555	0.0161470727	-0.0050107663	279
0.393964435	0.0160921932	-0.0050107624	279.2
0.390609235897778	0.0160363312	-0.005010765	279.4
0.38725038708	0.0159802538	-0.0050107557	279.6
0.383887879233333	0.0159258499	-0.0050107743	279.8
0.380521209588889	0.015871132	-0.0050107646	280
0.377150676086666	0.0158128113	-0.0050107743	280.2
0.373778559797778	0.0157574024	-0.0050107663	280.4
0.370402477233333	0.0157016616	-0.005010781	280.6
0.367022679775555	0.0156448843	-0.0050107721	280.8
0.363639530535555	0.0155857336	-0.0050107761	281
0.360251456037777	0.0155311189	-0.005010777	281.2
0.356859992517777	0.0154753107	-0.0050107805	281.4
0.353463938917777	0.015415985	-0.005010777	281.6
0.350061721762222	0.015358629	-0.0050107703	281.8
0.346653266566666	0.015300591	-0.0050107863	282
0.343247632455555	0.0152445989	-0.0050107854	282.2
0.339839065535555	0.0151859821	-0.0050107823	282.4
0.33642763098	0.0151273429	-0.0050107859	282.6
0.333012788777777	0.015068089	-0.005010781	282.8
0.329595842402222	0.0150097056	-0.0050107814	283
0.326173924215555	0.0149499941	-0.0050107899	283.2
0.322750292897777	0.0148910498	-0.005010765	283.4
0.319321838735555	0.0148339405	-0.0050107765	283.6
0.31589108488	0.01477575	-0.0050107921	283.8
0.312456113364444	0.014713692	-0.0050107916	284
0.30901875836	0.0146542632	-0.0050107845	284.2
0.305576943624444	0.0145931519	-0.0050107938	284.4
0.302136385804444	0.0145340686	-0.0050107841	284.6
0.298693630704444	0.0144727195	-0.0050107836	284.8
0.295248073144444	0.0144132458	-0.005010769	285
0.291801137628889	0.0143536196	-0.0050107761	285.2
0.288351502066666	0.0142902605	-0.0050107983	285.4
0.284897816435555	0.0142296697	-0.0050107921	285.6
0.281434224424444	0.0141652877	-0.0050108001	285.8
0.277969114802222	0.0141040642	-0.0050107899	286
0.274498968195555	0.0140420826	-0.0050107881	286.2
0.271024343235555	0.0139813302	-0.0050107881	286.4
0.267547921346666	0.0139180743	-0.0050107961	286.6
0.264070009777777	0.0138546839	-0.0050107912	286.8
0.260586027757777	0.013791455	-0.0050108054	287
0.257099289828889	0.0137263103	-0.005010797	287.2
0.253614367448889	0.0136635614	-0.0050107934	287.4
0.250129519553333	0.0135999331	-0.0050107938	287.6
0.246642101957777	0.0135334021	-0.0050107996	287.8
0.243152906055555	0.0134681677	-0.0050107978	288
0.239662388062222	0.013403032	-0.0050107952	288.2
0.236167009984444	0.0133364785	-0.0050107961	288.4
0.232670868444444	0.0132696065	-0.005010793	288.6
0.22917004372	0.0132054488	-0.0050107987	288.8
0.225668865195555	0.013139187	-0.0050107996	289
0.22216471662	0.013070462	-0.0050108063	289.2
0.218658147313333	0.0130022351	-0.0050107987	289.4
0.215149864873333	0.0129345734	-0.0050108178	289.6
0.21164041862	0.0128670239	-0.0050107983	289.8
0.208128542324444	0.0127951135	-0.0050107983	290
0.204615316006666	0.012728569	-0.0050108107	290.2
0.201099817924444	0.0126592294	-0.0050108147	290.4
0.197587178166666	0.0125863365	-0.0050108111	290.6
0.194073011486666	0.0125152695	-0.0050108094	290.8
0.1905581279	0.0124424394	-0.005010816	291
0.187039343211111	0.0123710225	-0.0050108174	291.2
0.183520558522222	0.0122973758	-0.0050108142	291.4
0.180000498291111	0.0122250795	-0.0050108258	291.6
0.17647802664	0.0121521103	-0.0050108222	291.8
0.172956569835555	0.0120782527	-0.00501082	292
0.169434964062222	0.0120015821	-0.0050108311	292.2
0.165907055075555	0.0119244852	-0.0050108262	292.4
0.162384089968889	0.0118499816	-0.0050108191	292.6
0.158861543835555	0.0117728174	-0.0050108302	292.8
0.155337852508889	0.011692396	-0.0050108227	293
0.151816125697777	0.0116117907	-0.005010824	293.2
0.148292629891111	0.0115308399	-0.0050108165	293.4
0.144767039222222	0.0114499519	-0.005010824	293.6
0.141240945784444	0.0113652862	-0.0050108178	293.8
0.137714303026666	0.0112842502	-0.0050108267	294
0.134187539233333	0.0112032186	-0.0050108222	294.2
0.130660998891111	0.0111146855	-0.0050108156	294.4
0.127134989246666	0.0110274042	-0.0050108196	294.6
0.123609165815555	0.0109395531	-0.0050108174	294.8
0.120082606853333	0.0108503919	-0.005010816	295
0.11656192282	0.0107589022	-0.0050108058	295.2
0.113045465755555	0.0106674304	-0.0050108293	295.4
0.109520638546666	0.0105754023	-0.0050108293	295.6
0.105994870975555	0.0104778019	-0.0050108205	295.8
0.102470993655814	0.0103814488	-0.0050108244	296
0.098940177531707	0.0102840683	-0.0050108276	296.2
0.0954104650692305	0.0101828876	-0.0050108267	296.4
0.0918796119891889	0.0100796342	-0.005010836	296.6
0.0883479734085711	0.0099808045	-0.0050108329	296.8
0.0848213483060603	0.0098772863	-0.0050108462	297
0.0812977471903222	0.0097666435	-0.0050108364	297.2
0.0777638829310341	0.0096593522	-0.0050108373	297.4
0.0742374768962959	0.0095469238	-0.0050108431	297.6
0.0707095598439996	0.0094390133	-0.0050108382	297.8
0.0671865686652169	0.0093250953	-0.0050108466	298
0.0636616111095233	0.0092070856	-0.0050108373	298.2
0.0601442979684205	0.0090904937	-0.0050108449	298.4
0.0566276908999994	0.0089740991	-0.0050108431	298.6
0.0531048659933326	0.0088554972	-0.0050108586	298.8
0.049589422346153	0.0087352891	-0.0050108426	299
0.0460862240272717	0.0086212186	-0.0050108493	299.2
0.0425749444555543	0.0085149143	-0.005010848	299.4
0.0390802593428555	0.0083987261	-0.0050108542	299.6
0.0356116077399978	0.0082749871	-0.0050108497	299.8
0.032063522866663	0.0081671125	-0.0050108462	300
0.0283758641999889	0.0081052071	-0.0050108524	300.2
