Calibrated Field (T)	Sample Voltage (V)	Sample Current (A)	Acquisition Time (s)
Teslas	Volts	Amps	Seconds
0.0280159666	0.0159283935	-0.0100546901	0
0.0261317064333333	0.0160432762	-0.0100498129	0.3333333333
0.02930975452	0.0162267313	-0.0100500814	0.6666666667
0.0333617598714286	0.0165322207	-0.0100514685	1
0.0380637715444445	0.0168569798	-0.0100506631	1.3333333
0.0428890809181818	0.0172078462	-0.0100500366	1.6666667
0.0477948330615385	0.017554724	-0.0100507525	2
0.05287314612	0.0178973666	-0.010049455	2.3333333
0.0579800364117647	0.0182600999	-0.0100503946	2.6666667
0.0631165569368421	0.0186026661	-0.010049455	3
0.0682851751095238	0.0189319925	-0.0100500366	3.3333333
0.0734763882304348	0.0192802478	-0.010051021	3.6666667
0.078776377716	0.0195970747	-0.0100497682	4
0.0840886594444445	0.0199152879	-0.0100494997	4.3333333
0.0894222047206897	0.0202397778	-0.0100501709	4.6666667
0.0948328651870968	0.0205485693	-0.0100495892	5
0.100257460424242	0.0208380013	-0.0100499471	5.3333333
0.105695935897143	0.0211466089	-0.0100505736	5.6666667
0.111194188651351	0.0214365703	-0.0100490075	6
0.116700577017949	0.0217183931	-0.0100492312	6.3333333
0.122220092821951	0.0219963485	-0.0100497234	6.6666667
0.12778493855814	0.022272922	-0.0100494997	7
0.133350599224444	0.0225407737	-0.0100490523	7.3333333
0.138543347713333	0.0228139689	-0.0100497682	7.6666667
0.143937277613333	0.0230731167	-0.0100489628	8
0.149437524182222	0.0233266204	-0.0100506631	8.3333333
0.154940647697778	0.023591152	-0.0100501709	8.6666667
0.160428967508889	0.023834063	-0.0100488285	9
0.16597746112	0.0240762875	-0.0100498129	9.3333333
0.171540395324444	0.0243285259	-0.010048739	9.6666667
0.177070668275556	0.024570396	-0.010048739	10
0.182651376235556	0.0248053478	-0.0100499024	10.3333333
0.18824631996	0.0250451047	-0.0100498129	10.6666667
0.193812084557778	0.0252811916	-0.0100485153	11
0.199423954782222	0.0255087944	-0.010049276	11.3333333
0.20504897144	0.0257459357	-0.0100479336	11.6666667
0.210645553813333	0.02596636	-0.0100473072	12
0.21628231102	0.0261895795	-0.0100483363	12.3333333
0.221929440128889	0.0264238493	-0.0100477547	12.6666667
0.227545388353333	0.0266461625	-0.0100474415	13
0.233206436671111	0.0268553166	-0.010048739	13.3333333
0.238867671197778	0.0270860286	-0.0100475309	13.6666667
0.244532387855556	0.0273010422	-0.0100488285	14
0.250200279393333	0.0275086305	-0.0100490523	14.3333333
0.255873161364444	0.0277319531	-0.0100505288	14.6666667
0.261545885055556	0.0279462488	-0.0100496339	15
0.267215834215556	0.0281555375	-0.0100496787	15.3333333
0.272882496766667	0.028364907	-0.0100498129	15.6666667
0.278553423528889	0.0285734644	-0.0100489628	16
0.284222115771111	0.0287778359	-0.0100492312	16.3333333
0.289884718942222	0.0289895653	-0.0100485601	16.6666667
0.295547703844444	0.0291896566	-0.0100493655	17
0.301206294186667	0.0293878411	-0.010048918	17.3333333
0.306853795715555	0.029596569	-0.0100488285	17.6666667
0.312497405455555	0.0297953008	-0.0100497234	18
0.318138464115556	0.0299946967	-0.0100494997	18.3333333
0.323772623691111	0.0301945277	-0.0100494997	18.6666667
0.329397435517778	0.030391631	-0.0100482021	19
0.335011046806667	0.0305844361	-0.0100496339	19.3333333
0.340620738371111	0.0307818175	-0.0100494102	19.6666667
0.346221668751111	0.0309734606	-0.0100477994	20
0.351805812288889	0.0311646057	-0.0100490523	20.3333333
0.357385393677778	0.0313669627	-0.0100483811	20.6666667
0.362952741062222	0.0315501756	-0.0100484258	21
0.368508720317778	0.0317383281	-0.0100485601	21.3333333
0.374053163857778	0.0319317793	-0.0100485153	21.6666667
0.379587403084444	0.0321180924	-0.0100500366	22
0.385108924157778	0.0322951093	-0.0100495892	22.3333333
0.390616693613333	0.0324887848	-0.0100486496	22.6666667
0.39611303908	0.0326745147	-0.0100482916	23
0.401593519442222	0.0328601144	-0.010048918	23.3333333
0.407065676213333	0.0330423268	-0.0100492312	23.6666667
0.41252504966	0.0332221119	-0.0100491417	24
0.417962645833333	0.0333995371	-0.0100481574	24.3333333
0.423384637597778	0.0335763701	-0.0100490523	24.6666667
0.428799385788889	0.0337518571	-0.0100481126	25
0.434193883628889	0.0339266891	-0.010049097	25.3333333
0.439572097395556	0.0341088566	-0.0100496339	25.6666667
0.444937928188889	0.0342810326	-0.0100482021	26
0.450289839775556	0.034453388	-0.0100488285	26.3333333
0.455624508304444	0.0346342993	-0.0100490075	26.6666667
0.46094216654	0.0348043127	-0.0100478442	27
0.466244732444444	0.0349756631	-0.0100488285	27.3333333
0.471532233951111	0.0351477673	-0.0100480231	27.6666667
0.476800295122222	0.0353141601	-0.0100487838	28
0.482049968042222	0.0354774347	-0.0100472625	28.3333333
0.487289036295555	0.0356476186	-0.0100477547	28.6666667
0.492512937735555	0.035802454	-0.0100479784	29
0.497712008057778	0.0359663164	-0.0100486943	29.3333333
0.502899840597778	0.0361360921	-0.0100483811	29.6666667
0.508074005315556	0.0362928791	-0.0100472625	30
0.513228236242222	0.0364597699	-0.0100474862	30.3333333
0.518367132764444	0.03662789	-0.0100472177	30.6666667
0.523488311393333	0.036791048	-0.0100477994	31
0.528589965891111	0.0369474896	-0.0100483811	31.3333333
0.533678250502222	0.0371157892	-0.0100482469	31.6666667
0.538749748271111	0.0372730204	-0.0100476204	32
0.543767105448889	0.037430319	-0.0100480231	32.3333333
0.548804834013333	0.0375850063	-0.0100478889	32.6666667
0.553823839148889	0.0377373338	-0.0100480679	33
0.558789625433333	0.0378883377	-0.0100467255	33.3333333
0.56376906092	0.0380409164	-0.0100479336	33.6666667
0.568737528628889	0.0381849437	-0.0100482469	34
0.5736561572	0.0383324481	-0.0100477099	34.3333333
0.578583090742222	0.0384796788	-0.0100473072	34.6666667
0.583495835073333	0.0386247066	-0.0100476652	35
0.588360779266667	0.0387694832	-0.0100469045	35.3333333
0.593237147451111	0.0389212005	-0.0100467255	35.6666667
0.598095518428889	0.0390664392	-0.0100482916	36
0.602903752331111	0.0392160567	-0.0100461886	36.3333333
0.607724946457778	0.0393648981	-0.0100466808	36.6666667
0.61253210034	0.0395132729	-0.0100480679	37
0.61728416396	0.0396633346	-0.0100474415	37.3333333
0.622049997817778	0.0398181072	-0.0100479784	37.6666667
0.626798681722222	0.039960165	-0.0100475757	38
0.631493979188889	0.0401123533	-0.0100477547	38.3333333
0.63620096134	0.040263254	-0.0100467255	38.6666667
0.640889881108889	0.0404067475	-0.0100465018	39
0.645530944875556	0.0405418062	-0.0100466361	39.3333333
0.650178712208889	0.0406897188	-0.0100459201	39.6666667
0.65480714162	0.0408221215	-0.0100482469	40
0.659386430182222	0.0409525905	-0.0100475757	40.3333333
0.663973818882222	0.0410913999	-0.010047352	40.6666667
0.668542046562222	0.0412181405	-0.0100476204	41
0.673054616037778	0.0413469226	-0.0100469045	41.3333333
0.677575267033333	0.0414722768	-0.0100475757	41.6666667
0.682077855646667	0.0415961865	-0.0100463228	42
0.686528044733333	0.0417190686	-0.0100470835	42.3333333
0.690979928331111	0.0418461817	-0.0100472625	42.6666667
0.695417064086667	0.0419664661	-0.0100472625	43
0.699799733382222	0.0420903668	-0.0100474862	43.3333333
0.70417912538	0.0422168248	-0.0100473072	43.6666667
0.708538639446667	0.0423357902	-0.0100475309	44
0.712851852368889	0.0424612656	-0.0100465018	44.3333333
0.717162020755555	0.0425856015	-0.0100475757	44.6666667
0.721445542473333	0.0427073127	-0.0100470835	45
0.725679336777778	0.0428312627	-0.010046994	45.3333333
0.72990830824	0.0429587795	-0.0100465466	45.6666667
0.734114552757778	0.043078557	-0.0100479336	46
0.73827521304	0.0432030992	-0.0100467703	46.3333333
0.742436357468889	0.0433323433	-0.0100469493	46.6666667
0.746572838364445	0.0434531258	-0.0100467703	47
0.750688258897778	0.0435778699	-0.0100484706	47.3333333
0.754770664375556	0.0437069121	-0.010047352	47.6666667
0.758827549757778	0.0438265999	-0.0100475757	48
0.762857295015556	0.0439489841	-0.010047352	48.3333333
0.76685939738	0.0440782462	-0.0100464571	48.6666667
0.770832702351111	0.0441969065	-0.0100479784	49
0.774773923317778	0.0443181018	-0.0100466808	49.3333333
0.778687575877778	0.0444367307	-0.0100459201	49.6666667
0.782574833151111	0.0445535605	-0.0100475309	50
0.786425220822222	0.0446684612	-0.0100463676	50.3333333
0.790244073808889	0.0447817691	-0.0100462334	50.6666667
0.794037090142222	0.0448895361	-0.0100475309	51
0.797795722777778	0.0449990304	-0.0100459649	51.3333333
0.801520474482222	0.0451082017	-0.0100474862	51.6666667
0.805207081042222	0.0452060848	-0.0100465466	52
0.808875020037778	0.0453079565	-0.0100460096	52.3333333
0.812500894168889	0.0454072035	-0.0100480231	52.6666667
0.816106164148889	0.0455012013	-0.0100467703	53
0.819673121395556	0.0455966751	-0.0100457859	53.3333333
0.823201523837778	0.0456886629	-0.0100478442	53.6666667
0.826709517651111	0.0457774114	-0.0100474862	54
0.830183593293334	0.045867793	-0.010046815	54.3333333
0.833624030075556	0.0459581253	-0.0100474415	54.6666667
0.837037531564445	0.0460368687	-0.0100468598	55
0.840414219311111	0.046124204	-0.0100469493	55.3333333
0.843753860555556	0.0462092735	-0.0100476204	55.6666667
0.847077422557778	0.0462863435	-0.0100467255	56
0.850371796122222	0.0463693313	-0.0100473072	56.3333333
0.853631590468889	0.0464505199	-0.0100467255	56.6666667
0.856860241171111	0.0465294653	-0.0100459649	57
0.860050392931111	0.0466053329	-0.010046815	57.3333333
0.863218813971111	0.0466866024	-0.0100471282	57.6666667
0.866349108488889	0.0467622008	-0.0100463228	58
0.869448678337778	0.0468393156	-0.0100453385	58.3333333
0.872531303066667	0.0469133841	-0.0100481574	58.6666667
0.87558163896	0.0469868963	-0.0100480679	59
0.878598196337778	0.0470634818	-0.0100458307	59.3333333
0.881582353153333	0.0471374067	-0.0100478442	59.6666667
0.884544462693333	0.0472079218	-0.0100468598	60
0.887481918013333	0.0472827845	-0.0100465913	60.3333333
0.890399560575555	0.0473558884	-0.0100484258	60.6666667
0.893290584402222	0.0474229937	-0.0100473072	61
0.89614485966	0.0474990722	-0.0100478442	61.3333333
0.898971519957777	0.0475695021	-0.0100485601	61.6666667
0.901773665695555	0.0476362934	-0.0100484706	62
0.904541856015555	0.0477078809	-0.0100474862	62.3333333
0.907279219253333	0.0477788536	-0.0100465018	62.6666667
0.909981630848889	0.0478449136	-0.0100468598	63
0.91266684594	0.0479163889	-0.0100463228	63.3333333
0.915317314222222	0.047987079	-0.0100467255	63.6666667
0.917963518293333	0.0480494511	-0.0100468598	64
0.920584025368889	0.0481204014	-0.0100477099	64.3333333
0.9231662104	0.0481882381	-0.0100469493	64.6666667
0.925724327775555	0.0482541994	-0.010046994	65
0.92829129944	0.0483229334	-0.0100466361	65.3333333
0.930812193413333	0.0483910886	-0.0100469493	65.6666667
0.933305667944444	0.0484565385	-0.010048739	66
0.935801730795555	0.0485224549	-0.0100477099	66.3333333
0.938236884317777	0.0485900403	-0.0100470835	66.6666667
0.940694792717777	0.0486549518	-0.010047352	67
0.943107833788889	0.0487233762	-0.0100476652	67.3333333
0.945508296366666	0.0487850304	-0.0100492312	67.6666667
0.947875883548889	0.0488494573	-0.0100472625	68
0.950259391695555	0.0489182003	-0.0100469493	68.3333333
0.952579756566666	0.0489817568	-0.0100476204	68.6666667
0.954914663235555	0.0490434244	-0.0100483363	69
0.9572225321	0.0491099062	-0.0100486496	69.3333333
0.959492991813333	0.0491736242	-0.010048739	69.6666667
0.961772129642222	0.0492348746	-0.0100482469	70
0.964025039333333	0.0493009615	-0.0100472177	70.3333333
0.966252215388889	0.0493621177	-0.0100476652	70.6666667
0.96847806802	0.0494210666	-0.0100472177	71
0.970677636911111	0.0494884187	-0.0100475309	71.3333333
0.972831789535556	0.0495493954	-0.0100472177	71.6666667
0.975004703431111	0.0496074424	-0.0100480231	72
0.97718272872	0.0496726859	-0.0100478889	72.3333333
0.979306278842222	0.0497342594	-0.0100475757	72.6666667
0.981423693193333	0.0497911354	-0.0100496787	73
0.983527886291111	0.0498535344	-0.0100486943	73.3333333
0.985593607464445	0.0499150854	-0.010047352	73.6666667
0.987679421715556	0.0499731503	-0.0100482469	74
0.989759816235556	0.0500315518	-0.0100489628	74.3333333
0.991810668246667	0.0500929637	-0.0100478889	74.6666667
0.993855226811111	0.0501486867	-0.0100483363	75
0.995882078128889	0.0502110184	-0.0100472177	75.3333333
0.9978609237	0.0502665799	-0.0100472177	75.6666667
0.999841947924444	0.0503237655	-0.0100490075	76
1.00181273963778	0.0503834277	-0.0100483811	76.3333333
1.00375009835111	0.0504382982	-0.0100489628	76.6666667
1.00568662822667	0.0504928771	-0.0100488733	77
1.00762602561778	0.0505503005	-0.0100479336	77.3333333
1.00953947362444	0.0506054761	-0.010048918	77.6666667
1.01146970926	0.050654725	-0.0100488733	78
1.01338483485111	0.0507126868	-0.0100493207	78.3333333
1.01526827678667	0.0507661306	-0.0100480679	78.6666667
1.01712756584444	0.0508149578	-0.0100482469	79
1.01897179944222	0.050870923	-0.010048739	79.3333333
1.02079172360667	0.0509218633	-0.0100482916	79.6666667
1.02261795097778	0.0509700444	-0.0100483811	80
1.02443165554444	0.0510245336	-0.0100481126	80.3333333
1.02623795918444	0.0510749759	-0.0100481574	80.6666667
1.02803323862889	0.0511196396	-0.010048918	81
1.02978816595333	0.0511716163	-0.0100493207	81.3333333
1.03155736592889	0.0512219464	-0.0100479336	81.6666667
1.03331821554222	0.0512651788	-0.0100488285	82
1.03507811516444	0.0513154776	-0.0100483363	82.3333333
1.03678288739556	0.0513619762	-0.0100470388	82.6666667
1.03851208994889	0.0514058457	-0.0100493655	83
1.04022022222222	0.051452304	-0.0100486943	83.3333333
1.04191985555556	0.0514977976	-0.0100490075	83.6666667
1.04358146444444	0.0515403571	-0.0100489628	84
1.04527298	0.051584424	-0.0100490075	84.3333333
1.04692912444444	0.0516255836	-0.0100487838	84.6666667
1.04855586444444	0.0516691795	-0.0100492312	85
1.05021752	0.0517111467	-0.0100480231	85.3333333
1.05183198	0.0517528627	-0.0100489628	85.6666667
1.05343168444444	0.0517884231	-0.0100487838	86
1.05504727333333	0.0518334187	-0.0100477099	86.3333333
1.05662944444444	0.0518716576	-0.0100500366	86.6666667
1.05821490222222	0.0519082454	-0.0100478889	87
1.05975167555556	0.051951083	-0.0100477994	87.3333333
1.06129501333333	0.0519872671	-0.0100483811	87.6666667
1.06283670222222	0.0520230698	-0.0100467255	88
1.06437064444444	0.0520637808	-0.0100475757	88.3333333
1.06591131111111	0.0520990854	-0.0100482916	88.6666667
1.06739504222222	0.0521331204	-0.0100491417	89
1.06889569111111	0.0521729565	-0.010049455	89.3333333
1.07035002222222	0.0522083061	-0.0100482469	89.6666667
1.07183069111111	0.0522407977	-0.0100479336	90
1.07326610888889	0.052279584	-0.0100486943	90.3333333
1.07473613555556	0.0523131254	-0.0100493207	90.6666667
1.07615797111111	0.0523439884	-0.010048918	91
1.07760501111111	0.0523790553	-0.010049097	91.3333333
1.07900548666667	0.0524117084	-0.0100481574	91.6666667
1.08042303777778	0.0524449359	-0.0100472625	92
1.08179795777778	0.0524783741	-0.0100471282	92.3333333
1.08318990666667	0.0525093403	-0.0100475757	92.6666667
1.08454316888889	0.0525391041	-0.0100477099	93
1.08589595555556	0.0525739915	-0.0100494102	93.3333333
1.08723152888889	0.0526012204	-0.010048739	93.6666667
1.08855225333333	0.0526326353	-0.0100484258	94
1.08991240666667	0.0526654006	-0.0100477994	94.3333333
1.09123044888889	0.0526938049	-0.0100485153	94.6666667
1.09255456222222	0.0527210607	-0.0100475309	95
1.09384286666667	0.0527561546	-0.0100479336	95.3333333
1.09510731777778	0.0527830245	-0.0100482916	95.6666667
1.09641028666667	0.0528107694	-0.0100483811	96
1.09768279111111	0.052841094	-0.0100494102	96.3333333
1.09896271555556	0.0528703194	-0.0100490075	96.6666667
1.10021187777778	0.052895969	-0.0100489628	97
1.10143029777778	0.0529271864	-0.0100473072	97.3333333
1.10269981333333	0.0529535539	-0.0100482916	97.6666667
1.10390057111111	0.0529778127	-0.0100482469	98
1.10508498888889	0.0530093577	-0.0100475309	98.3333333
1.10632070666667	0.0530348503	-0.0100475757	98.6666667
1.10750315111111	0.0530585796	-0.0100499919	99
1.10866051111111	0.0530891734	-0.0100482021	99.3333333
1.10987046666667	0.0531154243	-0.0100504841	99.6666667
1.11103100222222	0.0531402798	-0.0100481574	100
1.11216064666667	0.0531681816	-0.0100478889	100.3333333
1.11334743777778	0.0531904618	-0.010048739	100.6666667
1.11447714666667	0.0532152097	-0.0100482916	101
1.11558614888889	0.0532463733	-0.0100485601	101.3333333
1.11674601555556	0.0532669665	-0.0100494102	101.6666667
1.11784908666667	0.05329101	-0.010047173	102
1.11897345111111	0.0533202533	-0.0100490523	102.3333333
1.12007722888889	0.0533413446	-0.0100471282	102.6666667
1.12120044	0.0533656034	-0.0100482916	103
1.12231837111111	0.0533901628	-0.0100486943	103.3333333
1.12337181777778	0.0534135153	-0.0100495444	103.6666667
1.12445975111111	0.0534346649	-0.0100496339	104
1.12552689333333	0.0534632487	-0.0100496787	104.3333333
1.12661602666667	0.05348469	-0.0100478889	104.6666667
1.12763240888889	0.0535049782	-0.010049455	105
1.12868669333333	0.0535317539	-0.0100479336	105.3333333
1.12973286888889	0.0535532131	-0.0100484258	105.6666667
1.13078394	0.0535747486	-0.0100476652	106
1.13179494	0.0536022197	-0.0100482021	106.3333333
1.13282413333333	0.0536229296	-0.0100482021	106.6666667
1.13384308444444	0.0536434781	-0.0100495444	107
1.13488541333333	0.0536699039	-0.0100484706	107.3333333
1.13589091111111	0.0536907529	-0.010048739	107.6666667
1.13687975333333	0.0537109558	-0.0100490075	108
1.13786289777778	0.0537352998	-0.0100482469	108.3333333
1.13886349777778	0.0537563104	-0.0100477547	108.6666667
1.13988847111111	0.0537774196	-0.0100494997	109
1.14087835555556	0.0538014765	-0.0100498129	109.3333333
1.14187277333333	0.0538214417	-0.0100474862	109.6666667
1.14281987555556	0.0538420305	-0.0100479336	110
1.14377580444444	0.0538665854	-0.0100473967	110.3333333
1.14475527777778	0.0538844104	-0.010047352	110.6666667
1.14571332888889	0.0539067176	-0.0100482469	111
1.14670838888889	0.0539301508	-0.0100488285	111.3333333
1.14765184222222	0.0539493892	-0.0100480679	111.6666667
1.14855964444444	0.0539701215	-0.0100480679	112
1.14950154222222	0.0539941515	-0.0100479784	112.3333333
1.15040142222222	0.0540125105	-0.0100481574	112.6666667
1.15136134444444	0.0540338037	-0.0100474862	113
1.15231326888889	0.0540565774	-0.0100476652	113.3333333
1.15324103333333	0.0540737295	-0.0100469493	113.6666667
1.15417632	0.0540943318	-0.0100483363	114
1.15511872888889	0.0541172939	-0.0100489628	114.3333333
1.15599926888889	0.0541346973	-0.0100483811	114.6666667
1.15690511777778	0.0541569506	-0.0100484706	115
1.15780711777778	0.0541784098	-0.0100467703	115.3333333
1.15867260444444	0.0541966386	-0.0100479784	115.6666667
1.15959137333333	0.0542157738	-0.0100465466	116
1.16049773111111	0.0542396691	-0.0100477994	116.3333333
1.16139558	0.0542566418	-0.0100478442	116.6666667
1.16229849555556	0.0542764858	-0.0100475309	117
1.16320904444444	0.0542987615	-0.0100486496	117.3333333
1.16411418444444	0.0543169096	-0.0100485601	117.6666667
1.16495981111111	0.0543371978	-0.0100480679	118
1.16581817555556	0.0543582577	-0.0100475757	118.3333333
1.16669227333333	0.0543760603	-0.0100467255	118.6666667
1.16753569333333	0.0543954109	-0.0100477099	119
1.16837486	0.0544170719	-0.0100477994	119.3333333
1.16920588666667	0.054433071	-0.0100470388	119.6666667
1.17006011555556	0.0544530182	-0.0100478442	120
1.17090815555556	0.0544757426	-0.010046815	120.3333333
1.17172168888889	0.0544915218	-0.0100483363	120.6666667
1.17256056666667	0.0545116709	-0.0100471282	121
1.17338452666667	0.0545320937	-0.0100476652	121.3333333
1.17422956666667	0.0545481107	-0.0100486496	121.6666667
1.17505889111111	0.0545670439	-0.0100470388	122
1.17586325333333	0.0545876013	-0.0100475757	122.3333333
1.17667586444444	0.0546044124	-0.010047352	122.6666667
1.17753272	0.0546236911	-0.010047352	123
1.17835754666667	0.0546436653	-0.0100476204	123.3333333
1.17917597555556	0.0546601399	-0.0100476652	123.6666667
1.17998692222222	0.0546790283	-0.0100475309	124
1.18076327777778	0.0547001106	-0.0100473967	124.3333333
1.18158072222222	0.0547151989	-0.0100470835	124.6666667
1.18242257777778	0.0547336072	-0.0100464123	125
1.18323179111111	0.0547545773	-0.0100482916	125.3333333
1.18402943111111	0.0547700021	-0.0100463228	125.6666667
1.18481644666667	0.0547902858	-0.0100477099	126
1.18557059777778	0.054808914	-0.010048739	126.3333333
1.18634941333333	0.0548226877	-0.0100467703	126.6666667
1.1871594	0.0548432137	-0.0100465466	127
1.18794237555556	0.054863309	-0.010047173	127.3333333
1.18872424222222	0.0548769885	-0.0100453832	127.6666667
1.18947470666667	0.0548962447	-0.010047173	128
1.19022947333333	0.0549158824	-0.0100472177	128.3333333
1.19096048666667	0.0549306117	-0.0100465466	128.6666667
1.19171519555556	0.0549479837	-0.0100478889	129
1.19247681333333	0.0549697973	-0.0100468598	129.3333333
1.19325423333333	0.0549832659	-0.0100485601	129.6666667
1.19402436	0.0550021139	-0.0100472177	130
1.19482885333333	0.0550213209	-0.010047352	130.3333333
1.19562736888889	0.0550360771	-0.0100483811	130.6666667
1.19639342	0.0550551136	-0.0100457412	131
1.19715746888889	0.0550736744	-0.0100472177	131.3333333
1.19790236444444	0.0550875693	-0.0100467255	131.6666667
1.19864726	0.0551079786	-0.0100472177	132
1.19937292222222	0.0551268356	-0.0100463228	132.3333333
1.20007796888889	0.0551419643	-0.0100461439	132.6666667
1.20080643111111	0.0551608885	-0.0100456517	133
1.20150755777778	0.055178265	-0.0100456964	133.3333333
1.20223467111111	0.0551930706	-0.0100469493	133.6666667
1.20294495111111	0.0552116584	-0.0100465913	134
1.20362782888889	0.0552281151	-0.0100469045	134.3333333
1.20432432	0.0552421221	-0.0100471282	134.6666667
1.20500378222222	0.0552620065	-0.0100477099	135
1.20565903555556	0.0552783016	-0.0100475757	135.3333333
1.20625963777778	0.0552939956	-0.0100465466	135.6666667
1.20683275555556	0.0553128346	-0.0100475309	136
1.20740007333333	0.0553306104	-0.0100467255	136.3333333
1.20795577111111	0.0553426029	-0.0100463676	136.6666667
1.20847405111111	0.0553628059	-0.0100475757	137
1.20899540222222	0.0553816359	-0.0100466808	137.3333333
1.20952313111111	0.0553944405	-0.0100460991	137.6666667
1.21001508	0.0554123778	-0.0100472625	138
1.21051201777778	0.0554281704	-0.0100467255	138.3333333
1.21094234	0.0554419128	-0.0100462781	138.6666667
1.21133928222222	0.0554613306	-0.0100460991	139
1.21174302444444	0.0554798241	-0.0100467703	139.3333333
1.21212853555556	0.0554919154	-0.0100476204	139.6666667
1.21248178444444	0.055509902	-0.0100482916	140
1.21285141111111	0.0555231732	-0.0100474415	140.3333333
1.21322928888889	0.0555242186	-0.0100474862	140.6666667
1.21358159111111	0.0555239898	-0.010047173	141
1.21394360222222	0.0555237564	-0.0100466361	141.3333333
1.21424873333333	0.0555259863	-0.0100467255	141.6666667
1.21452773111111	0.0555257844	-0.0100465466	142
1.21480939333333	0.0555266862	-0.010046815	142.3333333
1.21507448222222	0.0555264753	-0.0100452937	142.6666667
1.21532106222222	0.0555261298	-0.0100468598	143
1.21554436444444	0.0555252864	-0.0100469045	143.3333333
1.21579641777778	0.055525901	-0.0100471282	143.6666667
1.21603307333333	0.0555261029	-0.0100459201	144
1.21622734666667	0.0555260222	-0.010046994	144.3333333
1.21638096888889	0.0555260446	-0.0100465913	144.6666667
1.21653368	0.055526758	-0.0100467703	145
1.21663619777778	0.055526085	-0.0100471282	145.3333333
1.21671350222222	0.0555271887	-0.0100476652	145.6666667
1.21677614222222	0.0555262599	-0.0100467703	146
1.21683562666667	0.0555254703	-0.0100461439	146.3333333
1.21691396666667	0.0555268342	-0.0100472177	146.6666667
1.21696876	0.0555266189	-0.0100469493	147
1.21701586	0.0555268611	-0.0100458307	147.3333333
1.21705910888889	0.05552425	-0.0100474862	147.6666667
1.21708918222222	0.0555248871	-0.010047173	148
1.21711666666667	0.0555240167	-0.0100463676	148.3333333
1.21709354	0.055523568	-0.0100466361	148.6666667
1.21707584	0.0555233706	-0.0100456517	149
1.21705498444444	0.0555228995	-0.0100478442	149.3333333
1.21704323555556	0.0555220471	-0.010046994	149.6666667
1.21702454	0.0555235321	-0.0100465913	150
1.21701189777778	0.0555236533	-0.0100463676	150.3333333
1.21705502222222	0.0555237654	-0.0100476652	150.6666667
1.21709696666667	0.0555232091	-0.0100460544	151
1.21714228	0.0555246268	-0.0100461886	151.3333333
1.21712971111111	0.0555222938	-0.0100462334	151.6666667
1.21712282888889	0.0555237385	-0.0100469493	152
1.21711537111111	0.0555220112	-0.0100481126	152.3333333
1.21709014	0.0555205934	-0.0100463228	152.6666667
1.21706239333333	0.0555213965	-0.0100458754	153
1.21703558888889	0.0555215536	-0.0100465466	153.3333333
1.21708614666667	0.0555216926	-0.0100456517	153.6666667
1.21713103333333	0.055521226	-0.0100465018	154
1.21716474666667	0.0555204723	-0.0100456517	154.3333333
1.21712044666667	0.0555217061	-0.0100480679	154.6666667
1.21707056222222	0.0555226483	-0.0100459649	155
1.21700820888889	0.0555202928	-0.0100461886	155.3333333
1.21687376444444	0.0555195391	-0.0100469045	155.6666667
1.21672111777778	0.0555211812	-0.0100469493	156
1.21655483333333	0.0555204723	-0.0100463676	156.3333333
1.21643179555556	0.0555204723	-0.0100459649	156.6666667
1.21628234444444	0.0555205755	-0.0100461439	157
1.21611558222222	0.055520414	-0.0100456069	157.3333333
1.21596688444444	0.0555204499	-0.0100466361	157.6666667
1.21579944444444	0.0555194853	-0.0100458307	158
1.21561588888889	0.0555205441	-0.0100470835	158.3333333
1.21537712222222	0.0555202973	-0.0100456964	158.6666667
1.21512584	0.0555186552	-0.0100478889	159
1.21486806	0.0555212933	-0.0100480231	159.3333333
1.21459671555556	0.0555214234	-0.0100477547	159.6666667
1.21432123555556	0.0555222445	-0.0100462334	160
1.21403517111111	0.0555221413	-0.0100452937	160.3333333
1.21371351111111	0.0555234873	-0.0100466808	160.6666667
1.21338447777778	0.0555235501	-0.0100464571	161
1.21305700888889	0.0555244653	-0.0100465913	161.3333333
1.21264393777778	0.0554908027	-0.010046815	161.6666667
1.21222615555556	0.055470353	-0.0100464123	162
1.21180863555556	0.0554552558	-0.0100465018	162.3333333
1.21136881555556	0.0554412398	-0.010046994	162.6666667
1.21092251555556	0.0554221674	-0.0100463228	163
1.21047222222222	0.0554083444	-0.0100471282	163.3333333
1.21000088666667	0.0553953289	-0.0100464123	163.6666667
1.20953072444444	0.0553742376	-0.0100455622	164
1.20906125111111	0.0553614958	-0.0100463676	164.3333333
1.20856028	0.055347915	-0.0100454727	164.6666667
1.2080246	0.0553283087	-0.010044891	165
1.20749329555556	0.0553143645	-0.0100473967	165.3333333
1.20692612888889	0.0553013715	-0.0100455174	165.6666667
1.20633102	0.0552818415	-0.0100457412	166
1.20573011111111	0.0552667936	-0.0100459201	166.3333333
1.20514292444444	0.055253814	-0.0100453385	166.6666667
1.20454638222222	0.0552365857	-0.0100457859	167
1.20392723333333	0.0552237317	-0.0100457412	167.3333333
1.20325599333333	0.0552065033	-0.0100459201	167.6666667
1.20258256444444	0.0551884898	-0.0100444436	168
1.20187776	0.0551722485	-0.0100467255	168.3333333
1.20111209111111	0.0551609379	-0.0100456517	168.6666667
1.20033210444444	0.0551402683	-0.0100463228	169
1.19954672444444	0.0551264363	-0.0100451595	169.3333333
1.19881751555556	0.0551114647	-0.0100465466	169.6666667
1.19806862444444	0.0550930878	-0.0100452937	170
1.19732826222222	0.0550779367	-0.010046994	170.3333333
1.19663140888889	0.0550614665	-0.0100455622	170.6666667
1.19591931333333	0.0550437177	-0.0100455622	171
1.19521807333333	0.0550299889	-0.0100466808	171.3333333
1.19447939777778	0.0550121683	-0.0100455174	171.6666667
1.19375314888889	0.0549918756	-0.0100462781	172
1.19300312222222	0.0549784384	-0.0100467255	172.3333333
1.19220807111111	0.0549631437	-0.0100456517	172.6666667
1.19141354	0.0549423351	-0.0100449805	173
1.19062396222222	0.0549278525	-0.0100462334	173.3333333
1.18985972666667	0.0549124367	-0.0100455174	173.6666667
1.18907942222222	0.0548908295	-0.0100459649	174
1.18831044888889	0.054876975	-0.0100458754	174.3333333
1.18754412888889	0.0548610612	-0.010045428	174.6666667
1.18676275555556	0.0548392969	-0.0100455622	175
1.18594614	0.0548245451	-0.0100461886	175.3333333
1.18516526	0.0548081513	-0.0100453832	175.6666667
1.18436885777778	0.054788213	-0.01004507	176
1.18358539777778	0.0547734388	-0.0100457412	176.3333333
1.18283189111111	0.0547558919	-0.0100472177	176.6666667
1.18206816	0.0547358056	-0.0100460544	177
1.18125371555556	0.0547192772	-0.0100444883	177.3333333
1.18046454666667	0.0547045119	-0.0100481126	177.6666667
1.17965973777778	0.0546864176	-0.0100450253	178
1.17886851333333	0.0546718812	-0.0100461886	178.3333333
1.17809257555556	0.0546533517	-0.01004507	178.6666667
1.17728586666667	0.0546305376	-0.0100452937	179
1.17643957111111	0.0546138835	-0.0100447568	179.3333333
1.17559604888889	0.0545972384	-0.0100459201	179.6666667
1.17477609111111	0.0545766272	-0.0100444883	180
1.17394951333333	0.0545593046	-0.0100454727	180.3333333
1.17309261111111	0.0545417757	-0.0100454727	180.6666667
1.17223305555556	0.0545196076	-0.0100456069	181
1.17137873333333	0.054506296	-0.0100462781	181.3333333
1.17055522888889	0.0544856534	-0.0100460991	181.6666667
1.16970573777778	0.0544655267	-0.0100459649	182
1.16883374444444	0.0544492764	-0.0100458754	182.3333333
1.16799643111111	0.054428728	-0.0100453832	182.6666667
1.16714816888889	0.0544107414	-0.0100442199	183
1.1663123	0.0543949846	-0.0100457412	183.3333333
1.16545872222222	0.054374858	-0.0100444883	183.6666667
1.16459706222222	0.0543527527	-0.0100465466	184
1.16376741333333	0.0543360044	-0.0100440409	184.3333333
1.16291318444444	0.0543176948	-0.0100449805	184.6666667
1.16204808888889	0.0542966618	-0.0100449358	185
1.16117176666667	0.0542789534	-0.0100455622	185.3333333
1.16029144888889	0.0542608188	-0.0100460544	185.6666667
1.15940635555556	0.054241042	-0.01004507	186
1.15847900222222	0.0542233112	-0.010061357	186.3333333
1.15760307777778	0.0542037633	-0.0100460991	186.6666667
1.15670576	0.0541816131	-0.0100443541	187
1.15579778222222	0.0541620742	-0.0100445778	187.3333333
1.15492519111111	0.0541414495	-0.0100453832	187.6666667
1.15405715333333	0.0541197122	-0.010044891	188
1.15314736888889	0.0541031658	-0.0100457412	188.3333333
1.15223437111111	0.0540810157	-0.0100463228	188.6666667
1.15132953111111	0.0540592424	-0.0100441751	189
1.15036448	0.0540427274	-0.0100452042	189.3333333
1.14944975111111	0.0540207478	-0.0100447568	189.6666667
1.14852733111111	0.0539979651	-0.0100433697	190
1.14759135555556	0.0539818943	-0.0100459201	190.3333333
1.14668475333333	0.0539590532	-0.0100452937	190.6666667
1.14575203777778	0.0539360327	-0.0100456069	191
1.14477624	0.0539178936	-0.0100471282	191.3333333
1.14382087777778	0.0538947564	-0.010044891	191.6666667
1.14282787555556	0.0538727499	-0.0100445778	192
1.14189249555556	0.0538555843	-0.0100440856	192.3333333
1.1409271	0.0538321062	-0.010044712	192.6666667
1.13994531555556	0.0538101939	-0.010044712	193
1.13895717333333	0.0537906549	-0.0100443093	193.3333333
1.13794707555556	0.0537666384	-0.0100447568	193.6666667
1.13697173555556	0.0537476424	-0.0100455174	194
1.13598072444444	0.0537296423	-0.010044712	194.3333333
1.13499889333333	0.05370371	-0.0100441304	194.6666667
1.13398444888889	0.0536781053	-0.0100442646	195
1.13295124222222	0.0536648206	-0.010043325	195.3333333
1.13193800888889	0.0536390812	-0.0100442199	195.6666667
1.13091969111111	0.0536182906	-0.0100449358	196
1.12989131777778	0.0535970512	-0.0100462334	196.3333333
1.12883203333333	0.0535727969	-0.0100449358	196.6666667
1.12778483555556	0.0535503058	-0.0100438619	197
1.12674788666667	0.0535316328	-0.0100458754	197.3333333
1.12568528888889	0.053503695	-0.0100444436	197.6666667
1.12463625555555	0.053479665	-0.0100436382	198
1.12355037111111	0.0534615977	-0.01004507	198.3333333
1.12250320888889	0.0534342118	-0.0100446226	198.6666667
1.12142701777778	0.0534095941	-0.0100449805	199
1.12034021111111	0.0533881842	-0.0100465466	199.3333333
1.11922611555556	0.0533626557	-0.01004507	199.6666667
1.11815255777778	0.0533381502	-0.0100444883	200
1.11703393777778	0.0533170275	-0.0100438172	200.3333333
1.11589039333333	0.0532910907	-0.0100441751	200.6666667
1.11478205111111	0.0532652168	-0.0100439066	201
1.11364696888889	0.0532446504	-0.0100448015	201.3333333
1.1124981	0.0532164883	-0.0100447568	201.6666667
1.11134161333333	0.0531895601	-0.0100453832	202
1.11019072222222	0.0531675176	-0.01004507	202.3333333
1.10903231777778	0.0531392075	-0.0100460544	202.6666667
1.10783827333333	0.0531129925	-0.0100445778	203
1.10666352	0.0530883569	-0.010044712	203.3333333
1.10547712888889	0.0530617965	-0.0100457412	203.6666667
1.10425707111111	0.0530341548	-0.0100456517	204
1.10305472	0.0530091154	-0.0100448463	204.3333333
1.10183800444444	0.0529802713	-0.0100447568	204.6666667
1.10061567333333	0.0529524906	-0.0100450253	205
1.09938034666667	0.0529267557	-0.010045249	205.3333333
1.09810339333333	0.05289596	-0.0100440856	205.6666667
1.09687496444444	0.0528696599	-0.0100446226	206
1.09561910666667	0.0528429469	-0.0100449358	206.3333333
1.09431300222222	0.0528099259	-0.0100444436	206.6666667
1.09304499555556	0.0527804627	-0.0100448463	207
1.09175067555556	0.0527542523	-0.0100454727	207.3333333
1.09047234222222	0.0527213748	-0.0100440856	207.6666667
1.08918723333333	0.0526926429	-0.0100460991	208
1.08783424888889	0.0526659569	-0.0100451147	208.3333333
1.08650177555556	0.0526327295	-0.0100432355	208.6666667
1.08514097111111	0.0526010544	-0.0100446226	209
1.08380678444444	0.0525738973	-0.0100441304	209.3333333
1.0824453	0.0525396784	-0.0100437277	209.6666667
1.08109848	0.0525075502	-0.0100449358	210
1.07972074888889	0.0524777146	-0.0100439961	210.3333333
1.07833600666667	0.0524430515	-0.0100445778	210.6666667
1.07694946666667	0.0524104881	-0.0100441751	211
1.07551818	0.0523803878	-0.0100443988	211.3333333
1.07407954	0.0523433738	-0.0100435487	211.6666667
1.07262805111111	0.05230911	-0.0100427433	212
1.07116630222222	0.0522765376	-0.0100449358	212.3333333
1.06970325777778	0.052240026	-0.01004507	212.6666667
1.06821314888889	0.0522044656	-0.0100435039	213
1.06674089555556	0.0521707581	-0.0100448463	213.3333333
1.06524612222222	0.0521317117	-0.0100439961	213.6666667
1.06377512666667	0.0520990854	-0.0100442646	214
1.06225505777778	0.0520608241	-0.0100445778	214.3333333
1.06075108444444	0.0520194132	-0.0100434592	214.6666667
1.05919904222222	0.0519842207	-0.0100445778	215
1.05764604	0.0519479425	-0.0100443541	215.3333333
1.05608835333333	0.0519068995	-0.010043146	215.6666667
1.05451305333333	0.0518677319	-0.0100452937	216
1.05295455777778	0.0518302557	-0.010043325	216.3333333
1.05133678222222	0.0517858927	-0.0100440409	216.6666667
1.04972164222222	0.0517466622	-0.0100439066	217
1.04813108222222	0.0517081003	-0.0100453832	217.3333333
1.04647999555556	0.0516606505	-0.0100436382	217.6666667
1.04483647777778	0.0516196748	-0.010044712	218
1.04320547111111	0.0515788562	-0.0100446226	218.3333333
1.04151942222222	0.0515330933	-0.0100444436	218.6666667
1.03985543777778	0.0514889905	-0.0100449805	219
1.03817377524667	0.0514466509	-0.0100443093	219.3333333
1.03645738237778	0.0513997979	-0.0100442646	219.6666667
1.03474755523778	0.0513514104	-0.0100445778	220
1.03303694451556	0.0513086491	-0.010044891	220.3333333
1.03132152959778	0.0512567666	-0.010042788	220.6666667
1.02955954398444	0.0512078272	-0.0100451147	221
1.02779180575556	0.0511624188	-0.0100448463	221.3333333
1.02605136456444	0.0511128424	-0.0100439514	221.6666667
1.02427038482667	0.0510622924	-0.0100441751	222
1.02246476164444	0.0510138466	-0.0100446226	222.3333333
1.02065205306667	0.0509628794	-0.010044891	222.6666667
1.01882415810444	0.0509142676	-0.0100436829	223
1.01700554617333	0.0508631882	-0.0100444436	223.3333333
1.01519322923333	0.0508075056	-0.0100439066	223.6666667
1.01334996264444	0.0507642911	-0.0100439514	224
1.01147742510444	0.0507091604	-0.0100435934	224.3333333
1.00957156517333	0.0506505615	-0.0100426985	224.6666667
1.00766255685778	0.0505970683	-0.0100446226	225
1.00574099010222	0.050543454	-0.0100451147	225.3333333
1.00381951485111	0.0504832579	-0.0100448015	225.6666667
1.00189446521333	0.0504303256	-0.010045249	226
0.999950879137778	0.0503779675	-0.0100444436	226.3333333
0.997997460146667	0.0503158063	-0.0100452042	226.6666667
0.996033799008889	0.0502626811	-0.0100439961	227
0.994058063177778	0.0502074606	-0.0100440409	227.3333333
0.992072355595556	0.0501447969	-0.0100448463	227.6666667
0.990067031511111	0.0500878894	-0.0100443093	228
0.988035107524444	0.0500352487	-0.0100437277	228.3333333
0.985979068333333	0.0499708936	-0.0100448015	228.6666667
0.983906009497778	0.049911882	-0.0100446226	229
0.981820967277778	0.049855477	-0.010044891	229.3333333
0.979725434057778	0.0497936389	-0.0100456964	229.6666667
0.977641845648889	0.0497344568	-0.0100442646	230
0.975566338544444	0.0496760912	-0.0100444436	230.3333333
0.973453115464444	0.0496148856	-0.0100435934	230.6666667
0.97129944642	0.049553716	-0.0100442646	231
0.969142109833333	0.0494939506	-0.0100452042	231.3333333
0.966973721046666	0.0494292052	-0.010044712	231.6666667
0.964807381288889	0.0493696507	-0.0100447568	232
0.962595270437777	0.0493086874	-0.0100441304	232.3333333
0.960372219326666	0.0492420082	-0.0100445778	232.6666667
0.958159167557778	0.0491839792	-0.0100440856	233
0.955903847306666	0.0491222218	-0.0100444436	233.3333333
0.953646208848889	0.0490557714	-0.0100440409	233.6666667
0.951356104124444	0.0489958759	-0.0100443093	234
0.949063596864444	0.0489348005	-0.0100436382	234.3333333
0.946747766786667	0.0488663088	-0.0100447568	234.6666667
0.94439203188	0.0488066287	-0.010044891	235
0.942047618548889	0.0487454321	-0.0100446226	235.3333333
0.939669659464444	0.0486753297	-0.0100441304	235.6666667
0.937281859175555	0.0486176461	-0.0100425643	236
0.934905352531111	0.0485510298	-0.0100441304	236.3333333
0.932468783811111	0.0484805146	-0.0100442646	236.6666667
0.930042028364444	0.0484173036	-0.0100443541	237
0.927602331315555	0.0483547476	-0.0100438619	237.3333333
0.925114992408888	0.0482841023	-0.0100456517	237.6666667
0.922630753897777	0.0482221161	-0.0100455622	238
0.920127670922222	0.0481550601	-0.0100445331	238.3333333
0.917572551531111	0.0480870843	-0.0100455622	238.6666667
0.915003224308888	0.048020948	-0.0100444436	239
0.912435991948888	0.0479559244	-0.0100443093	239.3333333
0.909837858017777	0.0478844581	-0.0100443093	239.6666667
0.907214501928888	0.0478204081	-0.0100435487	240
0.904576556275555	0.0477499916	-0.0100451595	240.3333333
0.901895745051111	0.0476791041	-0.0100453385	240.6666667
0.899193212417777	0.0476138741	-0.0100439961	241
0.896482784475555	0.0475430763	-0.010044891	241.3333333
0.893737172131111	0.0474718299	-0.0100443541	241.6666667
0.890964922431111	0.0474040066	-0.0100429223	242
0.888185661917777	0.0473327467	-0.0100440856	242.3333333
0.885349421108888	0.0472592256	-0.0100453832	242.6666667
0.882489354715555	0.047190523	-0.0100449805	243
0.879623292357777	0.0471176703	-0.010045249	243.3333333
0.876710602984444	0.0470413586	-0.0100437724	243.6666667
0.873774041473333	0.0469727996	-0.0100456069	244
0.870820143802222	0.0468978562	-0.0100434145	244.3333333
0.867824097468888	0.0468182647	-0.010044712	244.6666667
0.864787988028888	0.0467452416	-0.0100458307	245
0.861716461424444	0.0466728152	-0.0100440856	245.3333333
0.858611919766666	0.0465904017	-0.0100438619	245.6666667
0.855485284277777	0.0465153237	-0.010045249	246
0.852339413282221	0.0464385453	-0.0100420274	246.3333333
0.849155266797777	0.0463540456	-0.0100449358	246.6666667
0.845922193604444	0.0462762981	-0.0100439961	247
0.842678264359999	0.04619327	-0.0100445331	247.3333333
0.839398778293333	0.0461086132	-0.0100466808	247.6666667
0.836068968942221	0.0460248672	-0.0100447568	248
0.832717298522221	0.0459380031	-0.0100446226	248.3333333
0.82932139389111	0.0458492411	-0.0100442646	248.6666667
0.825904931662221	0.0457631935	-0.0100442646	249
0.822458238219999	0.0456708558	-0.0100439066	249.3333333
0.818966258477777	0.0455759338	-0.0100443093	249.6666667
0.815450611428888	0.0454835736	-0.0100443541	250
0.811901539662221	0.0453841561	-0.0100437277	250.3333333
0.808299053524444	0.045283083	-0.0100439961	250.6666667
0.804671605917777	0.0451824227	-0.0100432802	251
0.801001032048888	0.0450759927	-0.0100442199	251.3333333
0.797291447159999	0.0449654126	-0.0100428328	251.6666667
0.793546193724444	0.0448615938	-0.0100443093	252
0.789768753866666	0.0447454773	-0.01004507	252.3333333
0.785953653013332	0.0446241609	-0.0100450253	252.6666667
0.782103228102221	0.0445135719	-0.0100448015	253
0.778229862104443	0.0443919415	-0.0100436829	253.3333333
0.774311610155555	0.0442686151	-0.0100445778	253.6666667
0.770371692659999	0.0441493087	-0.0100439514	254
0.766392913113332	0.0440279519	-0.0100442199	254.3333333
0.76237686361111	0.0439010901	-0.0100444883	254.6666667
0.758329689086666	0.0437790335	-0.010043146	255
0.754265923242221	0.0436507091	-0.0100445331	255.3333333
0.750155753835554	0.0435260098	-0.0100448463	255.6666667
0.74601269041111	0.0434021227	-0.0100442199	256
0.741853612915554	0.0432734304	-0.0100445778	256.3333333
0.73764800151111	0.0431494624	-0.0100439066	256.6666667
0.733418015202221	0.0430231525	-0.010045428	257
0.729154408657777	0.0428975425	-0.0100445331	257.3333333
0.724863466464443	0.0427714749	-0.0100457859	257.6666667
0.720545365526665	0.0426499072	-0.010045249	258
0.716199547213332	0.042522534	-0.0100461439	258.3333333
0.711822706293332	0.0423953537	-0.0100464571	258.6666667
0.707421574264443	0.0422753698	-0.0100446226	259
0.70299608595111	0.0421484138	-0.0100446673	259.3333333
0.698536167386666	0.042025572	-0.0100449358	259.6666667
0.694053596362221	0.041902286	-0.0100444436	260
0.689552683639999	0.0417738181	-0.0100438619	260.3333333
0.685014268199999	0.0416434837	-0.0100439066	260.6666667
0.680456933813332	0.0415245452	-0.0100441304	261
0.675874414506666	0.0413920304	-0.0100440856	261.3333333
0.671262520553332	0.0412608121	-0.0100441751	261.6666667
0.666633588375554	0.0411359424	-0.0100444436	262
0.661981370622221	0.0409963702	-0.0100449358	262.3333333
0.657301118935554	0.0408566724	-0.0100455622	262.6666667
0.65260327039111	0.0407176117	-0.0100448463	263
0.647887145324443	0.0405751413	-0.0100440409	263.3333333
0.64314148733111	0.0404263941	-0.0100442199	263.6666667
0.638375094842221	0.0402813887	-0.0100445331	264
0.63359301415111	0.0401263559	-0.0100447568	264.3333333
0.628816249757777	0.0399784387	-0.0100444436	264.6666667
0.623986443413332	0.0398288256	-0.0100442646	265
0.619143444082221	0.0396732679	-0.0100449358	265.3333333
0.614310136986665	0.0395189933	-0.0100456069	265.6666667
0.609417391622221	0.0393698692	-0.0100444883	266
0.604507505615554	0.0392159221	-0.0100444883	266.3333333
0.599616631662221	0.0390631236	-0.0100443093	266.6666667
0.594668842584443	0.038918522	-0.0100435934	267
0.589699667277776	0.0387686667	-0.0100438619	267.3333333
0.584743349777777	0.0386175865	-0.0100436829	267.6666667
0.579738533853332	0.0384717107	-0.0100442646	268
0.574715608993332	0.0383167093	-0.0100456964	268.3333333
0.569707152659999	0.0381706181	-0.0100463676	268.6666667
0.564641669477777	0.0380219607	-0.010045428	269
0.559561177759999	0.0378652858	-0.0100446673	269.3333333
0.55449591803111	0.0377061478	-0.0100453832	269.6666667
0.549374450777777	0.037559765	-0.0100450253	270
0.544237407046665	0.0373923538	-0.0100462781	270.3333333
0.539118500182221	0.0372276524	-0.0100449805	270.6666667
0.533943004062221	0.0370627178	-0.0100448463	271
0.528750544199999	0.0368966301	-0.0100459201	271.3333333
0.52357472221111	0.03672484	-0.01004507	271.6666667
0.518347180362221	0.0365608385	-0.0100439066	272
0.51310581241111	0.0363937503	-0.010044891	272.3333333
0.507877581586665	0.0362268371	-0.0100452937	272.6666667
0.50259487499111	0.0360621268	-0.0100445331	273
0.497301759248888	0.0358911577	-0.010044712	273.3333333
0.492023735837776	0.0357274568	-0.0100453385	273.6666667
0.486688266604443	0.0355615531	-0.0100446673	274
0.481339278515554	0.0353901309	-0.0100439514	274.3333333
0.476013762213332	0.035219265	-0.010043325	274.6666667
0.470631470444443	0.0350509565	-0.0100452937	275
0.465232922533332	0.0348708079	-0.0100451595	275.3333333
0.459859987822221	0.0346945178	-0.0100442646	275.6666667
0.454430873517776	0.0345149435	-0.0100453832	276
0.44898711379111	0.0343294201	-0.0100437724	276.3333333
0.443565131335554	0.0341580248	-0.0100453385	276.6666667
0.438091969028888	0.0339788498	-0.0100453385	277
0.432601982637776	0.0337939859	-0.0100442199	277.3333333
0.42713358731111	0.0336213792	-0.0100456517	277.6666667
0.421613397639999	0.0334394585	-0.0100462334	278
0.41608424195111	0.033249785	-0.0100448463	278.3333333
0.410576444564443	0.0330653652	-0.0100442199	278.6666667
0.405016405926665	0.0328855083	-0.0100445331	279
0.399444515015554	0.0326915277	-0.01004507	279.3333333
0.393861358393332	0.032503568	-0.0100446673	279.6666667
0.388263817037776	0.0323158641	-0.0100442646	280
0.382651462666665	0.0321276936	-0.0100455622	280.3333333
0.377029574337776	0.0319340899	-0.0100463676	280.6666667
0.371396010635554	0.0317441965	-0.0100443541	281
0.365754272308888	0.0315484393	-0.0100449805	281.3333333
0.36009542127111	0.0313563385	-0.0100447568	281.6666667
0.35442508107111	0.0311635738	-0.010045249	282
0.348749834233332	0.030961495	-0.0100459649	282.3333333
0.343064047902221	0.0307661998	-0.0100454727	282.6666667
0.337361474728888	0.0305729909	-0.010046815	283
0.331648957935554	0.030368256	-0.010044891	283.3333333
0.32593200003111	0.0301691249	-0.0100443541	283.6666667
0.320202761568888	0.0299700879	-0.010045249	284
0.314463588797776	0.0297658915	-0.0100457412	284.3333333
0.308714872757776	0.0295620674	-0.0100460991	284.6666667
0.302960756622221	0.0293605718	-0.0100451147	285
0.297197162393332	0.0291460159	-0.0100449358	285.3333333
0.291425281813332	0.0289488049	-0.0100461439	285.6666667
0.285650412559999	0.0287375242	-0.0100453832	286
0.279863942417777	0.0285190829	-0.01004507	286.3333333
0.274073366342221	0.0283074926	-0.0100442199	286.6666667
0.26826905727111	0.0281011112	-0.0100449358	287
0.262462141257777	0.0278787576	-0.0100447568	287.3333333
0.256651631388888	0.0276602715	-0.0100453385	287.6666667
0.250836429024443	0.027452239	-0.010045249	288
0.245010715099999	0.0272217154	-0.0100452042	288.3333333
0.23918312045111	0.0269992407	-0.0100462781	288.6666667
0.233350945035554	0.026776277	-0.0100457412	289
0.227520464133332	0.0265488581	-0.0100455174	289.3333333
0.221683484495554	0.0263210893	-0.0100464571	289.6666667
0.215844903453332	0.0260905478	-0.0100449805	290
0.210008668657777	0.0258512665	-0.0100452937	290.3333333
0.204164817868888	0.0256204333	-0.0100460096	290.6666667
0.198320492244443	0.0253840997	-0.0100446673	291
0.19247678111111	0.0251290975	-0.0100464571	291.3333333
0.186627614022221	0.0248917454	-0.0100460096	291.6666667
0.180774154788888	0.0246436973	-0.0100456069	292
0.174920118304443	0.0243877574	-0.0100448463	292.3333333
0.169068577035554	0.024135667	-0.0100457859	292.6666667
0.163216886797777	0.0238771473	-0.0100445778	293
0.157353781879999	0.0236076177	-0.0100450253	293.3333333
0.151493789053487	0.0233396762	-0.0100443988	293.6666667
0.145616094234145	0.0230639103	-0.0100452042	294
0.13976126789487	0.0227738187	-0.0100456069	294.3333333
0.133888901735134	0.0225027502	-0.0100463228	294.6666667
0.127998311234284	0.0222055834	-0.0100458307	295
0.122138287851514	0.0218999504	-0.0100444436	295.3333333
0.116259470432256	0.0215963947	-0.0100458307	295.6666667
0.110361827993102	0.0212880474	-0.0100448463	296
0.104510400803702	0.0209545171	-0.0100435039	296.3333333
0.0986357874799979	0.0206233198	-0.0100456964	296.6666667
0.0927362202739107	0.0202818168	-0.010044712	297
0.0868917158428546	0.0199333822	-0.0100459649	297.3333333
0.0810388227315762	0.0195715237	-0.010044891	297.6666667
0.0751548145764675	0.0192003826	-0.0100457859	298
0.0693586072866631	0.0188173566	-0.0100458754	298.3333333
0.0635458242230729	0.0184245545	-0.0100448463	298.6666667
0.0576615655727225	0.0180267812	-0.0100457412	299
0.0518603120333274	0.0176151579	-0.0100455622	299.3333333
0.0460130017142781	0.0172170122	-0.0100451147	299.6666667
0.0400494510599894	0.0168489579	-0.0100452937	300
0.034363962666649	0.0164159786	-0.0100457412	300.3333333
0.028294164499947	0.0161069718	-0.0100452042	300.6666667
