Calibrated Field (T)	Sample Voltage (V)	Sample Current (A)	Acquisition Time (s)	
Teslas	Volts	Amps	Seconds	
0.028164283	0.0084760168	-0.0050108092	0
0.0265632484	0.0085320048	-0.0050107684	0.2
0.02821296764	0.008611471	-0.0050107839	0.4
0.0303298933857143	0.0086811654	-0.0050107768	0.6
0.0328076185222222	0.0087483743	-0.0050107587	0.8
0.0354776050090909	0.0088340005	-0.0050107706	1
0.0382528894076923	0.0089233551	-0.0050107542	1.2
0.0411102342666667	0.0090184705	-0.0050107547	1.4
0.0440144664176471	0.0091176821	-0.005010764	1.6
0.0469640100578947	0.0092126987	-0.0050107626	1.8
0.0499383775428571	0.0093124711	-0.005010748	2
0.0529517502652174	0.0094110905	-0.0050107409	2.2
0.05599459938	0.0095130389	-0.0050107427	2.4
0.0590551451740741	0.0096071942	-0.0050107307	2.6
0.0621383224310345	0.0097042298	-0.0050107484	2.8
0.0652427377419355	0.0098043252	-0.0050107382	3
0.0683678433333333	0.009898476	-0.005010728	3.2
0.07149905536	0.0099958615	-0.0050107334	3.4
0.0746502627864865	0.0100871678	-0.0050107298	3.6
0.0778208710025641	0.0101794925	-0.005010728	3.8
0.0810089707853659	0.0102748097	-0.0050107196	4
0.0842045019906977	0.0103660891	-0.005010728	4.2
0.0874134100911111	0.010456839	-0.0050107165	4.4
0.0903738158066667	0.0105477504	-0.0050107227	4.6
0.0934757970755555	0.0106361404	-0.0050107263	4.8
0.0966223291155555	0.0107225069	-0.0050107183	5
0.09976744596	0.0108079537	-0.0050107267	5.2
0.102954404217778	0.0108963527	-0.0050107196	5.4
0.106157534824444	0.0109805657	-0.0050107227	5.6
0.10937097216	0.0110636256	-0.0050107267	5.8
0.112593924835556	0.0111469637	-0.0050107316	6
0.115825294206667	0.0112296512	-0.0050107267	6.2
0.119067314797778	0.0113087495	-0.0050107303	6.4
0.122317733464444	0.0113883548	-0.0050107347	6.6
0.125576038131111	0.011468817	-0.0050107374	6.8
0.128843252951111	0.0115478525	-0.0050107245	7
0.132117599617778	0.0116260265	-0.0050107134	7.2
0.135399469173333	0.0117026258	-0.0050107272	7.4
0.1386876047	0.0117825945	-0.0050107076	7.6
0.141983207251111	0.0118560935	-0.0050107094	7.8
0.145287086844444	0.0119311853	-0.0050107263	8
0.148598005177778	0.0120068424	-0.0050107263	8.2
0.151917256413333	0.0120799062	-0.0050107192	8.4
0.155247428875555	0.0121538943	-0.0050107201	8.6
0.158577405815555	0.0122244771	-0.0050107103	8.8
0.161912391808889	0.0122963924	-0.0050107037	9
0.16525492862	0.0123677289	-0.0050107045	9.2
0.168603638297778	0.0124417259	-0.0050107116	9.4
0.171959656722222	0.0125117524	-0.0050106939	9.6
0.175318254157778	0.0125810879	-0.0050107032	9.8
0.17868082718	0.0126530435	-0.0050107085	10
0.182056239388889	0.0127200415	-0.0050107014	10.2
0.18543867172	0.012788399	-0.0050107019	10.4
0.18883013524	0.0128589369	-0.0050106917	10.6
0.192224540882222	0.0129274738	-0.005010705	10.8
0.195626637	0.0129954274	-0.0050106974	11
0.199031945244444	0.0130613352	-0.0050106899	11.2
0.202441545631111	0.0131297106	-0.0050106899	11.4
0.205853333986667	0.0131945819	-0.0050106899	11.6
0.209267589626667	0.0132595296	-0.0050106966	11.8
0.212684061166667	0.0133277524	-0.0050106735	12
0.216103707588889	0.0133919597	-0.0050106877	12.2
0.219525811984444	0.0134595903	-0.0050106957	12.4
0.222949648135555	0.0135234208	-0.0050106943	12.6
0.226375830533333	0.0135893959	-0.0050107019	12.8
0.229803726064444	0.0136504178	-0.0050106961	13
0.233235960291111	0.013713647	-0.0050107001	13.2
0.236670540764444	0.0137798509	-0.0050106974	13.4
0.240107225413333	0.0138426226	-0.0050106961	13.6
0.243549831544444	0.0139064396	-0.0050106864	13.8
0.246989123135555	0.0139682915	-0.0050106864	14
0.250427632642222	0.0140287436	-0.0050106731	14.2
0.253868432533333	0.0140932246	-0.0050106903	14.4
0.25730949312	0.0141550227	-0.0050106797	14.6
0.260748682295555	0.0142192839	-0.0050106908	14.8
0.264188718724444	0.0142789912	-0.0050106731	15
0.267628243077778	0.01434205	-0.0050106846	15.2
0.271067851224444	0.0144023226	-0.0050106726	15.4
0.274507189366666	0.014460168	-0.0050106841	15.6
0.277947467868889	0.0145217866	-0.0050106939	15.8
0.281384981153333	0.0145816554	-0.0050106841	16
0.284820697511111	0.0146421165	-0.0050106753	16.2
0.28825720526	0.014702268	-0.0050106775	16.4
0.291692102291111	0.0147615356	-0.0050106748	16.6
0.295125211704444	0.0148187888	-0.0050106779	16.8
0.29855631936	0.014878016	-0.0050106859	17
0.301986067682222	0.0149371805	-0.0050106668	17.2
0.305412659742222	0.0149964257	-0.0050106753	17.4
0.308835965193333	0.015056299	-0.0050106837	17.6
0.312256579906667	0.015115257	-0.0050106637	17.8
0.315676049428889	0.0151728691	-0.0050106642	18
0.319091552677778	0.0152295794	-0.0050106602	18.2
0.322504504846666	0.0152864198	-0.0050106655	18.4
0.325915166631111	0.0153464277	-0.0050106677	18.6
0.3293251953	0.0154021734	-0.0050106611	18.8
0.332735345006666	0.0154597317	-0.0050106566	19
0.336127814062222	0.0155150735	-0.005010658	19.2
0.339514194046667	0.0155705814	-0.0050106602	19.4
0.342892566997778	0.015629885	-0.0050106518	19.6
0.346268686804444	0.015685496	-0.0050106682	19.8
0.34963887582	0.015741318	-0.0050106686	20
0.353006429962222	0.0157980372	-0.0050106589	20.2
0.356368239522222	0.0158540386	-0.0050106637	20.4
0.35972689282	0.0159092414	-0.0050106491	20.6
0.363082725033333	0.0159635514	-0.005010654	20.8
0.3664343489	0.0160202572	-0.0050106549	21
0.369781308202222	0.0160731629	-0.0050106531	21.2
0.37312246706	0.0161291598	-0.0050106575	21.4
0.37645815134	0.0161831826	-0.0050106518	21.6
0.379790036933333	0.0162378022	-0.0050106424	21.8
0.383120628366667	0.0162902098	-0.0050106464	22
0.386443631737778	0.0163431963	-0.0050106509	22.2
0.389759428777778	0.0163991932	-0.0050106416	22.4
0.39307030056	0.0164529737	-0.0050106447	22.6
0.396374105666666	0.0165091322	-0.0050106424	22.8
0.399672938964444	0.0165609028	-0.0050106349	23
0.40296785254	0.0166155672	-0.0050106442	23.2
0.406258166724444	0.0166670057	-0.0050106385	23.4
0.409543034262222	0.0167189064	-0.0050106331	23.6
0.412821328584444	0.0167721082	-0.0050106495	23.8
0.416095414557777	0.0168238384	-0.0050106269	24
0.419367554635555	0.0168767755	-0.0050106331	24.2
0.422629453155555	0.0169265899	-0.0050106278	24.4
0.425886119171111	0.0169782438	-0.0050106314	24.6
0.429138735117778	0.0170299426	-0.0050106238	24.8
0.432384079557778	0.0170817805	-0.0050106411	25
0.435626779813333	0.0171336273	-0.0050106287	25.2
0.438860942335555	0.0171855953	-0.0050106172	25.4
0.442088745782222	0.0172374421	-0.0050106318	25.6
0.445313672284444	0.0172866598	-0.0050106207	25.8
0.448531867288889	0.0173379683	-0.0050106229	26
0.451744233917778	0.0173893306	-0.0050106247	26.2
0.454950101813333	0.0174408095	-0.0050106203	26.4
0.458148614408889	0.0174926788	-0.0050106234	26.6
0.461344305922222	0.0175406089	-0.0050106265	26.8
0.464532018331111	0.017591186	-0.0050106243	27
0.467713986157778	0.0176408569	-0.0050106136	27.2
0.4708890549	0.0176883831	-0.0050106216	27.4
0.474056367991111	0.0177399742	-0.0050106256	27.6
0.477217256833333	0.0177876216	-0.0050106092	27.8
0.480373481111111	0.0178369291	-0.0050106216	28
0.483522750442222	0.0178836433	-0.0050106269	28.2
0.486667057271111	0.0179332379	-0.0050106247	28.4
0.489805610208889	0.0179792656	-0.0050106243	28.6
0.492936444737777	0.018026581	-0.0050106189	28.8
0.496061888482222	0.0180759244	-0.0050106149	29
0.499183282155555	0.0181246351	-0.0050106061	29.2
0.502302264408888	0.0181730003	-0.0050106087	29.4
0.505410502337777	0.0182188621	-0.0050106087	29.6
0.508513116722222	0.0182667383	-0.0050106061	29.8
0.511609176508888	0.0183169924	-0.0050106025	30
0.514697732031111	0.0183648597	-0.0050106061	30.2
0.517781380915555	0.018414701	-0.0050106052	30.4
0.520858363475555	0.0184612492	-0.005010591	30.6
0.523928782131111	0.0185103099	-0.0050106039	30.8
0.526992999988888	0.0185558621	-0.0050105959	31
0.530049964962222	0.018602998	-0.0050106043	31.2
0.533104174026666	0.0186508294	-0.0050106096	31.4
0.53615213574	0.0186975122	-0.0050106065	31.6
0.539194557704444	0.0187438316	-0.0050105945	31.8
0.542230387828888	0.0187892267	-0.0050105861	32
0.545259840257777	0.0188342495	-0.0050105972	32.2
0.548281965317777	0.0188791017	-0.0050105839	32.4
0.551296474384444	0.018923963	-0.0050105901	32.6
0.554308171677777	0.0189690261	-0.0050105963	32.8
0.557311694346666	0.019012833	-0.005010587	33
0.560309100013333	0.0190568957	-0.0050105852	33.2
0.563299951084444	0.0191001417	-0.0050105985	33.4
0.566284629291111	0.0191447159	-0.0050105928	33.6
0.56926365602	0.0191865711	-0.0050105963	33.8
0.572237096444444	0.0192287718	-0.0050105826	34
0.57520077946	0.019273467	-0.0050106065	34.2
0.578163419697777	0.0193156588	-0.0050106083	34.4
0.581122847811111	0.0193598515	-0.0050105892	34.6
0.58406839396	0.0194010383	-0.0050105906	34.8
0.587007962764444	0.0194452714	-0.0050105994	35
0.589940362477777	0.0194887059	-0.0050105972	35.2
0.592868162802222	0.0195325577	-0.0050105821	35.4
0.595790572344444	0.0195773516	-0.0050105897	35.6
0.598705533482222	0.0196208534	-0.0050105848	35.8
0.601615187631111	0.0196658358	-0.0050105937	36
0.604517775104444	0.0197076058	-0.0050105897	36.2
0.607415344215555	0.0197501251	-0.0050105901	36.4
0.610307829791111	0.0197968303	-0.0050105804	36.6
0.613195185277778	0.0198397354	-0.0050105914	36.8
0.616074682697777	0.0198850094	-0.0050105883	37
0.618949469	0.0199286414	-0.0050105772	37.2
0.621815801364444	0.0199732648	-0.0050105795	37.4
0.624675998104444	0.020014981	-0.0050105826	37.6
0.627528792991111	0.0200592904	-0.0050105719	37.8
0.6303747819	0.0201046182	-0.0050105728	38
0.633213359646666	0.0201472182	-0.0050105728	38.2
0.636046974893333	0.0201907111	-0.005010571	38.4
0.63887321622	0.0202319786	-0.0050105746	38.6
0.641691711204444	0.0202739998	-0.0050105662	38.8
0.644503716766666	0.0203136611	-0.0050105777	39
0.647308469444444	0.0203539281	-0.0050105706	39.2
0.650107747544444	0.0203953571	-0.0050105604	39.4
0.652900163802222	0.0204355613	-0.0050105613	39.6
0.655689526213333	0.0204760482	-0.0050105755	39.8
0.658465537357778	0.0205129502	-0.0050105755	40
0.661236176342222	0.0205514899	-0.0050105799	40.2
0.663999906931111	0.020592874	-0.0050105657	40.4
0.666755025302222	0.020629969	-0.0050105568	40.6
0.669505339451111	0.0206686747	-0.0050105715	40.8
0.672248726584444	0.0207061062	-0.0050105684	41
0.674983436324444	0.0207431922	-0.0050105644	41.2
0.677711172497777	0.020779668	-0.0050105666	41.4
0.680431925791111	0.0208161035	-0.0050105595	41.6
0.683141701997777	0.0208538042	-0.0050105586	41.8
0.685846078111111	0.0208903518	-0.0050105631	42
0.688542800986666	0.0209266975	-0.0050105648	42.2
0.691230958197777	0.0209638419	-0.005010548	42.4
0.693910307668889	0.0210002325	-0.0050105551	42.6
0.69658097044	0.0210370493	-0.0050105613	42.8
0.699243840317777	0.0210735162	-0.0050105542	43
0.701899056957777	0.0211109566	-0.0050105533	43.2
0.704544776884444	0.0211469748	-0.0050105577	43.4
0.707182629433333	0.0211840743	-0.0050105626	43.6
0.70981161838	0.0212207834	-0.0050105608	43.8
0.712432739948888	0.0212578515	-0.0050105489	44
0.715046683117777	0.0212922546	-0.00501056	44.2
0.717651716133333	0.0213291611	-0.0050105453	44.4
0.720245958271111	0.0213668663	-0.0050105542	44.6
0.722834018233333	0.0214031268	-0.0050105564	44.8
0.725415393251111	0.0214398583	-0.0050105369	45
0.727984310813333	0.0214760381	-0.0050105546	45.2
0.730542893713333	0.0215131241	-0.0050105484	45.4
0.733091262988889	0.0215519599	-0.005010552	45.6
0.735629111391111	0.0215882921	-0.0050105427	45.8
0.738157658597778	0.0216257505	-0.0050105338	46
0.740676634606667	0.0216610015	-0.0050105431	46.2
0.743188674288889	0.0216989759	-0.005010544	46.4
0.745690239651111	0.0217341327	-0.0050105422	46.6
0.748182680717778	0.0217704021	-0.00501054	46.8
0.750664265733333	0.0218082105	-0.0050105302	47
0.753136260928889	0.0218453414	-0.0050105342	47.2
0.755596264191111	0.0218823691	-0.00501054	47.4
0.758045262435556	0.0219184366	-0.0050105258	47.6
0.760485313284444	0.0219568776	-0.0050105214	47.8
0.76291368876	0.021990316	-0.0050105298	48
0.765332679244445	0.02202825	-0.0050105338	48.2
0.767738672262222	0.0220664666	-0.0050105333	48.4
0.770134758902222	0.0221018926	-0.0050105338	48.6
0.772519375	0.0221369686	-0.0050105356	48.8
0.774894261617778	0.0221725786	-0.0050105316	49
0.77725837598	0.0222082199	-0.0050105285	49.2
0.779610004953334	0.022241784	-0.0050105289	49.4
0.781949818895556	0.0222761421	-0.0050105271	49.6
0.784276151224445	0.0223097556	-0.0050105285	49.8
0.786593079942222	0.0223438759	-0.0050105271	50
0.788900558497778	0.0223766369	-0.0050105174	50.2
0.791191855393333	0.022409196	-0.0050105223	50.4
0.793471709675556	0.0224408263	-0.0050105205	50.6
0.795741210675555	0.0224747807	-0.0050105298	50.8
0.797998784917778	0.022505083	-0.0050105156	51
0.800244488266667	0.0225367851	-0.0050105125	51.2
0.802478944524444	0.0225670022	-0.0050105183	51.4
0.804702274726667	0.022597816	-0.0050105183	51.6
0.80691296126	0.0226258436	-0.0050105196	51.8
0.809112391393333	0.0226568234	-0.0050105262	52
0.811299475795555	0.0226850664	-0.0050105245	52.2
0.813470806822222	0.0227126409	-0.0050105209	52.4
0.815628358297777	0.0227422478	-0.0050105329	52.6
0.817775752011111	0.0227709125	-0.0050105169	52.8
0.819911405177777	0.0227986799	-0.0050105302	53
0.822036714373333	0.0228249308	-0.0050105183	53.2
0.824148337124444	0.0228518951	-0.0050105276	53.4
0.826250649368889	0.0228786755	-0.0050105196	53.6
0.828339209995555	0.0229041996	-0.0050105187	53.8
0.830415797313333	0.0229318862	-0.0050105276	54
0.832480048211111	0.0229568002	-0.0050105112	54.2
0.834532279244444	0.0229820327	-0.0050105094	54.4
0.836574417688889	0.0230065697	-0.0050105152	54.6
0.838603921777777	0.0230316183	-0.0050105289	54.8
0.840619944253333	0.0230569136	-0.0050105214	55
0.842626162766666	0.023081509	-0.0050105112	55.2
0.844620920046666	0.0231069344	-0.0050105169	55.4
0.846602456406666	0.0231308792	-0.0050105174	55.6
0.848571479448888	0.0231548241	-0.0050105036	55.8
0.850526806737777	0.0231791368	-0.0050105107	56
0.852472385924444	0.0232026509	-0.0050105098	56.2
0.854406634226666	0.0232269547	-0.0050105067	56.4
0.856330473382221	0.0232502625	-0.0050105054	56.6
0.85824147335111	0.0232740817	-0.0050105121	56.8
0.860141663822221	0.0232961063	-0.0050105032	57
0.862029787877777	0.023320585	-0.0050105121	57.2
0.863906711393332	0.0233435742	-0.0050105027	57.4
0.86577410095111	0.0233660654	-0.0050105121	57.6
0.867627459575555	0.0233893507	-0.0050105027	57.8
0.869468993859999	0.0234116804	-0.0050104996	58
0.871299783819999	0.0234344901	-0.0050104939	58.2
0.873117436655555	0.0234556578	-0.0050105103	58.4
0.874926598308888	0.0234788623	-0.0050105005	58.6
0.876724214935555	0.0235003889	-0.0050105054	58.8
0.878507670282221	0.0235223328	-0.0050104965	59
0.880279897159999	0.0235452233	-0.005010489	59.2
0.882041649717777	0.0235663012	-0.0050104934	59.4
0.883794250048888	0.0235887385	-0.0050104979	59.6
0.885533769119999	0.0236101485	-0.0050104939	59.8
0.887261901442222	0.0236309258	-0.0050105085	60
0.88897768803111	0.0236534259	-0.0050104912	60.2
0.890686277599999	0.0236742795	-0.0050104983	60.4
0.892383675942221	0.0236954203	-0.0050104996	60.6
0.894069166146666	0.0237161617	-0.0050104992	60.8
0.895746882077777	0.0237365083	-0.0050105005	61
0.897419421368888	0.023759502	-0.0050105014	61.2
0.899087724377777	0.0237797499	-0.0050104983	61.4
0.900751725935555	0.0238006394	-0.0050104987	61.6
0.902406035255555	0.0238223589	-0.0050104934	61.8
0.904049907497777	0.0238417364	-0.0050105023	62
0.905676015295555	0.0238619574	-0.0050105094	62.2
0.907290820137777	0.0238830488	-0.0050105041	62.4
0.908892869586666	0.0239030813	-0.0050104828	62.6
0.910487498562222	0.0239246617	-0.0050104859	62.8
0.912080693719999	0.0239457172	-0.0050105072	63
0.913669196382222	0.0239645429	-0.0050104961	63.2
0.915247438868888	0.0239854144	-0.0050104987	63.4
0.916806175844444	0.0240056085	-0.0050104987	63.6
0.91835536955111	0.0240257846	-0.0050104934	63.8
0.919900829746666	0.0240464049	-0.0050104908	64
0.921446764775555	0.0240666035	-0.0050104987	64.2
0.922984366902221	0.0240870398	-0.0050104979	64.4
0.924502714904444	0.0241075748	-0.0050104943	64.6
0.926011566188888	0.0241261493	-0.0050104899	64.8
0.927525491697777	0.0241465228	-0.0050104943	65
0.929032313293333	0.0241663983	-0.005010501	65.2
0.930521826657777	0.0241862918	-0.0050104956	65.4
0.931998836013333	0.0242049783	-0.0050104996	65.6
0.933476180546666	0.0242258185	-0.0050104868	65.8
0.934953869566666	0.0242459677	-0.0050104775	66
0.936413691726666	0.0242666463	-0.0050104814	66.2
0.937859892617777	0.0242866744	-0.0050104814	66.4
0.939313690882221	0.0243052174	-0.0050104846	66.6
0.940758439335555	0.0243257345	-0.0050104956	66.8
0.942184538844444	0.0243437032	-0.0050104956	67
0.94361375737111	0.0243644536	-0.005010485	67.2
0.945042305542222	0.0243824178	-0.0050104837	67.4
0.946448126768888	0.0244019434	-0.005010477	67.6
0.947857988755555	0.0244224605	-0.0050104854	67.8
0.949266956933333	0.0244416137	-0.0050104841	68
0.950658272391111	0.0244611796	-0.0050104908	68.2
0.952053088599999	0.0244805616	-0.0050104788	68.4
0.953445390971111	0.0244994591	-0.005010481	68.6
0.954819025777777	0.0245182309	-0.0050104806	68.8
0.956201952468889	0.0245368816	-0.0050104841	69
0.957569768211111	0.0245560348	-0.0050104806	69.2
0.958929130013333	0.0245746899	-0.0050104912	69.4
0.960296284706666	0.0245930445	-0.0050104894	69.6
0.961640889355555	0.0246134943	-0.0050104974	69.8
0.962992942408889	0.0246317412	-0.0050104748	70
0.964324475106666	0.0246493914	-0.0050104881	70.2
0.965649723213333	0.024669581	-0.0050104744	70.4
0.966972857835555	0.0246873343	-0.0050104739	70.6
0.968276924542222	0.0247054332	-0.0050104912	70.8
0.969594835971111	0.0247244338	-0.0050104823	71
0.97089217118	0.0247419404	-0.0050104881	71.2
0.972205279251111	0.0247604745	-0.0050104766	71.4
0.973499598788888	0.0247776715	-0.0050104943	71.6
0.974796281595555	0.0247949852	-0.0050104726	71.8
0.97607388696	0.0248147799	-0.005010485	72
0.977345878366666	0.0248327083	-0.0050104814	72.2
0.978613317059999	0.02485218	-0.0050104837	72.4
0.979885383635555	0.0248672773	-0.0050104837	72.6
0.981148978297777	0.0248873727	-0.0050104806	72.8
0.982408568293333	0.0249041704	-0.0050104735	73
0.983646343526666	0.0249222603	-0.0050104819	73.2
0.984890533588888	0.0249398835	-0.0050104744	73.4
0.986124883288888	0.0249584041	-0.0050104943	73.6
0.987375927066666	0.0249755249	-0.0050104744	73.8
0.988588591653333	0.0249919098	-0.0050104819	74
0.989813370653333	0.0250110271	-0.0050104739	74.2
0.991025067102222	0.0250278563	-0.0050104761	74.4
0.992250273382222	0.0250428998	-0.0050104752	74.6
0.993460024964444	0.0250607698	-0.0050104757	74.8
0.99464811894	0.0250801473	-0.0050104921	75
0.995858539817778	0.0250963438	-0.005010477	75.2
0.997050247671111	0.0251126749	-0.0050104934	75.4
0.99824364882	0.0251299348	-0.0050104828	75.6
0.999417899524444	0.0251465934	-0.005010477	75.8
1.00060301613333	0.0251635123	-0.0050104788	76
1.00178425010222	0.0251795742	-0.0050104872	76.2
1.00293468306	0.0251951875	-0.0050104801	76.4
1.00411082438444	0.0252120481	-0.0050104744	76.6
1.00527032609778	0.0252281997	-0.0050104788	76.8
1.00640876812222	0.0252444321	-0.0050104757	77
1.00757578487556	0.0252613645	-0.0050104744	77.2
1.00871927272889	0.025278243	-0.0050104748	77.4
1.00984258608444	0.0252925731	-0.0050104783	77.6
1.01099654954222	0.0253084421	-0.0050104828	77.8
1.01212469441556	0.0253256571	-0.0050104664	78
1.01324225411333	0.0253389149	-0.0050104757	78.2
1.01437314457778	0.0253563632	-0.0050104699	78.4
1.01548788190667	0.0253706843	-0.0050104712	78.6
1.01659594374	0.0253879128	-0.0050104686	78.8
1.01769540311333	0.0254029383	-0.0050104579	79
1.01881391119111	0.0254174254	-0.0050104788	79.2
1.01990799828222	0.0254326439	-0.0050104726	79.4
1.02098454408	0.0254470144	-0.0050104695	79.6
1.02209055698889	0.025460667	-0.0050104655	79.8
1.02317130256	0.0254769443	-0.0050104726	80
1.0242493	0.0254913283	-0.0050104615	80.2
1.02530682444444	0.0255063359	-0.0050104677	80.4
1.02639102222222	0.0255190463	-0.0050104659	80.6
1.02745926444444	0.0255333226	-0.005010469	80.8
1.02851189333333	0.0255482405	-0.0050104597	81
1.02955764	0.0255630192	-0.0050104828	81.2
1.03061891777778	0.0255762142	-0.0050104735	81.4
1.03167323111111	0.025589988	-0.0050104744	81.6
1.03271278666667	0.0256040848	-0.0050104735	81.8
1.03373752888889	0.0256159743	-0.0050104695	82
1.03478163777778	0.0256295865	-0.0050104655	82.2
1.03581738666667	0.0256437417	-0.0050104655	82.4
1.03685682	0.0256565463	-0.0050104686	82.6
1.03785742888889	0.0256700105	-0.0050104642	82.8
1.03887400666667	0.0256837843	-0.0050104673	83
1.03987404666667	0.0256957949	-0.0050104642	83.2
1.04090113555556	0.0257095328	-0.0050104531	83.4
1.04191022666667	0.025723145	-0.0050104695	83.6
1.04290666444444	0.0257361292	-0.0050104628	83.8
1.04389523555556	0.0257492659	-0.005010469	84
1.04486547555556	0.0257620077	-0.0050104677	84.2
1.04585996666667	0.0257737177	-0.0050104814	84.4
1.04684175111111	0.0257860827	-0.0050104642	84.6
1.04783663333333	0.0257981964	-0.0050104677	84.8
1.04881201111111	0.0258098436	-0.0050104646	85
1.04976176666667	0.0258226438	-0.0050104712	85.2
1.05072358	0.0258335461	-0.0050104655	85.4
1.05167178888889	0.0258462387	-0.0050104699	85.6
1.05262416222222	0.0258551714	-0.0050104748	85.8
1.05359737111111	0.025868667	-0.0050104553	86
1.05454870888889	0.0258803366	-0.0050104513	86.2
1.05550040222222	0.0258937604	-0.0050104659	86.4
1.05645413333333	0.025905282	-0.0050104717	86.6
1.05737173777778	0.025915794	-0.0050104673	86.8
1.05828890666667	0.025925642	-0.0050104624	87
1.05922468666667	0.0259385185	-0.0050104571	87.2
1.06014032	0.0259495914	-0.0050104486	87.4
1.06105492	0.0259605162	-0.0050104619	87.6
1.06199428444444	0.0259712211	-0.0050104504	87.8
1.06292487777778	0.0259814864	-0.0050104557	88
1.06384152444444	0.0259923529	-0.0050104593	88.2
1.06477858888889	0.0260032104	-0.0050104389	88.4
1.06571592444444	0.0260139602	-0.0050104531	88.6
1.06663154	0.0260256657	-0.0050104513	88.8
1.06754017111111	0.0260353567	-0.0050104571	89
1.06845759111111	0.0260467795	-0.0050104531	89.2
1.06936378222222	0.0260572063	-0.0050104566	89.4
1.07024685555556	0.0260661436	-0.005010461	89.6
1.07112656666667	0.0260783381	-0.0050104619	89.8
1.07201420222222	0.0260871407	-0.0050104575	90
1.07289655111111	0.0260975944	-0.0050104593	90.2
1.07375615333333	0.0261068951	-0.0050104539	90.4
1.07461044666667	0.026116972	-0.0050104539	90.6
1.07547783111111	0.0261280448	-0.0050104504	90.8
1.0763441	0.0261378435	-0.0050104513	91
1.07719062888889	0.026147862	-0.0050104477	91.2
1.07802413333333	0.0261563237	-0.0050104495	91.4
1.07886412888889	0.0261676074	-0.0050104415	91.6
1.07971454222222	0.0261764863	-0.0050104553	91.8
1.08056308222222	0.0261860472	-0.005010446	92
1.08140102	0.0261954556	-0.0050104313	92.2
1.08221751333333	0.0262051645	-0.0050104455	92.4
1.08303312444444	0.026214362	-0.0050104526	92.6
1.08385622888889	0.0262218636	-0.0050104553	92.8
1.08468582444444	0.0262341971	-0.0050104482	93
1.08550937555556	0.0262413128	-0.0050104517	93.2
1.08631998666667	0.026250129	-0.0050104482	93.4
1.08711368	0.0262618479	-0.0050104539	93.6
1.08790676	0.0262693808	-0.0050104566	93.8
1.08870824444444	0.0262791212	-0.005010446	94
1.08951685111111	0.0262865106	-0.0050104579	94.2
1.09033070222222	0.0262969553	-0.0050104575	94.4
1.09113823111111	0.0263054215	-0.0050104464	94.6
1.09193708	0.0263132595	-0.0050104473	94.8
1.09272084666667	0.0263219186	-0.0050104473	95
1.09350000444444	0.0263308559	-0.0050104539	95.2
1.09429139555556	0.0263399457	-0.0050104593	95.4
1.09508506	0.0263483939	-0.0050104628	95.6
1.09588943333333	0.0263571248	-0.0050104531	95.8
1.09669454888889	0.0263650615	-0.005010461	96
1.09748905111111	0.0263746179	-0.0050104571	96.2
1.09827716666667	0.0263818548	-0.005010442	96.4
1.09905004888889	0.0263904869	-0.0050104464	96.6
1.09980445111111	0.0263995453	-0.0050104504	96.8
1.10054125777778	0.026407177	-0.0050104531	97
1.10126298	0.0264151451	-0.0050104517	97.2
1.10197469333333	0.0264230909	-0.0050104531	97.4
1.10268329777778	0.0264311039	-0.0050104482	97.6
1.10339073777778	0.0264403103	-0.0050104486	97.8
1.10410733777778	0.0264471434	-0.0050104473	98
1.10483302666667	0.0264558069	-0.0050104562	98.2
1.10557023111111	0.0264638334	-0.0050104491	98.4
1.10631085555556	0.0264726765	-0.0050104495	98.6
1.1070474	0.0264795678	-0.0050104548	98.8
1.10777360888889	0.0264873969	-0.0050104508	99
1.10848833777778	0.0264960964	-0.0050104566	99.2
1.10919340222222	0.0265026468	-0.0050104446	99.4
1.1098959	0.0265125172	-0.0050104437	99.6
1.11059921555556	0.0265191933	-0.0050104402	99.8
1.11130819111111	0.0265270672	-0.0050104375	100
1.11202643333333	0.0265336221	-0.0050104344	100.2
1.11275046444444	0.0265413749	-0.0050104304	100.4
1.11346557555555	0.0265494372	-0.0050104495	100.6
1.11416742888889	0.0265579662	-0.0050104424	100.8
1.11485626666667	0.0265644628	-0.0050104327	101
1.11553358666667	0.0265716413	-0.0050104433	101.2
1.11621306888889	0.0265789589	-0.0050104335	101.4
1.11689873111111	0.0265867969	-0.0050104473	101.6
1.11759908666667	0.0265930557	-0.0050104508	101.8
1.11829937555556	0.0266015757	-0.0050104442	102
1.11898404222222	0.0266082742	-0.0050104367	102.2
1.11964969555555	0.0266146451	-0.005010442	102.4
1.12031041555555	0.0266229901	-0.0050104491	102.6
1.12097459777778	0.0266298456	-0.0050104477	102.8
1.12165300888889	0.0266379708	-0.005010446	103
1.12233629777778	0.0266451	-0.0050104402	103.2
1.12300348666667	0.026652099	-0.0050104469	103.4
1.12364688888889	0.0266592372	-0.0050104469	103.6
1.12427694	0.0266660164	-0.0050104491	103.8
1.12491614444444	0.02667267	-0.0050104517	104
1.12556768444444	0.0266789422	-0.0050104424	104.2
1.12621110666667	0.0266872334	-0.0050104375	104.4
1.12683666	0.0266936851	-0.0050104335	104.6
1.12743943111111	0.0267008681	-0.0050104535	104.8
1.12804157111111	0.026707903	-0.0050104455	105
1.12865783333333	0.0267140721	-0.005010446	105.2
1.12928904888889	0.0267211294	-0.0050104451	105.4
1.12991354222222	0.0267284784	-0.0050104402	105.6
1.13051920888889	0.0267361415	-0.005010434	105.8
1.13113226888889	0.0267431316	-0.0050104353	106
1.13176509555555	0.0267505075	-0.0050104309	106.2
1.13241402	0.0267560439	-0.0050104531	106.4
1.13305021555555	0.0267627379	-0.0050104322	106.6
1.13365831111111	0.026770069	-0.0050104344	106.8
1.13425537555555	0.0267762739	-0.0050104358	107
1.13486551333333	0.0267831518	-0.0050104344	107.2
1.13547504444444	0.0267893702	-0.0050104375	107.4
1.13606179111111	0.026794301	-0.0050104455	107.6
1.13663270222222	0.0268025114	-0.0050104446	107.8
1.13722298	0.0268095598	-0.0050104429	108
1.13784168222222	0.0268154058	-0.0050104415	108.2
1.13846403333333	0.0268224946	-0.0050104402	108.4
1.13906431777778	0.0268299602	-0.0050104318	108.6
1.13965102888889	0.0268347564	-0.0050104358	108.8
1.14024897777778	0.0268405351	-0.0050104389	109
1.14084692444444	0.0268477046	-0.0050104508	109.2
1.14141560888889	0.0268531603	-0.0050104375	109.4
1.14197009555556	0.026860774	-0.0050104309	109.6
1.14254484222222	0.0268667995	-0.0050104393	109.8
1.14315115333333	0.0268735563	-0.0050104384	110
1.14375082444444	0.0268782717	-0.0050104406	110.2
1.14432312222222	0.0268843196	-0.0050104349	110.4
1.14489790666667	0.0268905828	-0.0050104469	110.6
1.14547731777778	0.0268978466	-0.0050104331	110.8
1.14603125555556	0.0269045091	-0.0050104495	111
1.14658186888889	0.0269104628	-0.0050104411	111.2
1.14716505111111	0.0269162774	-0.0050104251	111.4
1.14776690888889	0.0269232765	-0.0050104353	111.6
1.14833142444444	0.0269280637	-0.0050104349	111.8
1.14887017555555	0.0269353543	-0.0050104318	112
1.14942080888889	0.0269397422	-0.0050104433	112.2
1.14998834222222	0.0269470553	-0.0050104287	112.4
1.15054696222222	0.0269529148	-0.0050104362	112.6
1.15111192444444	0.0269593126	-0.0050104256	112.8
1.15168809555555	0.0269648087	-0.0050104362	113
1.15224024666667	0.0269702419	-0.0050104296	113.2
1.15276121555555	0.0269779633	-0.0050104411	113.4
1.15330698	0.0269822166	-0.0050104335	113.6
1.15389248888889	0.0269903014	-0.0050104225	113.8
1.15444750666667	0.0269964659	-0.0050104393	114
1.15497605555555	0.0270015268	-0.0050104309	114.2
1.15551769333333	0.0270085528	-0.005010426	114.4
1.15606119333333	0.0270143584	-0.0050104455	114.6
1.15660391333333	0.0270199083	-0.005010446	114.8
1.15716010444444	0.0270253326	-0.0050104384	115
1.15771876222222	0.0270331168	-0.0050104371	115.2
1.15822858666667	0.0270378052	-0.0050104238	115.4
1.15874964	0.0270438262	-0.0050104327	115.6
1.15932283333333	0.0270496812	-0.0050104313	115.8
1.15986973333333	0.0270555272	-0.0050104513	116
1.16038279777778	0.0270630153	-0.0050104508	116.2
1.16091289333333	0.0270690138	-0.0050104384	116.4
1.16145015555555	0.0270729306	-0.0050104335	116.6
1.16197998888889	0.0270777357	-0.0050104162	116.8
1.16252147777778	0.0270840125	-0.0050104318	117
1.16305199111111	0.0270904731	-0.0050104278	117.2
1.16354955555555	0.0270965255	-0.0050104349	117.4
1.16408294444444	0.0271025061	-0.0050104353	117.6
1.16464285111111	0.0271081727	-0.0050104349	117.8
1.16514795555555	0.0271143372	-0.0050104389	118
1.16564188888889	0.0271203358	-0.0050104318	118.2
1.16618420888889	0.0271244051	-0.0050104349	118.4
1.16671295333333	0.0271309869	-0.0050104344	118.6
1.16722511555555	0.0271370123	-0.0050104247	118.8
1.16774478	0.0271431141	-0.0050104318	119
1.16824788222222	0.0271497632	-0.0050104313	119.2
1.16876453111111	0.0271543126	-0.0050104318	119.4
1.16930073111111	0.0271608675	-0.0050104389	119.6
1.16978694444444	0.0271649816	-0.0050104553	119.8
1.17028673333333	0.027171864	-0.0050104353	120
1.17083488888889	0.0271762968	-0.0050104278	120.2
1.17133076666667	0.0271835336	-0.0050104331	120.4
1.17180815333333	0.0271892809	-0.0050104318	120.6
1.17234169111111	0.0271930945	-0.0050104335	120.8
1.17284904888889	0.0272000397	-0.0050104216	121
1.17334032666667	0.0272048	-0.0050104362	121.2
1.17384600666667	0.0272118933	-0.005010434	121.4
1.17434100888889	0.0272170304	-0.0050104318	121.6
1.17485140222222	0.0272238006	-0.0050104398	121.8
1.17535305333333	0.0272282423	-0.0050104304	122
1.17582535555555	0.0272337832	-0.0050104429	122.2
1.17634689333333	0.0272389518	-0.0050104282	122.4
1.17685518	0.0272445959	-0.005010438	122.6
1.17731610666667	0.0272501682	-0.0050104367	122.8
1.17783581777778	0.0272558213	-0.0050104367	123
1.17833856666667	0.0272601284	-0.0050104393	123.2
1.17880347777778	0.0272662122	-0.00501043	123.4
1.17930830444444	0.027272121	-0.0050104309	123.6
1.17979790666667	0.0272782183	-0.0050104384	123.8
1.18028979777778	0.0272821036	-0.0050104278	124
1.18076963333333	0.0272888335	-0.0050104291	124.2
1.18125065111111	0.0272934008	-0.0050104344	124.4
1.18176094	0.0272991571	-0.0050104398	124.6
1.18221548666667	0.0273051108	-0.0050104287	124.8
1.18269326444444	0.0273107055	-0.0050104238	125
1.18320913111111	0.0273163227	-0.00501043	125.2
1.18365876222222	0.0273201049	-0.0050104282	125.4
1.18414715555556	0.0273257625	-0.0050104304	125.6
1.18464104222222	0.0273318149	-0.0050104344	125.8
1.18510105555556	0.0273365482	-0.005010418	126
1.18558033111111	0.027342309	-0.0050104247	126.2
1.18605455111111	0.0273475134	-0.0050104304	126.4
1.18654400444444	0.0273534043	-0.0050104429	126.6
1.18699863555555	0.0273587567	-0.0050104406	126.8
1.18747214888889	0.027363674	-0.0050104092	127
1.18797364	0.0273690804	-0.0050104389	127.2
1.18840528444444	0.0273732215	-0.0050104194	127.4
1.18889315555555	0.0273794578	-0.0050104185	127.6
1.18936964888889	0.0273854878	-0.0050104313	127.8
1.18980691777778	0.0273901628	-0.005010434	128
1.19030081333333	0.0273943218	-0.0050104202	128.2
1.19076415111111	0.0274009709	-0.0050104313	128.4
1.19122109333333	0.0274058433	-0.0050104296	128.6
1.19168007333333	0.0274108952	-0.0050104256	128.8
1.19215137111111	0.0274158708	-0.005010414	129
1.19260578888889	0.0274213175	-0.0050104247	129.2
1.19306112888889	0.0274272981	-0.0050104344	129.4
1.19355414	0.0274316366	-0.005010426	129.6
1.19397650222222	0.0274355893	-0.0050104202	129.8
1.19445235333333	0.0274402554	-0.0050104185	130
1.19492288666667	0.0274465007	-0.0050104211	130.2
1.19534931777778	0.0274524588	-0.0050104335	130.4
1.19583970222222	0.0274575287	-0.0050104185	130.6
1.19627764888889	0.0274623203	-0.0050104313	130.8
1.19673209333333	0.0274673857	-0.0050104242	131
1.19718882222222	0.0274730253	-0.0050104269	131.2
1.19763343555555	0.0274776285	-0.0050104251	131.4
1.19808647555555	0.0274829092	-0.005010414	131.6
1.19853803555555	0.0274878085	-0.005010414	131.8
1.19898971555555	0.0274913978	-0.0050104238	132
1.19942518444444	0.0274972842	-0.0050104322	132.2
1.19990018888889	0.0275009901	-0.0050104207	132.4
1.20031991555555	0.0275071681	-0.0050104304	132.6
1.20077633555556	0.0275126462	-0.0050104185	132.8
1.20123160222222	0.0275173167	-0.0050104304	133
1.20164761555555	0.0275214354	-0.0050104176	133.2
1.20212838222222	0.0275263796	-0.0050104145	133.4
1.20253849333333	0.0275313014	-0.005010414	133.6
1.20298909555555	0.0275362905	-0.0050104092	133.8
1.20343401555555	0.0275415442	-0.0050104225	134
1.20384454444444	0.0275478882	-0.0050104229	134.2
1.20431868222222	0.0275516973	-0.0050104176	134.4
1.20472424666667	0.0275554526	-0.005010426	134.6
1.20518512444444	0.0275608365	-0.00501041	134.8
1.20561725333333	0.0275662697	-0.0050104189	135
1.20604129111111	0.0275716402	-0.005010418	135.2
1.20649082222222	0.0275756108	-0.0050104083	135.4
1.20690774666667	0.0275817664	-0.0050104207	135.6
1.20735390666667	0.0275863606	-0.0050104167	135.8
1.20778182666667	0.0275915247	-0.0050104145	136
1.20821438444444	0.0275962042	-0.0050104242	136.2
1.20864173555556	0.0276000806	-0.0050104367	136.4
1.20906744888889	0.027605442	-0.0050104198	136.6
1.20947267777778	0.0276099286	-0.0050104216	136.8
1.20987548666667	0.0276157432	-0.0050104233	137
1.21025664	0.0276207233	-0.0050104211	137.2
1.21063731777778	0.0276255463	-0.0050104256	137.4
1.21101687777778	0.0276310873	-0.0050104287	137.6
1.21136686888889	0.0276332857	-0.0050104211	137.8
1.21173872	0.0276403475	-0.0050104189	138
1.21205136666667	0.0276442912	-0.0050104349	138.2
1.21239950444444	0.027648724	-0.0050104233	138.4
1.21269972222222	0.0276528382	-0.0050104265	138.6
1.21301238666667	0.0276578856	-0.0050104198	138.8
1.21332622444444	0.0276633368	-0.0050104335	139
1.21358995555555	0.0276685771	-0.0050104154	139.2
1.21390151333333	0.027673795	-0.0050104229	139.4
1.21413691111111	0.0276794256	-0.00501041	139.6
1.21442428888889	0.0276830193	-0.0050104167	139.8
1.21465072	0.0276882866	-0.0050104038	140
1.21490008222222	0.0276925443	-0.0050104092	140.2
1.21514617777778	0.027696488	-0.0050104282	140.4
1.21534344	0.0276990903	-0.0050104256	140.6
1.21558942222222	0.0276997857	-0.0050104154	140.8
1.21575161333333	0.0276994716	-0.0050104167	141
1.21597902444444	0.0277004587	-0.0050104127	141.2
1.21613018888889	0.0277003779	-0.0050104109	141.4
1.21631459333333	0.0277016117	-0.0050104176	141.6
1.21648532888889	0.02770084	-0.005010406	141.8
1.21661074888889	0.0277010733	-0.0050104225	142
1.21678796444444	0.0277013829	-0.0050104105	142.2
1.21688160888889	0.0277018136	-0.0050104118	142.4
1.21704327555555	0.0277006022	-0.0050103998	142.6
1.21713797111111	0.0276988121	-0.0050104127	142.8
1.21726241555555	0.0276992697	-0.0050104136	143
1.21735792222222	0.0276975603	-0.0050104171	143.2
1.21742639111111	0.0276994985	-0.0050104074	143.4
1.21752334222222	0.0276992338	-0.0050104162	143.6
1.21755374222222	0.0276975334	-0.0050104176	143.8
1.21764344	0.0276976949	-0.0050104158	144
1.21766553333333	0.027697668	-0.0050104194	144.2
1.21772841555555	0.0276977936	-0.0050104109	144.4
1.21774263333333	0.0276975648	-0.0050104216	144.6
1.21775989333333	0.0276986102	-0.0050104269	144.8
1.21777804888889	0.0276968604	-0.0050104251	145
1.21775297555555	0.0276976545	-0.0050104136	145.2
1.21777219333333	0.0276973091	-0.0050104127	145.4
1.21773245555555	0.0276957388	-0.005010422	145.6
1.21771801555555	0.0276962503	-0.0050104176	145.8
1.21769652666667	0.0276959317	-0.0050104189	146
1.21769736444444	0.0276975917	-0.0050104149	146.2
1.21768895777778	0.0276964432	-0.0050104114	146.4
1.21767097111111	0.0276964252	-0.0050104096	146.6
1.21767628666667	0.0276963759	-0.0050104185	146.8
1.21764559111111	0.0276963445	-0.0050104247	147
1.21765794666667	0.0276949357	-0.0050104202	147.2
1.21763276222222	0.0276973001	-0.0050104189	147.4
1.21764277111111	0.0276984262	-0.0050104247	147.6
1.21762940222222	0.0276961067	-0.0050104251	147.8
1.21762256888889	0.0276959407	-0.0050104233	148
1.21761710222222	0.0276963445	-0.0050104154	148.2
1.21759262444444	0.0276962278	-0.0050104145	148.4
1.21759866666667	0.027695501	-0.0050103985	148.6
1.21757576444444	0.0276962233	-0.0050104083	148.8
1.21758325111111	0.0276965419	-0.0050104242	149
1.21756732	0.0276963714	-0.005010414	149.2
1.21756349333333	0.0276955638	-0.0050104083	149.4
1.21755004888889	0.027694985	-0.0050104229	149.6
1.21753919333333	0.0276952273	-0.0050104078	149.8
1.21753024444444	0.0276968784	-0.0050104238	150
1.21751556	0.0276947966	-0.0050104238	150.2
1.21751474	0.0276957433	-0.0050104198	150.4
1.21749390222222	0.0276965464	-0.005010422	150.6
1.21749371555555	0.0276960708	-0.0050104149	150.8
1.21748381111111	0.027696174	-0.00501043	151
1.21747804888889	0.0276962906	-0.005010422	151.2
1.21746898222222	0.0276959407	-0.0050104247	151.4
1.21746040666667	0.0276949177	-0.0050104162	151.6
1.21745272666667	0.027695335	-0.0050104069	151.8
1.21744025111111	0.027695151	-0.0050104162	152
1.21743699111111	0.0276958285	-0.0050104109	152.2
1.21742270888889	0.0276941326	-0.0050104145	152.4
1.21742223333333	0.0276948998	-0.0050104114	152.6
1.21741050222222	0.0276936166	-0.0050103981	152.8
1.21740712222222	0.0276923828	-0.0050104034	153
1.21739742222222	0.0276927328	-0.0050104131	153.2
1.21739010444444	0.027692338	-0.0050104167	153.4
1.21738290666667	0.0276936032	-0.00501041	153.6
1.2173722	0.0276937647	-0.005010406	153.8
1.21736331777778	0.0276918714	-0.0050103998	154
1.21735515111111	0.0276930827	-0.0050104043	154.2
1.21734759111111	0.0276930558	-0.0050104043	154.4
1.21733977111111	0.027693325	-0.00501041	154.6
1.21736517111111	0.0276934596	-0.0050104149	154.8
1.21735634666667	0.0276941954	-0.0050104052	155
1.21734737111111	0.0276927507	-0.0050104105	155.2
1.21733911333333	0.027692643	-0.0050104251	155.4
1.21732552888889	0.0276911535	-0.0050104065	155.6
1.21732103333333	0.0276923514	-0.0050104149	155.8
1.21731172222222	0.0276937198	-0.0050104171	156
1.21730610888889	0.027695667	-0.0050104216	156.2
1.21725394222222	0.0276939397	-0.0050104233	156.4
1.21720641111111	0.0276937243	-0.0050104162	156.6
1.21714620888889	0.0276922617	-0.0050104149	156.8
1.21707485333333	0.027692486	-0.005010418	157
1.21700138444444	0.0276918085	-0.0050104074	157.2
1.21691198444444	0.0276918803	-0.0050104158	157.4
1.21682296666667	0.027690808	-0.0050104131	157.6
1.21671041111111	0.0276914945	-0.0050104207	157.8
1.21660843333333	0.0276904536	-0.0050104092	158
1.21647922222222	0.0276912208	-0.0050104287	158.2
1.21634392222222	0.0276924905	-0.0050104083	158.4
1.21621168444444	0.0276916291	-0.0050104189	158.6
1.21604127555555	0.0276922168	-0.0050104176	158.8
1.21590956	0.0276914137	-0.0050104109	159
1.21571505555555	0.0276923424	-0.0050104114	159.2
1.21556903111111	0.0276923066	-0.0050104118	159.4
1.21537122888889	0.0276938006	-0.0050104069	159.6
1.21518091333333	0.0276926386	-0.0050104105	159.8
1.21498169555555	0.0276933519	-0.0050104105	160
1.21474245111111	0.0276899825	-0.0050104052	160.2
1.21455361555555	0.0276903549	-0.0050104149	160.4
1.21428308	0.0276698064	-0.0050104229	160.6
1.21408038	0.0276676169	-0.0050104065	160.8
1.21381047777778	0.0276643687	-0.0050104136	161
1.21355578888889	0.0276588143	-0.0050104158	161.2
1.21330689111111	0.0276547809	-0.0050104229	161.4
1.21300376888889	0.0276491726	-0.0050104211	161.6
1.21275661111111	0.0276457808	-0.0050104198	161.8
1.21242076222222	0.0276403027	-0.0050104189	162
1.21213844888889	0.0276353271	-0.0050104145	162.2
1.21180418222222	0.0276308854	-0.0050104162	162.4
1.21148510222222	0.0276259232	-0.005010418	162.6
1.21116490444444	0.0276235992	-0.0050104131	162.8
1.21081294888889	0.0276178608	-0.0050104225	163
1.21047649555555	0.0276118892	-0.0050104123	163.2
1.21010831111111	0.0276073623	-0.0050104189	163.4
1.20974016444444	0.0276016733	-0.00501041	163.6
1.20936325555555	0.0275992146	-0.0050104149	163.8
1.20897477333333	0.0275938173	-0.005010418	164
1.20856382666667	0.0275883168	-0.0050104154	164.2
1.20817647111111	0.0275838212	-0.0050104087	164.4
1.2077371	0.0275783207	-0.0050104176	164.6
1.20733389777778	0.0275743231	-0.0050104202	164.8
1.20688624888889	0.0275691232	-0.0050104158	165
1.20642489333333	0.0275642553	-0.0050104238	165.2
1.20604269777778	0.0275607647	-0.0050104167	165.4
1.20557590666667	0.0275564262	-0.005010406	165.6
1.20518687777778	0.0275517826	-0.0050104123	165.8
1.20474057777778	0.027546816	-0.0050104123	166
1.20431177333333	0.0275411674	-0.0050104198	166.2
1.20390545333333	0.0275366673	-0.0050104171	166.4
1.20345860666667	0.0275318398	-0.0050104247	166.6
1.20303771555556	0.0275278243	-0.0050104291	166.8
1.20260247777778	0.0275213591	-0.0050104056	167
1.20217169111111	0.027517061	-0.0050104145	167.2
1.20172651777778	0.0275113631	-0.0050104154	167.4
1.20131466888889	0.027507859	-0.0050104034	167.6
1.20086776444444	0.0275039109	-0.0050104154	167.8
1.20043950888889	0.0274976386	-0.0050104225	168
1.20002264	0.0274909267	-0.0050104318	168.2
1.19954901333333	0.0274870413	-0.0050104238	168.4
1.19915222888889	0.0274826176	-0.0050104225	168.6
1.19868837111111	0.0274785393	-0.0050104211	168.8
1.19824951111111	0.0274726843	-0.0050104278	169
1.19783929111111	0.0274676459	-0.0050104269	169.2
1.19737338222222	0.0274633522	-0.0050104136	169.4
1.19694775333333	0.0274571114	-0.0050104282	169.6
1.19650149111111	0.0274537151	-0.0050104211	169.8
1.19605276222222	0.0274470794	-0.0050104123	170
1.19561335333333	0.0274439029	-0.0050104167	170.2
1.19516650444444	0.0274384428	-0.0050104131	170.4
1.19471818666667	0.027433023	-0.0050104251	170.6
1.19425774444444	0.0274269527	-0.005010414	170.8
1.19383852	0.0274233858	-0.0050104211	171
1.19336846	0.0274171001	-0.0050104296	171.2
1.19292484222222	0.0274131789	-0.0050104083	171.4
1.19249706222222	0.0274070457	-0.0050104109	171.6
1.19200454666667	0.0274027925	-0.0050104162	171.8
1.19158072444444	0.0273977092	-0.0050104229	172
1.19112485333333	0.0273938507	-0.0050104189	172.2
1.19065165555555	0.0273889514	-0.0050104225	172.4
1.19021545777778	0.0273825087	-0.0050104185	172.6
1.18974309777778	0.0273782689	-0.0050104211	172.8
1.18928596222222	0.0273721088	-0.0050104162	173
1.18882646	0.0273682414	-0.0050104167	173.2
1.18837640888889	0.0273618076	-0.0050104304	173.4
1.18791432666667	0.0273569397	-0.00501043	173.6
1.18743679111111	0.0273516545	-0.0050104198	173.8
1.18700229777778	0.0273461899	-0.0050104123	174
1.18652431555555	0.0273410617	-0.0050104309	174.2
1.18604580222222	0.0273369879	-0.0050104287	174.4
1.18561799333333	0.0273313079	-0.0050104211	174.6
1.18512051333333	0.0273262784	-0.0050104202	174.8
1.18464792222222	0.0273210785	-0.0050104233	175
1.18421581333333	0.0273168477	-0.0050104154	175.2
1.18371161333333	0.0273106338	-0.005010434	175.4
1.18324579777778	0.0273062594	-0.0050104189	175.6
1.18280075555555	0.0273013196	-0.0050104287	175.8
1.18231056666667	0.0272943385	-0.0050104331	176
1.18184082444444	0.0272907896	-0.0050104131	176.2
1.18137561555555	0.0272842123	-0.0050104269	176.4
1.18090260444444	0.0272794476	-0.0050104242	176.6
1.18042519777778	0.0272739471	-0.0050104216	176.8
1.17993606222222	0.0272689266	-0.005010418	177
1.17947362888889	0.02726243	-0.0050104265	177.2
1.17899478	0.0272581543	-0.0050104056	177.4
1.17848398666667	0.0272529185	-0.0050104313	177.6
1.17803171777778	0.0272470321	-0.0050104171	177.8
1.17755729111111	0.0272414687	-0.0050104247	178
1.17703414222222	0.0272369687	-0.0050104118	178.2
1.17657258444444	0.0272324193	-0.0050104278	178.4
1.17610286888889	0.0272263894	-0.0050104216	178.6
1.17558269111111	0.0272199242	-0.0050104158	178.8
1.17510529555555	0.0272146076	-0.0050104251	179
1.17463460444444	0.0272086405	-0.0050104007	179.2
1.17412983555555	0.0272035168	-0.0050104194	179.4
1.17363847333333	0.0271982496	-0.0050104371	179.6
1.17314545555555	0.0271925337	-0.0050104189	179.8
1.17265789333333	0.0271868402	-0.0050104256	180
1.17216583333333	0.0271806712	-0.0050104269	180.2
1.17164562888889	0.0271759917	-0.0050104304	180.4
1.17115633333333	0.0271710565	-0.0050104154	180.6
1.17068379777778	0.0271664173	-0.0050104296	180.8
1.17015638444444	0.0271595529	-0.0050104229	181
1.16964095555555	0.02715368	-0.0050104265	181.2
1.16917678888889	0.0271478654	-0.00501043	181.4
1.16866842444444	0.0271435134	-0.0050104389	181.6
1.16813828444444	0.0271378693	-0.0050104238	181.8
1.16764698666667	0.0271338583	-0.0050104078	182
1.16715142666667	0.0271278642	-0.0050104327	182.2
1.16663333555555	0.0271222336	-0.0050104353	182.4
1.1661207	0.0271158492	-0.005010434	182.6
1.16559772888889	0.0271096218	-0.0050104331	182.8
1.16509221555555	0.0271042873	-0.0050104335	183
1.16460010888889	0.0270994508	-0.0050104238	183.2
1.16406626222222	0.0270937618	-0.0050104242	183.4
1.16352397111111	0.027087669	-0.0050104349	183.6
1.16304013111111	0.0270811007	-0.005010426	183.8
1.16254032444444	0.0270759411	-0.0050104207	184
1.16198454222222	0.0270710418	-0.0050104287	184.2
1.16146231555555	0.0270653483	-0.0050104367	184.4
1.16095753777778	0.027058605	-0.0050104371	184.6
1.16043043333333	0.0270536159	-0.0050104233	184.8
1.15990484444444	0.0270464868	-0.0050104424	185
1.15937587555555	0.0270414618	-0.0050104318	185.2
1.15882403333333	0.0270345839	-0.0050104367	185.4
1.15829953555555	0.0270302947	-0.0050104358	185.6
1.15779457111111	0.0270240584	-0.0050104216	185.8
1.15724202	0.0270174631	-0.0050104247	186
1.15667577333333	0.0270134207	-0.0050104495	186.2
1.15616073555555	0.0270053942	-0.0050104238	186.4
1.15565140444444	0.0269989291	-0.0050104291	186.6
1.15509692666667	0.0269941913	-0.0050104393	186.8
1.15453971111111	0.026986914	-0.0050104233	187
1.15400478666667	0.0269809962	-0.0050104296	187.2
1.15346240222222	0.0269755316	-0.0050104282	187.4
1.15291739333333	0.0269706682	-0.005010434	187.6
1.15237925555555	0.0269655983	-0.0050104367	187.8
1.15181726444444	0.0269579263	-0.0050104384	188
1.15123504888889	0.0269506535	-0.0050104389	188.2
1.15070368	0.026945503	-0.0050104225	188.4
1.15017939555555	0.0269394012	-0.0050104429	188.6
1.14960226444444	0.0269343404	-0.0050104424	188.8
1.14901190444444	0.026928297	-0.0050104433	189
1.14846583333333	0.0269210197	-0.0050104371	189.2
1.14794044	0.0269156762	-0.0050104389	189.4
1.14736999555555	0.0269086144	-0.0050104406	189.6
1.14678841333333	0.0269029388	-0.0050104362	189.8
1.14622343333333	0.0268970211	-0.0050104415	190
1.14565451555555	0.026889681	-0.0050104358	190.2
1.14507745111111	0.0268847772	-0.0050104375	190.4
1.14452217333333	0.0268774461	-0.0050104473	190.6
1.1439663	0.0268715194	-0.0050104362	190.8
1.14338052	0.0268648748	-0.0050104353	191
1.14277009333333	0.0268592755	-0.0050104398	191.2
1.14218397777778	0.0268525232	-0.0050104362	191.4
1.14163891333333	0.0268457395	-0.0050104216	191.6
1.14107618666667	0.0268414189	-0.0050104331	191.8
1.14046894444444	0.0268342315	-0.0050104411	192
1.13986478666667	0.0268292693	-0.0050104362	192.2
1.13928141777778	0.0268213864	-0.0050104216	192.4
1.13870127111111	0.0268168639	-0.0050104384	192.6
1.13810626444444	0.02681017	-0.0050104335	192.8
1.13752048444444	0.0268019595	-0.005010442	193
1.13694403333333	0.0267981325	-0.0050104411	193.2
1.13634547111111	0.0267907431	-0.0050104367	193.4
1.13572187111111	0.0267858079	-0.0050104287	193.6
1.13509264	0.0267781762	-0.0050104349	193.8
1.13449815555555	0.0267717784	-0.0050104287	194
1.13392837111111	0.0267656901	-0.0050104335	194.2
1.13334745111111	0.026758682	-0.0050104411	194.4
1.13272255777778	0.0267527104	-0.00501043	194.6
1.13208808444444	0.0267449217	-0.00501043	194.8
1.13147620666667	0.0267380034	-0.0050104424	195
1.13086488666667	0.0267331983	-0.0050104313	195.2
1.13025035555555	0.0267252616	-0.0050104402	195.4
1.12963358888889	0.0267187336	-0.0050104349	195.6
1.12904148888889	0.0267121832	-0.005010438	195.8
1.12846504	0.026704906	-0.0050104358	196
1.12786465111111	0.0266982075	-0.005010438	196.2
1.12722700222222	0.0266896965	-0.0050104384	196.4
1.12658407555555	0.0266845549	-0.0050104309	196.6
1.12596223777778	0.0266771117	-0.0050104229	196.8
1.12535770444444	0.0266694755	-0.0050104304	197
1.12474817333333	0.0266623553	-0.0050104304	197.2
1.12411957555555	0.0266566574	-0.005010434	197.4
1.12350378888889	0.0266499006	-0.0050104313	197.6
1.12290931333333	0.026642399	-0.0050104433	197.8
1.12231318888889	0.0266349065	-0.0050104265	198
1.12168567111111	0.0266284727	-0.0050104442	198.2
1.12102401111111	0.0266208545	-0.0050104322	198.4
1.12036545111111	0.0266126845	-0.0050104424	198.6
1.11972528888889	0.0266062238	-0.005010442	198.8
1.11909174666667	0.0265999112	-0.0050104375	199
1.11844638888889	0.0265927955	-0.0050104411	199.2
1.11778849111111	0.0265852042	-0.00501045	199.4
1.11712712888889	0.0265779135	-0.0050104273	199.6
1.11648754222222	0.0265717804	-0.0050104429	199.8
1.11586856222222	0.0265636103	-0.005010446	200
1.11524823111111	0.0265575176	-0.0050104526	200.2
1.11461712666667	0.0265503032	-0.0050104482	200.4
1.11396307333333	0.026539836	-0.005010426	200.6
1.11330529555555	0.0265329401	-0.0050104526	200.8
1.11266092444444	0.0265258154	-0.0050104539	201
1.11202412222222	0.0265198842	-0.0050104402	201.2
1.11137814222222	0.0265116917	-0.0050104296	201.4
1.11071019777778	0.0265038626	-0.0050104437	201.6
1.11001730222222	0.0264966482	-0.0050104349	201.8
1.10931857777778	0.0264874238	-0.0050104406	202
1.10862715111111	0.0264807927	-0.0050104393	202.2
1.10795388888889	0.0264726002	-0.0050104446	202.4
1.10727711777778	0.0264649281	-0.0050104411	202.6
1.10658862444444	0.0264556589	-0.0050104437	202.8
1.10588239555555	0.0264483009	-0.0050104411	203
1.10516046888889	0.0264409698	-0.0050104415	203.2
1.10443859777778	0.026432719	-0.0050104335	203.4
1.10372822444444	0.0264264423	-0.0050104362	203.6
1.10302882	0.0264168455	-0.0050104331	203.8
1.10232906222222	0.026409676	-0.005010442	204
1.10162102666667	0.026400999	-0.0050104446	204.2
1.10089156666667	0.0263935827	-0.0050104384	204.4
1.10014856	0.0263847082	-0.0050104424	204.6
1.09939060888889	0.0263765247	-0.0050104313	204.8
1.09863403555555	0.0263682963	-0.0050104384	205
1.09789310666667	0.0263597988	-0.0050104406	205.2
1.09716130222222	0.0263510185	-0.0050104296	205.4
1.09643348888889	0.0263424761	-0.0050104304	205.6
1.09570752	0.0263334581	-0.0050104362	205.8
1.09497066888889	0.0263246779	-0.0050104362	206
1.09422664	0.0263166918	-0.0050104486	206.2
1.09347081333333	0.0263079699	-0.0050104411	206.4
1.09270678222222	0.026298391	-0.0050104384	206.6
1.09194182222222	0.0262904229	-0.0050104464	206.8
1.09117444	0.0262822573	-0.0050104384	207
1.09040547555556	0.0262727862	-0.0050104451	207.2
1.08964064666667	0.0262621934	-0.0050104469	207.4
1.08886524888889	0.0262545123	-0.0050104415	207.6
1.08808124	0.0262453373	-0.0050104455	207.8
1.08729180222222	0.0262352605	-0.0050104327	208
1.08649654444444	0.0262274538	-0.0050104393	208.2
1.08569620222222	0.0262187902	-0.0050104398	208.4
1.08489615111111	0.0262101132	-0.0050104526	208.6
1.08409693777778	0.0262001396	-0.0050104464	208.8
1.08328963333333	0.0261911619	-0.0050104495	209
1.08247533777778	0.0261813229	-0.0050104517	209.2
1.08164852888889	0.0261719325	-0.0050104491	209.4
1.08080239777778	0.0261613307	-0.005010434	209.6
1.07995304666667	0.026152694	-0.0050104393	209.8
1.07910025111111	0.0261425095	-0.0050104451	210
1.07825028666667	0.0261328454	-0.0050104446	210.2
1.07741761111111	0.0261230602	-0.0050104442	210.4
1.07658989777778	0.0261131943	-0.00501045	210.6
1.07576293777778	0.0261042974	-0.0050104411	210.8
1.07491908888889	0.026095082	-0.0050104562	211
1.07406351111111	0.0260855884	-0.0050104588	211.2
1.07320394666667	0.0260744931	-0.0050104637	211.4
1.07235556444444	0.0260634516	-0.0050104491	211.6
1.07151793555556	0.0260541734	-0.0050104619	211.8
1.07067616222222	0.0260434774	-0.0050104517	212
1.06981319111111	0.0260343741	-0.0050104508	212.2
1.06893785555555	0.0260221123	-0.005010469	212.4
1.06806632666667	0.0260118964	-0.0050104531	212.6
1.06720593333333	0.0260013754	-0.0050104597	212.8
1.06634404	0.0259906256	-0.00501045	213
1.06546212222222	0.0259802122	-0.0050104615	213.2
1.06456442222222	0.0259686324	-0.0050104539	213.4
1.06367316666667	0.0259587799	-0.0050104517	213.6
1.06279758888889	0.0259471776	-0.0050104606	213.8
1.06189803555555	0.0259361361	-0.0050104571	214
1.06097739333333	0.0259249735	-0.0050104482	214.2
1.06006269111111	0.0259145781	-0.0050104508	214.4
1.05915750666667	0.025903106	-0.0050104571	214.6
1.05822395111111	0.025891894	-0.0050104508	214.8
1.05727354444444	0.0258807	-0.0050104522	215
1.05633108888889	0.0258688824	-0.0050104593	215.2
1.05539280222222	0.0258554675	-0.0050104526	215.4
1.05442729333333	0.0258454176	-0.0050104548	215.6
1.05345300444444	0.0258320207	-0.0050104531	215.8
1.05250042888889	0.0258211991	-0.0050104597	216
1.05154443555555	0.0258090315	-0.0050104566	216.2
1.05057215777778	0.025797667	-0.0050104513	216.4
1.04962568	0.0257841983	-0.0050104602	216.6
1.04868056	0.025772605	-0.0050104513	216.8
1.04771266666667	0.0257603656	-0.0050104406	217
1.04676119777778	0.0257480141	-0.0050104619	217.2
1.04579960888889	0.0257363714	-0.0050104646	217.4
1.04480486444444	0.0257235309	-0.0050104557	217.6
1.04381231777778	0.0257124849	-0.0050104588	217.8
1.04281148444444	0.0256982042	-0.0050104646	218
1.04179025111111	0.0256866333	-0.0050104677	218.2
1.04079778888889	0.025672523	-0.0050104566	218.4
1.03980206888889	0.0256594447	-0.0050104415	218.6
1.03879982	0.0256470348	-0.0050104482	218.8
1.03781768444444	0.0256340417	-0.0050104544	219
1.03679951555555	0.0256216273	-0.0050104535	219.2
1.03577892444444	0.0256082932	-0.0050104544	219.4
1.03474212444444	0.0255942368	-0.0050104477	219.6
1.03369730888889	0.0255803957	-0.0050104508	219.8
1.03267846	0.0255665771	-0.0050104473	220
1.03164613777778	0.0255527001	-0.0050104491	220.2
1.03063316444444	0.0255388276	-0.0050104535	220.4
1.02957772666667	0.025524843	-0.0050104579	220.6
1.02852600222222	0.0255103917	-0.0050104393	220.8
1.02745222222222	0.0254957655	-0.0050104588	221
1.02640726666667	0.0254828038	-0.0050104584	221.2
1.02535568222222	0.0254675046	-0.0050104668	221.4
1.02429742222222	0.0254521156	-0.0050104522	221.6
1.02321542902	0.0254373279	-0.0050104513	221.8
1.02213468452222	0.0254221139	-0.0050104544	222
1.02105435755333	0.0254089727	-0.0050104548	222.2
1.01999342586222	0.0253929871	-0.0050104451	222.4
1.01890050194444	0.0253784461	-0.0050104642	222.6
1.01780429187333	0.0253634071	-0.0050104557	222.8
1.01669949864	0.0253478073	-0.0050104464	223
1.01562369744444	0.0253333471	-0.0050104548	223.2
1.01451204218889	0.0253175094	-0.0050104469	223.4
1.01339911960222	0.0253008553	-0.0050104504	223.6
1.01228235256889	0.0252852196	-0.005010446	223.8
1.01117759554444	0.0252703107	-0.0050104584	224
1.01006213069111	0.0252550115	-0.0050104477	224.2
1.00891423927556	0.0252387252	-0.0050104597	224.4
1.00780250970667	0.0252230222	-0.0050104562	224.6
1.00667791196	0.0252048336	-0.0050104571	224.8
1.00552195665111	0.025190499	-0.005010469	225
1.00439005974222	0.025172813	-0.0050104557	225.2
1.00324894492667	0.0251571818	-0.0050104633	225.4
1.00208494492667	0.0251409628	-0.005010465	225.6
1.00093317095111	0.0251247169	-0.0050104606	225.8
0.999781694673332	0.0251076186	-0.0050104637	226
0.998601570106666	0.0250907939	-0.0050104637	226.2
0.997432208468888	0.0250755216	-0.0050104646	226.4
0.996273246057777	0.0250567274	-0.0050104673	226.6
0.995079816646666	0.0250407103	-0.0050104619	226.8
0.993888369522221	0.0250239485	-0.0050104673	227
0.992722741653333	0.0250060111	-0.0050104584	227.2
0.991517123486666	0.0249887827	-0.0050104677	227.4
0.990311393788888	0.0249724785	-0.0050104535	227.6
0.989112536864444	0.0249554205	-0.0050104766	227.8
0.987896565217777	0.024938053	-0.0050104606	228
0.98670149577111	0.0249198734	-0.0050104659	228.2
0.985473924773332	0.0249029321	-0.0050104562	228.4
0.984239221999999	0.0248843981	-0.0050104659	228.6
0.983011678539999	0.0248667389	-0.0050104615	228.8
0.981770140897777	0.024849017	-0.0050104646	229
0.980550353395554	0.0248327576	-0.0050104735	229.2
0.979298452919999	0.0248137166	-0.0050104726	229.4
0.978061839873332	0.0247962414	-0.0050104717	229.6
0.97679426981111	0.0247776446	-0.0050104664	229.8
0.975534017973332	0.0247609769	-0.0050104668	230
0.974252621773332	0.0247433537	-0.0050104726	230.2
0.972980666282221	0.0247243127	-0.0050104744	230.4
0.971699717919999	0.0247063798	-0.0050104775	230.6
0.97042044509111	0.0246877336	-0.0050104783	230.8
0.969127327539999	0.0246708507	-0.0050104823	231
0.967845242937777	0.0246514732	-0.0050104704	231.2
0.966546129419999	0.0246337422	-0.005010473	231.4
0.965255181217777	0.0246161997	-0.0050104712	231.6
0.963937055646666	0.0245958172	-0.0050104619	231.8
0.962637336946666	0.0245789432	-0.0050104637	232
0.96130584149111	0.0245590811	-0.0050104673	232.2
0.959987632126666	0.0245400401	-0.0050104739	232.4
0.958640560193332	0.0245217887	-0.0050104708	232.6
0.957303189806666	0.0245029227	-0.0050104712	232.8
0.955954097493332	0.0244843573	-0.0050104642	233
0.954591002179999	0.0244646926	-0.0050104721	233.2
0.953246015797777	0.0244473116	-0.0050104659	233.4
0.95187812557111	0.0244285802	-0.0050104739	233.6
0.950522301762221	0.0244099923	-0.0050104597	233.8
0.949161496833333	0.0243909692	-0.0050104681	234
0.947771512777777	0.0243720494	-0.0050104708	234.2
0.946386975368888	0.0243530039	-0.0050104752	234.4
0.944997698913333	0.0243341154	-0.0050104681	234.6
0.943592445626666	0.0243140021	-0.0050104686	234.8
0.942200143255555	0.0242957507	-0.0050104748	235
0.940797720364444	0.0242770641	-0.0050104681	235.2
0.93936599731111	0.0242576238	-0.0050104708	235.4
0.937934106668888	0.0242379681	-0.0050104681	235.6
0.936518043884444	0.0242188015	-0.0050104748	235.8
0.935085659786666	0.0241997649	-0.0050104628	236
0.933623314477777	0.0241811187	-0.0050104624	236.2
0.932169423108888	0.0241610458	-0.0050104783	236.4
0.930726322617777	0.0241411568	-0.0050104681	236.6
0.929259284815555	0.0241221248	-0.0050104806	236.8
0.927777247786666	0.0241017558	-0.0050104806	237
0.926297063548888	0.0240816066	-0.0050104761	237.2
0.924810827482222	0.0240623457	-0.0050104788	237.4
0.923323725539999	0.0240440494	-0.0050104881	237.6
0.921836493251111	0.024023465	-0.0050104837	237.8
0.920321860142222	0.0240033338	-0.0050104814	238
0.918803419035555	0.023984055	-0.0050104872	238.2
0.917269410764444	0.0239633539	-0.0050104748	238.4
0.915738959106666	0.0239439002	-0.0050104859	238.6
0.914199085215555	0.0239238631	-0.0050104846	238.8
0.912661101357777	0.0239041132	-0.005010489	239
0.911112345244444	0.0238833045	-0.0050104961	239.2
0.90955750006	0.0238634918	-0.0050104872	239.4
0.907986873566666	0.0238434189	-0.0050104797	239.6
0.906411200782222	0.0238216455	-0.0050104987	239.8
0.904821189817777	0.0238018418	-0.0050104943	240
0.903219550031111	0.0237819483	-0.0050104912	240.2
0.901602110315555	0.0237602513	-0.005010497	240.4
0.899988757911111	0.0237411833	-0.0050104916	240.6
0.898358786253333	0.0237203611	-0.0050104823	240.8
0.896727715957777	0.0236988615	-0.0050104832	241
0.895081609193333	0.0236786674	-0.005010493	241.2
0.893435409324444	0.0236570511	-0.0050104788	241.4
0.891780187575555	0.0236360315	-0.0050104956	241.6
0.890116679477777	0.0236146036	-0.0050104859	241.8
0.888448665093333	0.0235938263	-0.0050104987	242
0.886764059386666	0.0235734124	-0.0050104846	242.2
0.885070543526666	0.0235511455	-0.005010501	242.4
0.883356134891111	0.0235307765	-0.0050104925	242.6
0.88162762084	0.0235089314	-0.0050104956	242.8
0.879893958077777	0.0234870773	-0.0050104961	243
0.87815007238	0.0234651469	-0.0050104965	243.2
0.876409203286666	0.0234450874	-0.0050104761	243.4
0.87465134252	0.0234215823	-0.0050104814	243.6
0.872873911071111	0.0233997461	-0.0050104881	243.8
0.871087392566666	0.0233769005	-0.0050104744	244
0.869289003166666	0.0233534178	-0.0050104912	244.2
0.867491414471111	0.0233323712	-0.0050104965	244.4
0.86568229006	0.0233096961	-0.005010485	244.6
0.863848874537777	0.0232884342	-0.005010501	244.8
0.862009928573333	0.023265131	-0.0050104877	245
0.860171513308888	0.0232407644	-0.0050104903	245.2
0.858308965213333	0.0232176899	-0.0050105014	245.4
0.856428876124444	0.0231949026	-0.0050105032	245.6
0.854551542944444	0.0231732235	-0.0050104979	245.8
0.852655961173333	0.0231497004	-0.0050105116	246
0.85073883489111	0.0231250153	-0.0050105089	246.2
0.84882137343111	0.02310055	-0.0050104979	246.4
0.846888605497777	0.0230760129	-0.0050104983	246.6
0.844937579662221	0.023051754	-0.0050105129	246.8
0.842988527655555	0.0230263645	-0.0050104943	247
0.841009784444444	0.0230017153	-0.0050105152	247.2
0.83903192573111	0.0229786004	-0.0050104992	247.4
0.83703146111111	0.0229530135	-0.0050104943	247.6
0.835025363635554	0.0229266953	-0.0050104952	247.8
0.833003037946666	0.0229008975	-0.0050105098	248
0.830970424148888	0.022876347	-0.005010516	248.2
0.828921004886666	0.0228488263	-0.0050105231	248.4
0.826860273362221	0.0228228535	-0.005010516	248.6
0.824782997066666	0.0227964725	-0.0050105152	248.8
0.822697015448888	0.0227683237	-0.0050105231	249
0.820595233902221	0.0227422478	-0.0050105072	249.2
0.818487428459999	0.0227122191	-0.0050105023	249.4
0.816357119522221	0.0226842902	-0.0050105019	249.6
0.814223849844444	0.0226544051	-0.0050104965	249.8
0.812065255588888	0.0226262025	-0.0050105054	250
0.809903365415555	0.0225973763	-0.0050105076	250.2
0.807720061077777	0.0225668093	-0.0050105107	250.4
0.80552645001111	0.022536507	-0.0050105085	250.6
0.803318305244443	0.0225060925	-0.005010524	250.8
0.801092768453332	0.0224748659	-0.0050105174	251
0.798862138815555	0.0224442182	-0.0050105107	251.2
0.796609024306666	0.0224120449	-0.0050105058	251.4
0.794349560033332	0.0223794724	-0.0050105147	251.6
0.792074668248888	0.0223458052	-0.0050105072	251.8
0.789784227919999	0.0223123264	-0.0050105214	252
0.787487121268888	0.0222780624	-0.0050105072	252.2
0.785169903924444	0.0222454764	-0.0050105081	252.4
0.782843590215555	0.0222113964	-0.0050105138	252.6
0.780504344213332	0.0221746469	-0.0050105205	252.8
0.778146626168888	0.0221401631	-0.0050105156	253
0.775784122524444	0.0221028931	-0.0050105227	253.2
0.773404692379999	0.0220675793	-0.0050105276	253.4
0.771012469599999	0.0220307176	-0.0050105236	253.6
0.76861162529111	0.0219950449	-0.0050105347	253.8
0.766194040693333	0.0219598926	-0.0050105307	254
0.763762052742221	0.0219212318	-0.0050105218	254.2
0.761323724335555	0.0218854872	-0.005010528	254.4
0.758872035353333	0.0218485224	-0.0050105138	254.6
0.756406008193333	0.0218107005	-0.0050105129	254.8
0.753932402282222	0.0217730492	-0.0050105333	255
0.751446618228888	0.0217374931	-0.0050105196	255.2
0.748945267008888	0.0216990118	-0.0050105218	255.4
0.746436104275555	0.0216612348	-0.0050105121	255.6
0.743912314737777	0.0216246468	-0.0050105329	255.8
0.741372958033333	0.0215855239	-0.0050105209	256
0.738830417135555	0.0215500037	-0.0050105311	256.2
0.736275502575555	0.0215131286	-0.005010544	256.4
0.733710644393333	0.0214754099	-0.005010536	256.6
0.731136224322222	0.021437624	-0.0050105298	256.8
0.728550194048888	0.0214003227	-0.0050105196	257
0.725955244311111	0.021362963	-0.0050105444	257.2
0.723349661977777	0.0213244412	-0.0050105493	257.4
0.720735951571111	0.0212892889	-0.0050105387	257.6
0.718109746466666	0.0212529253	-0.0050105395	257.8
0.715473318424444	0.021214758	-0.0050105333	258
0.712827151595555	0.0211770797	-0.005010544	258.2
0.710168443513333	0.0211397245	-0.0050105329	258.4
0.707501411839999	0.0211033878	-0.0050105276	258.6
0.704822993417777	0.0210667549	-0.0050105302	258.8
0.702137033486666	0.021029642	-0.0050105413	259
0.699442433404444	0.0209932873	-0.005010552	259.2
0.696739761115555	0.0209567037	-0.0050105378	259.4
0.694025888286666	0.0209188909	-0.0050105431	259.6
0.691304492568888	0.0208806698	-0.0050105387	259.8
0.688576439837777	0.0208451316	-0.0050105435	260
0.685837410022222	0.0208051787	-0.005010544	260.2
0.683090652486666	0.0207699187	-0.005010544	260.4
0.680334556511111	0.0207329179	-0.0050105347	260.6
0.677571868699999	0.0206938803	-0.0050105537	260.8
0.674798138628888	0.0206566058	-0.0050105449	261
0.672015349435555	0.02061777	-0.0050105498	261.2
0.669226610828888	0.0205806661	-0.0050105502	261.4
0.66643142935111	0.0205410496	-0.0050105502	261.6
0.663626881504444	0.0205010384	-0.0050105568	261.8
0.660813786613333	0.0204611886	-0.0050105533	262
0.657992656755555	0.0204203788	-0.0050105373	262.2
0.655163389515555	0.0203803226	-0.0050105506	262.4
0.652327344226666	0.0203379425	-0.0050105604	262.6
0.649483226731111	0.0202970967	-0.0050105635	262.8
0.646631651519999	0.0202541422	-0.005010552	263
0.643772488246666	0.020211107	-0.0050105635	263.2
0.640905494837777	0.0201682064	-0.0050105631	263.4
0.638029414373333	0.0201244668	-0.0050105573	263.6
0.635146993455555	0.0200807945	-0.0050105617	263.8
0.632258455533333	0.0200356013	-0.0050105524	264
0.629362813695555	0.0199934454	-0.0050105471	264.2
0.626458773782222	0.019948822	-0.0050105622	264.4
0.623550171719999	0.0199019911	-0.0050105653	264.6
0.620631523622222	0.01985809	-0.0050105622	264.8
0.617707130942222	0.0198117347	-0.0050105666	265
0.614776267462222	0.0197676452	-0.0050105608	265.2
0.611838132475555	0.0197222096	-0.0050105675	265.4
0.608894969815555	0.0196785014	-0.0050105635	265.6
0.605943409079999	0.0196340171	-0.0050105706	265.8
0.602982007139999	0.0195885277	-0.0050105741	266
0.600013398868888	0.0195444336	-0.0050105719	266.2
0.597035191464444	0.0194989936	-0.0050105706	266.4
0.594053064337777	0.0194574659	-0.0050105498	266.6
0.591066887139999	0.0194129232	-0.005010567	266.8
0.588072870497777	0.0193676312	-0.0050105808	267
0.585071386828888	0.0193226264	-0.0050105702	267.2
0.582064112024444	0.0192789362	-0.0050105746	267.4
0.579058541044444	0.0192347479	-0.0050105617	267.6
0.576047858595555	0.0191905058	-0.0050105724	267.8
0.573031673637777	0.0191481122	-0.0050105728	268
0.570009148226666	0.0191050097	-0.0050105688	268.2
0.566979137166666	0.0190586903	-0.0050105786	268.4
0.563944470855555	0.0190151795	-0.005010575	268.6
0.560902309586666	0.018970408	-0.0050105706	268.8
0.557854562015555	0.0189246719	-0.0050105666	269
0.554800874339999	0.0188787338	-0.005010567	269.2
0.551740659997777	0.0188351109	-0.0050105733	269.4
0.548675054875555	0.0187884774	-0.0050105768	269.6
0.545601954795555	0.0187403814	-0.0050105728	269.8
0.542525717073333	0.0186932499	-0.0050105772	270
0.539441798184444	0.0186455128	-0.005010587	270.2
0.536353168179999	0.0185959765	-0.0050105777	270.4
0.533257890473333	0.0185471985	-0.0050105897	270.6
0.530155592646666	0.0184999773	-0.0050105994	270.8
0.527048453355555	0.0184509525	-0.0050105941	271
0.523932161837777	0.0184016451	-0.0050105746	271.2
0.520809194686666	0.0183507404	-0.0050105861	271.4
0.517678127395555	0.0183029674	-0.0050105861	271.6
0.514545132828888	0.0182559077	-0.005010583	271.8
0.511408479233333	0.0182058376	-0.005010583	272
0.508263194799999	0.0181554399	-0.0050105799	272.2
0.505113245802222	0.0181066933	-0.0050105843	272.4
0.501957440497777	0.0180568788	-0.0050105919	272.6
0.498794177475555	0.0180080784	-0.0050105861	272.8
0.495625393326666	0.0179588113	-0.005010579	273
0.492449533193333	0.0179116844	-0.0050105804	273.2
0.489268245033333	0.0178633999	-0.0050105901	273.4
0.486079424675555	0.0178116921	-0.0050105932	273.6
0.48288719667111	0.0177634166	-0.0050105914	273.8
0.479687259568888	0.0177137547	-0.0050105937	274
0.476481205462222	0.0176643351	-0.0050105897	274.2
0.473268615382222	0.0176132913	-0.0050106074	274.4
0.470048418619999	0.0175642486	-0.0050105923	274.6
0.466823669017777	0.0175139362	-0.0050105914	274.8
0.463593314491111	0.0174599896	-0.0050105999	275
0.460357559871111	0.0174096996	-0.0050105985	275.2
0.457116284122222	0.0173558114	-0.0050106136	275.4
0.453870399673333	0.0173042203	-0.0050105999	275.6
0.450619236166666	0.0172502289	-0.0050106149	275.8
0.447361080471111	0.0172004817	-0.0050106101	276
0.44409623052	0.017148415	-0.0050106043	276.2
0.440827069806666	0.0170944326	-0.0050106185	276.4
0.437541783295555	0.0170423928	-0.0050106096	276.6
0.434247083864444	0.0169894064	-0.0050106189	276.8
0.430952058564444	0.0169389369	-0.0050106136	277
0.427651502822222	0.0168868254	-0.0050106127	277.2
0.424344662491111	0.0168329058	-0.0050105954	277.4
0.421031658602222	0.0167784836	-0.0050106158	277.6
0.417714073944444	0.0167250934	-0.0050106065	277.8
0.414390968157777	0.0166727934	-0.0050106118	278
0.41106436162	0.0166167157	-0.005010622	278.2
0.407730455646666	0.0165652772	-0.0050106132	278.4
0.404391354411111	0.0165116222	-0.0050106083	278.6
0.401047262744444	0.0164548671	-0.0050106118	278.8
0.397695629568888	0.0164003238	-0.005010611	279
0.394339741491111	0.0163453902	-0.0050106083	279.2
0.390979738168888	0.0162905777	-0.0050106238	279.4
0.387615796504444	0.0162338809	-0.0050106278	279.6
0.384249629628889	0.0161800151	-0.005010622	279.8
0.380877848517777	0.0161259878	-0.0050106309	280
0.37750317184	0.016068784	-0.0050106123	280.2
0.37412406336	0.016012796	-0.0050106149	280.4
0.370740923431111	0.0159556999	-0.0050106167	280.6
0.367354552757777	0.01590069	-0.0050106238	280.8
0.363961506451111	0.0158435356	-0.0050106198	281
0.360565918375555	0.0157870855	-0.0050106234	281.2
0.357165805395555	0.0157325377	-0.0050106176	281.4
0.353759659206666	0.0156740149	-0.0050106371	281.6
0.350349677091111	0.0156173181	-0.0050106207	281.8
0.346932032426666	0.015558692	-0.0050106278	282
0.343515653991111	0.0155034982	-0.0050106305	282.2
0.340096482404444	0.0154462046	-0.005010638	282.4
0.336671584855555	0.0153876593	-0.0050106318	282.6
0.333244611064444	0.0153277322	-0.0050106349	282.8
0.329813307886666	0.0152703758	-0.0050106265	283
0.326379416388889	0.01521284	-0.0050106389	283.2
0.32294290864	0.0151532942	-0.0050106291	283.4
0.319503067728889	0.0150966961	-0.0050106411	283.6
0.316058590186666	0.0150378322	-0.005010638	283.8
0.312612697448889	0.0149772276	-0.0050106393	284
0.309162717397777	0.0149177671	-0.0050106389	284.2
0.305708417271111	0.0148582706	-0.005010646	284.4
0.302250951573333	0.0147984601	-0.0050106389	284.6
0.298791307217777	0.0147374023	-0.0050106278	284.8
0.295328981435555	0.0146801043	-0.0050106433	285
0.291866301855555	0.0146215096	-0.0050106407	285.2
0.288400456702222	0.0145571542	-0.0050106367	285.4
0.284931445975555	0.0144969624	-0.0050106424	285.6
0.281461932482222	0.0144341189	-0.0050106509	285.8
0.277986218191111	0.0143731554	-0.0050106566	286
0.274508260071111	0.0143092397	-0.0050106495	286.2
0.271028728473333	0.0142497387	-0.0050106553	286.4
0.267546077857777	0.0141880214	-0.0050106518	286.6
0.264062431017777	0.0141238141	-0.0050106597	286.8
0.260573914782222	0.0140616346	-0.0050106526	287
0.257080594326666	0.013996373	-0.0050106637	287.2
0.253590886346666	0.0139358132	-0.005010654	287.4
0.250100973535555	0.0138723506	-0.0050106504	287.6
0.246608304813333	0.0138046258	-0.0050106633	287.8
0.243113271224444	0.0137419528	-0.0050106549	288
0.239616319671111	0.0136755157	-0.0050106602	288.2
0.236117999473333	0.0136114698	-0.005010646	288.4
0.232615806104444	0.0135446244	-0.0050106526	288.6
0.229111257177777	0.0134795421	-0.0050106566	288.8
0.225604399246666	0.0134145317	-0.0050106464	289
0.222096042322222	0.0133474843	-0.0050106562	289.2
0.21858694056	0.0132793019	-0.0050106589	289.4
0.215073965626666	0.0132119853	-0.0050106544	289.6
0.211559286868889	0.0131436189	-0.0050106535	289.8
0.208045157431111	0.013073763	-0.0050106611	290
0.204529035546666	0.0130066528	-0.005010666	290.2
0.201012429515555	0.0129383537	-0.0050106651	290.4
0.197496279697777	0.0128652988	-0.0050106704	290.6
0.193979655044444	0.0127941956	-0.0050106664	290.8
0.190461149668889	0.0127231283	-0.0050106584	291
0.186939916315555	0.01265255	-0.0050106589	291.2
0.183418859862222	0.0125789343	-0.0050106624	291.4
0.179898194451111	0.0125087957	-0.0050106633	291.6
0.176374847613333	0.0124359697	-0.0050106793	291.8
0.172852441137777	0.0123602318	-0.0050106801	292
0.169327548757777	0.0122859297	-0.0050106646	292.2
0.1657966511	0.0122090881	-0.0050106651	292.4
0.162271339744444	0.0121349879	-0.0050106664	292.6
0.158747005993333	0.0120584111	-0.005010666	292.8
0.155219041144444	0.0119772041	-0.0050106668	293
0.151691513888889	0.0118984692	-0.0050106713	293.2
0.148165969773333	0.0118172263	-0.0050106615	293.4
0.144638349411111	0.0117365802	-0.0050106717	293.6
0.141109742135555	0.0116537446	-0.0050106708	293.8
0.137582131084444	0.0115748616	-0.0050106744	294
0.13405443624	0.0114929054	-0.005010677	294.2
0.130527123126666	0.011405	-0.0050106815	294.4
0.127000759686666	0.0113205402	-0.0050106713	294.6
0.123473278984444	0.0112321727	-0.0050106819	294.8
0.119945751731111	0.0111444019	-0.0050106766	295
0.116423680431111	0.0110537506	-0.0050106717	295.2
0.112907437508889	0.0109645665	-0.0050106846	295.4
0.10938188408	0.0108719053	-0.0050106819	295.6
0.105854608208889	0.0107778264	-0.0050106846	295.8
0.10232805574186	0.0106827873	-0.0050106788	296
0.0987957239024386	0.0105839391	-0.005010685	296.2
0.0952655971820509	0.0104861049	-0.0050106864	296.4
0.0917352249189185	0.0103859332	-0.0050106797	296.6
0.0882039066342852	0.0102870984	-0.0050106926	296.8
0.0846760790242419	0.0101851635	-0.0050106868	297
0.0811522555193543	0.0100766064	-0.0050106935	297.2
0.077621417744827	0.0099701445	-0.0050106935	297.4
0.0740929623259253	0.0098609547	-0.0050106935	297.6
0.0705660197719993	0.0097537884	-0.0050106983	297.8
0.0670426424130428	0.0096482059	-0.0050106974	298
0.0635157487333326	0.0095316044	-0.0050107028	298.2
0.0599930487999992	0.0094196733	-0.0050106859	298.4
0.056479842799999	0.0093062931	-0.0050106859	298.6
0.0529557954866656	0.0091916971	-0.0050106833	298.8
0.0494522893384603	0.0090763877	-0.0050106997	299
0.045950476854544	0.0089679651	-0.0050106948	299.2
0.0424415714666649	0.0088661468	-0.0050106992	299.4
0.0389434348142834	0.0087567821	-0.0050107014	299.6
0.0354666431599967	0.0086400998	-0.0050107094	299.8
0.0319509588666612	0.0085390577	-0.0050107001	300
0.0282384411999837	0.0084815802	-0.0050107059	300.2
