Calibrated Field (T)	Sample Voltage (V)	Sample Current (A)	Acquisition Time (s)
Teslas	Volts	Amps	Seconds
0.0245322081	0.0016308376	-0.0010082143	0
0.0249377737	0.0016363426	-0.0010082169	0.3333333333
0.02826902618	0.0016575012	-0.0010082121	0.6666666667
0.0324093150714286	0.0016869285	-0.0010082156	1
0.0370502764333333	0.0017188235	-0.001008209	1.3333333
0.0418127018	0.0017535943	-0.0010082174	1.6666667
0.0466676029538462	0.0017864583	-0.0010082067	2
0.0516873694	0.001821624	-0.0010082081	2.3333333
0.0567390637176471	0.0018551072	-0.0010082143	2.6666667
0.0618298033631579	0.0018881686	-0.001008201	3
0.0670377335761905	0.0019228542	-0.0010082054	3.3333333
0.0722516397521739	0.0019563509	-0.0010082178	3.6666667
0.077503002168	0.0019851142	-0.0010082067	4
0.0828293514518519	0.0020184044	-0.0010082125	4.3333333
0.0881693172310345	0.0020502141	-0.0010081988	4.6666667
0.0935290489709678	0.002079794	-0.001008205	5
0.0989574895030303	0.0021104686	-0.0010082143	5.3333333
0.104393433362857	0.0021399049	-0.001008197	5.6666667
0.109845877672973	0.0021682331	-0.0010081996	6
0.115350281507692	0.0021961484	-0.0010082032	6.3333333
0.120862733465854	0.0022242522	-0.0010082125	6.6666667
0.126380103386046	0.0022501442	-0.001008213	7
0.131940281031111	0.0022779878	-0.0010082081	7.3333333
0.137156761997778	0.0023036778	-0.0010082094	7.6666667
0.142524864555556	0.0023304581	-0.0010082098	8
0.147989684648889	0.0023546541	-0.0010082041	8.3333333
0.153453331617778	0.0023808017	-0.0010082134	8.6666667
0.158945664255556	0.0024042036	-0.0010082045	9
0.16445595686	0.0024299071	-0.001008201	9.3333333
0.1699805504	0.0024528469	-0.0010082134	9.6666667
0.175519612466667	0.0024770474	-0.0010081979	10
0.181072826502222	0.0025008441	-0.0010082067	10.3333333
0.18663765074	0.0025229449	-0.0010082023	10.6666667
0.192217557997778	0.0025470287	-0.0010082059	11
0.19780826544	0.0025699147	-0.0010081939	11.3333333
0.203404391597778	0.0025929935	-0.0010081983	11.6666667
0.209015945264444	0.0026142912	-0.0010082063	12
0.214631493137778	0.0026370156	-0.0010082103	12.3333333
0.220254396311111	0.0026602784	-0.0010081894	12.6666667
0.225883798217778	0.0026814326	-0.0010081903	13
0.231519242642222	0.0027027886	-0.0010081903	13.3333333
0.237159789224444	0.0027234671	-0.0010081899	13.6666667
0.242802914817778	0.0027455141	-0.0010082023	14
0.248447045944444	0.0027663362	-0.0010081996	14.3333333
0.254097443042222	0.0027881857	-0.0010081992	14.6666667
0.259749562584444	0.0028083124	-0.0010082116	15
0.265395043735555	0.0028300543	-0.0010082076	15.3333333
0.271042424228889	0.002850356	-0.001008193	15.6666667
0.276694059624444	0.0028709627	-0.0010081983	16
0.282342333926667	0.0028906453	-0.0010081974	16.3333333
0.28798288982	0.0029118712	-0.0010081908	16.6666667
0.293626629904444	0.0029308583	-0.0010081996	17
0.299266645788889	0.0029511734	-0.0010082054	17.3333333
0.304896988055555	0.0029721481	-0.0010082138	17.6666667
0.310520710553333	0.0029905609	-0.001008197	18
0.316144805473333	0.0030101986	-0.0010081974	18.3333333
0.321760418522222	0.0030301369	-0.0010081908	18.6666667
0.327365492077778	0.0030488683	-0.0010081992	19
0.332964402077778	0.0030680797	-0.0010081983	19.3333333
0.338556785413333	0.0030884935	-0.0010081992	19.6666667
0.344139765135556	0.003106027	-0.0010081877	20
0.349711041553333	0.0031256781	-0.0010081983	20.3333333
0.355271499164444	0.003145751	-0.0010082014	20.6666667
0.360820178984444	0.0031626115	-0.0010081881	21
0.366362816286667	0.0031816255	-0.0010082005	21.3333333
0.371893117166667	0.0032018644	-0.0010082045	21.6666667
0.377409582635556	0.0032184063	-0.0010081899	22
0.382917072777778	0.0032373396	-0.001008201	22.3333333
0.388410466813333	0.0032563806	-0.0010081965	22.6666667
0.393886450202222	0.0032730257	-0.0010082032	23
0.399347769544445	0.0032919545	-0.0010081957	23.3333333
0.404803400168889	0.0033099905	-0.0010082072	23.6666667
0.410240344606667	0.0033267433	-0.0010082169	24
0.415662690171111	0.0033448645	-0.001008205	24.3333333
0.421071079288889	0.0033619269	-0.0010082005	24.6666667
0.426436286277778	0.0033791059	-0.001008201	25
0.431817339748889	0.003397438	-0.0010081943	25.3333333
0.437180544977778	0.0034141235	-0.0010081988	25.6666667
0.442526739913333	0.0034312666	-0.0010081823	26
0.447859425306667	0.0034494327	-0.0010081859	26.3333333
0.453180630846667	0.0034656606	-0.0010081846	26.6666667
0.458447928555556	0.0034822115	-0.0010081952	27
0.463735616273333	0.0035004718	-0.0010082036	27.3333333
0.469008220971111	0.0035167221	-0.0010081934	27.6666667
0.474229496848889	0.0035326763	-0.0010082045	28
0.47946647024	0.0035494515	-0.0010081979	28.3333333
0.48468996202	0.0035661012	-0.0010082014	28.6666667
0.489864024322222	0.003581333	-0.0010082041	29
0.495052489977778	0.0035980903	-0.0010082028	29.3333333
0.500225844682222	0.0036150989	-0.0010081899	29.6666667
0.505346632268889	0.0036295142	-0.0010081926	30
0.510489588168889	0.0036463074	-0.0010081992	30.3333333
0.515613774091111	0.0036632711	-0.0010081868	30.6666667
0.520684573571111	0.0036787542	-0.0010082107	31
0.525771861957778	0.0036938425	-0.0010082005	31.3333333
0.530846599782222	0.0037117663	-0.001008205	31.6666667
0.535870744317778	0.0037261053	-0.0010082028	32
0.540902383808889	0.0037427594	-0.001008197	32.3333333
0.54592588592	0.0037566453	-0.0010082014	32.6666667
0.550898925088889	0.0037712311	-0.0010082107	33
0.555877857806667	0.0037865931	-0.001008197	33.3333333
0.560843709264444	0.003802157	-0.0010082028	33.6666667
0.565770326248889	0.0038157378	-0.0010082001	34
0.570713199377778	0.0038307274	-0.0010081894	34.3333333
0.575637414251111	0.0038449632	-0.0010082023	34.6666667
0.58051513246	0.0038595984	-0.0010082014	35
0.585408743702222	0.0038741169	-0.0010081903	35.3333333
0.590288202975555	0.0038899634	-0.0010082014	35.6666667
0.59511597032	0.0039033378	-0.0010082067	36
0.599953914046666	0.0039187267	-0.0010081908	36.3333333
0.604777482353333	0.0039329177	-0.0010082032	36.6666667
0.609553278453333	0.003946521	-0.0010081988	37
0.614337779875555	0.0039628117	-0.0010081961	37.3333333
0.619106425506666	0.0039772539	-0.0010082023	37.6666667
0.623826563402222	0.003990902	-0.0010082059	38
0.628556281808889	0.0040074395	-0.0010081934	38.3333333
0.633271429273333	0.0040212266	-0.0010082028	38.6666667
0.637937119328889	0.0040345383	-0.0010082041	39
0.642612119891111	0.0040502951	-0.0010082023	39.3333333
0.647271059828889	0.0040633599	-0.001008213	39.6666667
0.651908650777778	0.0040768331	-0.0010082032	40
0.656523244775555	0.0040900639	-0.0010082032	40.3333333
0.661123370248889	0.0041038062	-0.0010082072	40.6666667
0.66567377762	0.0041154937	-0.0010081992	41
0.670226875726666	0.0041295008	-0.0010082054	41.3333333
0.67476245146	0.0041403223	-0.0010082081	41.6666667
0.679280961037778	0.0041523463	-0.0010082098	42
0.683773112573333	0.0041658912	-0.0010081926	42.3333333
0.68824375684	0.0041773544	-0.0010082054	42.6666667
0.692696087342222	0.0041890733	-0.0010082041	43
0.697121808417778	0.0042016312	-0.0010082081	43.3333333
0.701521450764444	0.0042142294	-0.0010082161	43.6666667
0.70590374764	0.0042261278	-0.001008205	44
0.710258308517778	0.0042394708	-0.0010082112	44.3333333
0.714590347282222	0.0042508038	-0.001008201	44.6666667
0.718899826691111	0.0042632092	-0.0010082134	45
0.723176877608889	0.0042761798	-0.0010082032	45.3333333
0.727431918488889	0.0042873424	-0.0010081974	45.6666667
0.731665331064444	0.0042987203	-0.0010082054	46
0.735863717515555	0.0043130907	-0.0010082227	46.3333333
0.740039237364444	0.0043245494	-0.0010082023	46.6666667
0.744189134702222	0.0043358421	-0.0010082085	47
0.748309508424444	0.0043496562	-0.0010082183	47.3333333
0.752403617208889	0.0043620391	-0.0010082156	47.6666667
0.75647116312	0.0043733138	-0.001008209	48
0.760506950895555	0.0043858313	-0.0010082174	48.3333333
0.76451772134	0.0043981649	-0.0010081996	48.6666667
0.768492730133333	0.0044102203	-0.0010082094	49
0.772425422675555	0.0044217103	-0.0010082138	49.3333333
0.776335416206666	0.0044341336	-0.001008209	49.6666667
0.780215308871111	0.0044453096	-0.0010082076	50
0.784054309793333	0.0044573291	-0.0010082169	50.3333333
0.787868917188889	0.0044683346	-0.0010082063	50.6666667
0.791656105144444	0.0044787569	-0.0010081939	51
0.795403462755555	0.0044901348	-0.0010082156	51.3333333
0.799123019195555	0.0045008039	-0.0010082098	51.6666667
0.802813247542222	0.0045092565	-0.0010082125	52
0.806461913791111	0.0045206345	-0.0010082032	52.3333333
0.810088914491111	0.0045295851	-0.0010082001	52.6666667
0.813685683977778	0.0045386929	-0.001008205	53
0.817238964091111	0.004548976	-0.0010082121	53.3333333
0.820764247513333	0.0045587657	-0.0010082196	53.6666667
0.824265984666666	0.0045656257	-0.0010082178	54
0.827722053788889	0.004574536	-0.0010082183	54.3333333
0.831151606591111	0.0045840609	-0.0010082036	54.6666667
0.834559652124444	0.0045916971	-0.0010082178	55
0.83792193652	0.0046008496	-0.0010082032	55.3333333
0.84125430626	0.0046088985	-0.0010082161	55.6666667
0.844562086953333	0.00461557	-0.001008213	56
0.847833463568888	0.0046243278	-0.0010082032	56.3333333
0.85106959992	0.0046324978	-0.0010082014	56.6666667
0.854285262468888	0.0046410402	-0.0010082125	57
0.857453851097777	0.0046486943	-0.0010082205	57.3333333
0.860599424157778	0.0046563843	-0.0010082209	57.6666667
0.863721916473333	0.0046625981	-0.0010082134	58
0.866779654217777	0.00467132	-0.0010082081	58.3333333
0.86984080892	0.0046777672	-0.0010082178	58.6666667
0.872865978515555	0.004686009	-0.0010082085	59
0.875860348957778	0.004693847	-0.0010082125	59.3333333
0.878825614757778	0.0047010255	-0.0010081992	59.6666667
0.881771077111111	0.0047078002	-0.0010082134	60
0.884661374717778	0.0047153466	-0.0010082121	60.3333333
0.887538805204444	0.0047226238	-0.0010082134	60.6666667
0.890404197206666	0.0047283352	-0.0010082205	61
0.893212124766666	0.0047381159	-0.0010082152	61.3333333
0.89601146804	0.0047433876	-0.0010082143	61.6666667
0.898798419028888	0.0047493502	-0.0010082169	62
0.901533370844444	0.0047578657	-0.0010082169	62.3333333
0.904257177982222	0.0047642322	-0.0010082223	62.6666667
0.906963453437777	0.0047700423	-0.0010082028	63
0.909631276504444	0.0047786295	-0.0010082209	63.3333333
0.912293345677777	0.0047842063	-0.0010082028	63.6666667
0.914930946842222	0.0047914072	-0.0010082059	64
0.917517954717777	0.0047997029	-0.0010082005	64.3333333
0.920098175233333	0.0048052169	-0.0010081996	64.6666667
0.922655817771111	0.0048114622	-0.00100822	65
0.925175976213333	0.004818524	-0.0010082103	65.3333333
0.927685176188888	0.004825218	-0.001008201	65.6666667
0.930177915191111	0.004831867	-0.0010082214	66
0.932638216388888	0.0048378745	-0.0010082156	66.3333333
0.935085231495555	0.0048443083	-0.0010082041	66.6666667
0.937516521157777	0.0048503517	-0.0010082165	67
0.939914981975555	0.004857427	-0.0010082209	67.3333333
0.942304011253333	0.0048647759	-0.0010082169	67.6666667
0.944680741351111	0.0048700252	-0.0010082125	68
0.947026821264444	0.0048773473	-0.0010082121	68.3333333
0.949369754226666	0.0048832157	-0.0010082076	68.6666667
0.951688079522222	0.0048889809	-0.0010082112	69
0.953973762028889	0.0048965004	-0.0010082116	69.3333333
0.956257805724444	0.0049021759	-0.0010082152	69.6666667
0.95852594774	0.0049091749	-0.0010082178	70
0.960769434677778	0.0049145812	-0.001008205	70.3333333
0.962996143513333	0.0049202567	-0.0010082169	70.6666667
0.965205963475555	0.0049262373	-0.0010082032	71
0.967392228971111	0.0049336491	-0.0010082192	71.3333333
0.9695703295	0.004939854	-0.001008205	71.6666667
0.971725209235555	0.0049442957	-0.0010082192	72
0.973862314628889	0.0049512095	-0.0010082143	72.3333333
0.975990891202222	0.0049576791	-0.0010082138	72.6666667
0.978101843446666	0.0049638526	-0.0010082227	73
0.980222749811111	0.0049695595	-0.00100822	73.3333333
0.982301571828889	0.0049749299	-0.0010082196	73.6666667
0.984390114371111	0.0049814265	-0.0010082254	74
0.986437541777778	0.0049879948	-0.001008224	74.3333333
0.98849486568	0.0049936389	-0.0010082023	74.6666667
0.990524582982222	0.0049989151	-0.0010082147	75
0.99253714262	0.0050056987	-0.0010082121	75.3333333
0.994534209848889	0.0050099924	-0.0010082223	75.6666667
0.996525829355555	0.0050147795	-0.0010082121	76
0.998499004028889	0.0050223394	-0.0010082249	76.3333333
1.0004657372	0.0050269471	-0.00100822	76.6666667
1.00239959400889	0.0050323534	-0.0010082085	77
1.00434084465333	0.0050385628	-0.0010082289	77.3333333
1.00627121905333	0.0050426141	-0.0010082152	77.6666667
1.00816627120444	0.005047675	-0.0010082147	78
1.01006308119556	0.0050544542	-0.0010082174	78.3333333
1.01194289035333	0.0050591651	-0.00100822	78.6666667
1.01379699403778	0.0050644457	-0.0010082098	79
1.01566386181556	0.0050700136	-0.0010082169	79.3333333
1.01750968920889	0.005074361	-0.0010082143	79.6666667
1.01934824430667	0.0050805615	-0.0010081996	80
1.02115966894222	0.0050850076	-0.0010082209	80.3333333
1.02295642825333	0.0050899159	-0.0010082165	80.6666667
1.02475934182444	0.0050943531	-0.0010082103	81
1.02653806740889	0.0051003651	-0.0010082121	81.3333333
1.02832010850889	0.0051038691	-0.0010082041	81.6666667
1.03006686082222	0.0051086114	-0.0010082112	82
1.03181221694889	0.0051137844	-0.0010082183	82.3333333
1.03352997726889	0.0051175128	-0.0010082169	82.6666667
1.03525497258	0.0051226678	-0.0010082085	83
1.03695602901778	0.0051271544	-0.0010082103	83.3333333
1.03865385504222	0.0051303264	-0.0010082045	83.6666667
1.04033359111111	0.0051351135	-0.0010082121	84
1.04199133555556	0.0051398154	-0.0010082254	84.3333333
1.04364822444444	0.0051434585	-0.0010082218	84.6666667
1.04527608222222	0.0051485104	-0.001008209	85
1.04689067333333	0.0051535309	-0.0010082116	85.3333333
1.04850892444444	0.0051570977	-0.0010082161	85.6666667
1.05010818222222	0.0051603998	-0.001008224	86
1.05169981333333	0.0051657029	-0.0010082103	86.3333333
1.05328429333333	0.0051673046	-0.0010082196	86.6666667
1.05485225555555	0.0051728365	-0.0010082174	87
1.05641494888889	0.005176004	-0.0010082028	87.3333333
1.05796950666667	0.0051800285	-0.0010082138	87.6666667
1.05950156888889	0.0051833261	-0.0010082165	88
1.06100912444444	0.0051882209	-0.0010082098	88.3333333
1.06253868222222	0.0051899527	-0.0010082236	88.6666667
1.06403201333333	0.0051949777	-0.0010082161	89
1.06550906	0.0051980285	-0.0010082134	89.3333333
1.06698874222222	0.0052013979	-0.0010082094	89.6666667
1.06847074222222	0.0052060326	-0.0010082223	90
1.06995047777778	0.0052092763	-0.0010082076	90.3333333
1.07139506666667	0.0052127579	-0.00100822	90.6666667
1.07281048666667	0.0052156787	-0.0010082161	91
1.07423059111111	0.0052193442	-0.0010082094	91.3333333
1.07565543333333	0.0052221258	-0.0010082249	91.6666667
1.07708010888889	0.0052256388	-0.0010082174	92
1.07847544666667	0.0052288647	-0.0010081988	92.3333333
1.07984751777778	0.0052309958	-0.0010082178	92.6666667
1.08121604	0.0052349843	-0.0010082271	93
1.08255398	0.0052376987	-0.0010082059	93.3333333
1.08387502888889	0.0052401753	-0.0010082147	93.6666667
1.08523258444444	0.0052441593	-0.0010082121	94
1.08656797111111	0.0052476768	-0.0010082245	94.3333333
1.08788790222222	0.0052502386	-0.00100822	94.6666667
1.08919654888889	0.0052524909	-0.001008228	95
1.09051242	0.0052566768	-0.0010082249	95.3333333
1.09181654222222	0.0052576773	-0.0010082178	95.6666667
1.09307563111111	0.0052618453	-0.0010082307	96
1.09433398222222	0.0052644386	-0.0010082271	96.3333333
1.09557073333333	0.0052662197	-0.0010082143	96.6666667
1.09681849111111	0.0052689296	-0.0010082143	97
1.09804751555556	0.0052724247	-0.001008213	97.3333333
1.09927435111111	0.0052740398	-0.0010082183	97.6666667
1.10047719333333	0.0052776784	-0.0010082165	98
1.10167938444444	0.0052811645	-0.0010082232	98.3333333
1.10285246222222	0.0052823489	-0.0010082063	98.6666667
1.10404084666667	0.0052854132	-0.0010082276	99
1.10522812222222	0.0052887198	-0.0010082209	99.3333333
1.10638839777778	0.0052903664	-0.0010082223	99.6666667
1.10755747111111	0.0052939871	-0.0010082152	100
1.10871468222222	0.0052960509	-0.0010082254	100.3333333
1.10986392444444	0.0052984467	-0.0010082431	100.6666667
1.11100964666667	0.0053007483	-0.0010082263	101
1.11214081777778	0.0053041895	-0.0010082218	101.3333333
1.11327236	0.0053049612	-0.0010082289	101.6666667
1.11440357777778	0.0053087299	-0.0010082342	102
1.11552761777778	0.0053117449	-0.001008224	102.3333333
1.11664723333333	0.005313194	-0.0010082134	102.6666667
1.11777460666667	0.005315859	-0.0010082209	103
1.11888872	0.0053179991	-0.0010082227	103.3333333
1.11995037777778	0.0053191925	-0.0010082232	103.6666667
1.12102829111111	0.0053220639	-0.0010082307	104
1.12209785333333	0.0053244777	-0.0010082444	104.3333333
1.12314322666667	0.0053266627	-0.0010082316	104.6666667
1.12418153555556	0.0053307544	-0.0010082316	105
1.12523461111111	0.0053319389	-0.0010082254	105.3333333
1.12630091555556	0.0053340206	-0.0010082143	105.6666667
1.12736770444444	0.0053369817	-0.0010082254	106
1.12840410444444	0.0053392475	-0.0010082236	106.3333333
1.12940147333333	0.0053407505	-0.0010082205	106.6666667
1.13039941111111	0.0053426572	-0.0010082218	107
1.13141445111111	0.0053451114	-0.001008224	107.3333333
1.13242932444444	0.005346758	-0.0010082192	107.6666667
1.13346170222222	0.0053499434	-0.001008228	108
1.13446356666667	0.0053525277	-0.0010082223	108.3333333
1.13546784444444	0.0053531872	-0.0010082263	108.6666667
1.13644302666667	0.0053560451	-0.0010082098	109
1.13742947555556	0.0053587505	-0.0010082263	109.3333333
1.13839450888889	0.0053595491	-0.0010082289	109.6666667
1.13935364	0.0053624071	-0.001008232	110
1.14030620888889	0.0053648433	-0.0010082294	110.3333333
1.14128031333333	0.0053664181	-0.0010082196	110.6666667
1.14226836222222	0.0053697291	-0.0010082267	111
1.14322240222222	0.0053718333	-0.0010082338	111.3333333
1.14417181333333	0.0053735337	-0.0010082192	111.6666667
1.14513387777778	0.0053746419	-0.0010082307	112
1.14610228222222	0.0053780652	-0.0010082289	112.3333333
1.14703597777778	0.0053778453	-0.00100822	112.6666667
1.1479635	0.0053813448	-0.0010082143	113
1.14892188666667	0.0053831619	-0.0010082258	113.3333333
1.14986089777778	0.0053839605	-0.0010082325	113.6666667
1.15077668888889	0.005388474	-0.0010082263	114
1.15170508666667	0.0053904481	-0.0010082356	114.3333333
1.15263837111111	0.0053917806	-0.0010082351	114.6666667
1.15355662888889	0.0053937008	-0.001008244	115
1.15446207777778	0.0053966261	-0.0010082143	115.3333333
1.15538923555556	0.0053965812	-0.0010082285	115.6666667
1.15630221333333	0.0053999775	-0.0010082342	116
1.15718799555556	0.0054019112	-0.001008224	116.3333333
1.15809351777778	0.0054025752	-0.0010082249	116.6666667
1.15899145111111	0.005406815	-0.0010082263	117
1.15984935777778	0.005407008	-0.0010082147	117.3333333
1.16072888444444	0.0054082866	-0.001008236	117.6666667
1.16159568222222	0.0054110862	-0.0010082325	118
1.16244283777778	0.0054136391	-0.0010082187	118.3333333
1.16333861111111	0.0054136481	-0.0010082356	118.6666667
1.16420333333333	0.005417179	-0.0010082338	119
1.16506678888889	0.005418857	-0.0010082196	119.3333333
1.16594302888889	0.0054199517	-0.0010082263	119.6666667
1.16679458666667	0.0054221052	-0.0010082338	120
1.16762920888889	0.0054244248	-0.0010082351	120.3333333
1.16847192222222	0.0054251785	-0.0010082263	120.6666667
1.16928500888889	0.0054283101	-0.0010082369	121
1.17014922666667	0.0054298939	-0.0010082276	121.3333333
1.17098699555556	0.0054303291	-0.0010082285	121.6666667
1.17182144	0.0054330928	-0.0010082311	122
1.17265767111111	0.0054352329	-0.0010082356	122.3333333
1.17346021777778	0.0054360315	-0.0010082276	122.6666667
1.17428043555556	0.0054401098	-0.0010082223	123
1.17509909111111	0.005441218	-0.0010082338	123.3333333
1.17593007333333	0.0054415186	-0.0010082263	123.6666667
1.17676209777778	0.0054441387	-0.0010082192	124
1.17754491555556	0.0054468037	-0.0010082325	124.3333333
1.17837121333333	0.0054470684	-0.0010082258	124.6666667
1.17917235555556	0.0054501956	-0.0010082183	125
1.18000336444444	0.0054519229	-0.001008228	125.3333333
1.18076784888889	0.0054526991	-0.0010082347	125.6666667
1.18155511777778	0.0054555705	-0.001008236	126
1.18235074666667	0.0054574773	-0.0010082347	126.3333333
1.18315716666667	0.0054570555	-0.0010082258	126.6666667
1.18392302888889	0.0054615914	-0.0010082449	127
1.18468724444444	0.0054619459	-0.0010082334	127.3333333
1.18548594666667	0.0054636418	-0.0010082307	127.6666667
1.18626409111111	0.0054663562	-0.0010082524	128
1.18703174222222	0.0054672131	-0.0010082356	128.3333333
1.18780047333333	0.0054687206	-0.0010082311	128.6666667
1.18857620444444	0.0054722964	-0.0010082271	129
1.1893376	0.0054731847	-0.0010082365	129.3333333
1.19009697333333	0.0054743781	-0.0010082418	129.6666667
1.19084877777778	0.0054780257	-0.001008236	130
1.19163548666667	0.0054783353	-0.0010082373	130.3333333
1.19236665111111	0.0054797485	-0.0010082334	130.6666667
1.19310384888889	0.0054821219	-0.0010082515	131
1.19384152888889	0.0054837864	-0.00100824	131.3333333
1.19453078444444	0.0054845716	-0.001008248	131.6666667
1.19522252666667	0.0054875148	-0.0010082289	132
1.19591159777778	0.0054879455	-0.0010082471	132.3333333
1.19656055777778	0.0054889953	-0.0010082387	132.6666667
1.19717410222222	0.0054905297	-0.0010082458	133
1.19782531555556	0.0054927416	-0.0010082524	133.3333333
1.19839466222222	0.005493621	-0.0010082489	133.6666667
1.19899479111111	0.0054970981	-0.0010082311	134
1.19955858	0.0054980133	-0.0010082422	134.3333333
1.20011341111111	0.0054994355	-0.0010082449	134.6666667
1.20063453777778	0.0055029844	-0.0010082338	135
1.20117110222222	0.0055033433	-0.0010082378	135.3333333
1.20164374	0.0055039894	-0.00100824	135.6666667
1.20214961777778	0.0055073947	-0.0010082409	136
1.20258298444444	0.0055088439	-0.0010082524	136.3333333
1.20305108888889	0.0055097098	-0.0010082458	136.6666667
1.20347304	0.0055124286	-0.0010082356	137
1.20388492	0.0055138015	-0.001008236	137.3333333
1.20428152	0.0055132048	-0.0010082533	137.6666667
1.20464312	0.005515134	-0.0010082453	138
1.20500193777778	0.0055155961	-0.0010082489	138.3333333
1.20533617555556	0.0055163813	-0.0010082449	138.6666667
1.20564056444444	0.0055155333	-0.0010082515	139
1.20597028666667	0.0055170004	-0.0010082489	139.3333333
1.20624290888889	0.0055157397	-0.0010082382	139.6666667
1.20652301555556	0.0055156724	-0.0010082467	140
1.20675050888889	0.005516794	-0.0010082484	140.3333333
1.20700552444444	0.0055153539	-0.0010082453	140.6666667
1.20721956444444	0.0055159057	-0.0010082436	141
1.20744322	0.0055151789	-0.0010082382	141.3333333
1.20762524	0.0055157038	-0.0010082418	141.6666667
1.20780479333333	0.0055159371	-0.0010082382	142
1.20795913333333	0.0055160627	-0.0010082387	142.3333333
1.20808912666667	0.0055161345	-0.0010082356	142.6666667
1.20822287111111	0.0055153808	-0.0010082458	143
1.20833822	0.0055138329	-0.0010082329	143.3333333
1.20844246888889	0.0055159865	-0.0010082422	143.6666667
1.20852342444444	0.0055146943	-0.0010082369	144
1.20858915555556	0.0055149456	-0.0010082511	144.3333333
1.20863956444444	0.0055158205	-0.0010082498	144.6666667
1.20868813777778	0.0055153673	-0.001008236	145
1.20870762444444	0.0055160627	-0.00100824	145.3333333
1.20871384444444	0.0055148783	-0.0010082409	145.6666667
1.20871471111111	0.0055155827	-0.0010082325	146
1.20870512222222	0.0055141874	-0.0010082551	146.3333333
1.20871652	0.0055151834	-0.0010082294	146.6666667
1.20869866222222	0.0055154929	-0.0010082444	147
1.20871539333333	0.0055136445	-0.0010082462	147.3333333
1.20869516222222	0.0055148783	-0.0010082467	147.6666667
1.20870870888889	0.0055145373	-0.0010082524	148
1.20867638222222	0.005515152	-0.0010082458	148.3333333
1.20870279555556	0.0055156051	-0.0010082329	148.6666667
1.20867536666667	0.0055152372	-0.001008232	149
1.20870557111111	0.0055158698	-0.0010082356	149.3333333
1.20867228666667	0.0055150488	-0.0010082467	149.6666667
1.20869364444444	0.0055141829	-0.0010082462	150
1.20865716444444	0.0055150039	-0.0010082427	150.3333333
1.20868767555556	0.0055142547	-0.0010082369	150.6666667
1.20866655777778	0.0055155378	-0.0010082564	151
1.20869907111111	0.0055148424	-0.0010082502	151.3333333
1.20867468666667	0.005514461	-0.001008236	151.6666667
1.20869544888889	0.0055150219	-0.0010082369	152
1.20866256222222	0.0055145597	-0.0010082458	152.3333333
1.20869138666667	0.0055149052	-0.0010082387	152.6666667
1.20867916222222	0.0055147302	-0.0010082431	153
1.20871252222222	0.0055139137	-0.0010082542	153.3333333
1.20869523333333	0.0055138195	-0.0010082405	153.6666667
1.20871721555556	0.005514147	-0.0010082511	154
1.20869348444444	0.00551447	-0.0010082458	154.3333333
1.20871807333333	0.0055150129	-0.0010082507	154.6666667
1.20870692888889	0.0055146584	-0.0010082422	155
1.20873338	0.0055145597	-0.0010082493	155.3333333
1.20872114444444	0.0055140213	-0.0010082679	155.6666667
1.20873714888889	0.005514654	-0.0010082564	156
1.20872494444444	0.005513797	-0.0010082444	156.3333333
1.20873035333333	0.0055152013	-0.0010082431	156.6666667
1.20869733777778	0.0055136445	-0.0010082515	157
1.20864548888889	0.0055145059	-0.0010082471	157.3333333
1.20859625333333	0.0055148603	-0.0010082542	157.6666667
1.208508	0.0055136445	-0.0010082471	158
1.20841532222222	0.0055145463	-0.0010082511	158.3333333
1.20827590666667	0.0055145597	-0.0010082502	158.6666667
1.20816611777778	0.0055134381	-0.0010082533	159
1.20801104222222	0.005514627	-0.0010082484	159.3333333
1.20784800444444	0.0055145194	-0.0010082493	159.6666667
1.20765761333333	0.0055141829	-0.0010082551	160
1.20743191777778	0.0055142457	-0.0010082648	160.3333333
1.20723756	0.0055145014	-0.0010082622	160.6666667
1.20699163111111	0.005514479	-0.0010082471	161
1.20677774888889	0.0055144745	-0.0010082635	161.3333333
1.2064986	0.0055150892	-0.0010082489	161.6666667
1.20622652888889	0.0055138912	-0.0010082489	162
1.20591850888889	0.0055137163	-0.0010082436	162.3333333
1.20559706444444	0.0055140707	-0.0010082493	162.6666667
1.20528393333333	0.0055139899	-0.0010082511	163
1.20494527333333	0.0055144969	-0.0010082542	163.3333333
1.20455564888889	0.0055136938	-0.0010082462	163.6666667
1.20420829111111	0.0055090188	-0.001008248	164
1.20378415111111	0.0055089336	-0.0010082542	164.3333333
1.20337740222222	0.0055076774	-0.00100824	164.6666667
1.20295750888889	0.0055055059	-0.0010082444	165
1.20251652666667	0.0055046534	-0.00100824	165.3333333
1.20203972666667	0.0055017237	-0.001008244	165.6666667
1.20158495555556	0.0055001489	-0.0010082444	166
1.20106165777778	0.0054996419	-0.001008248	166.3333333
1.20055932888889	0.0054963353	-0.0010082484	166.6666667
1.20003784	0.0054948323	-0.0010082657	167
1.19949632444444	0.0054941504	-0.0010082591	167.3333333
1.19891321777778	0.0054926788	-0.001008248	167.6666667
1.19836879555556	0.0054897715	-0.00100824	168
1.19774051333333	0.0054896683	-0.001008256	168.3333333
1.19712917555556	0.005488421	-0.0010082511	168.6666667
1.19650332222222	0.0054852221	-0.0010082458	169
1.19586464	0.0054865367	-0.0010082573	169.3333333
1.19516485333333	0.0054827276	-0.0010082453	169.6666667
1.19451057555556	0.0054809061	-0.0010082577	170
1.19380610444444	0.0054801523	-0.0010082409	170.3333333
1.19309806	0.0054779763	-0.0010082595	170.6666667
1.19234318222222	0.0054763343	-0.0010082493	171
1.19162118	0.005475069	-0.0010082493	171.3333333
1.19086287777778	0.005471583	-0.0010082569	171.6666667
1.19011195777778	0.0054703402	-0.0010082524	172
1.18937756222222	0.0054700935	-0.0010082569	172.3333333
1.18862553555556	0.0054678233	-0.001008248	172.6666667
1.1878944	0.0054649653	-0.001008244	173
1.18710606222222	0.0054649384	-0.0010082498	173.3333333
1.18634823555556	0.0054625471	-0.0010082471	173.6666667
1.18557241777778	0.0054602679	-0.001008256	174
1.18483855333333	0.0054595545	-0.0010082724	174.3333333
1.18407766222222	0.005457226	-0.0010082507	174.6666667
1.18330060888889	0.0054549109	-0.0010082573	175
1.18253280888889	0.0054539912	-0.0010082538	175.3333333
1.18172935777778	0.0054522145	-0.0010082679	175.6666667
1.18098152	0.005449711	-0.00100826	176
1.18018718666667	0.0054497379	-0.00100826	176.3333333
1.17941467555556	0.0054464583	-0.0010082436	176.6666667
1.17861175555556	0.0054443361	-0.0010082644	177
1.17781156444444	0.0054444483	-0.0010082489	177.3333333
1.17702409111111	0.0054413346	-0.0010082538	177.6666667
1.17622264222222	0.0054389792	-0.0010082657	178
1.17544876222222	0.0054397105	-0.0010082662	178.3333333
1.17467789777778	0.0054364353	-0.0010082631	178.6666667
1.17385305333333	0.0054335011	-0.0010082671	179
1.17304640888889	0.0054330255	-0.0010082475	179.3333333
1.17222872444444	0.0054305444	-0.0010082533	179.6666667
1.17138832888889	0.0054274801	-0.0010082773	180
1.1705819	0.0054276102	-0.0010082586	180.3333333
1.16975014444444	0.0054250978	-0.0010082715	180.6666667
1.16892055111111	0.0054222488	-0.0010082542	181
1.16812373111111	0.0054212259	-0.0010082542	181.3333333
1.16730504888889	0.00541883	-0.0010082648	181.6666667
1.16647296888889	0.0054169008	-0.0010082502	182
1.16565804666667	0.0054164297	-0.0010082462	182.3333333
1.16483452222222	0.0054135494	-0.0010082622	182.6666667
1.16397441777778	0.0054118848	-0.0010082679	183
1.16313342666667	0.0054106555	-0.0010082635	183.3333333
1.16230610444444	0.0054089596	-0.0010082653	183.6666667
1.16143072222222	0.0054055229	-0.0010082671	184
1.16057396888889	0.0054057562	-0.0010082555	184.3333333
1.15974085555556	0.0054030284	-0.0010082653	184.6666667
1.15887712	0.005400498	-0.0010082569	185
1.15800004222222	0.0053995782	-0.0010082577	185.3333333
1.15714563555556	0.005395823	-0.0010082538	185.6666667
1.15629125777778	0.0053942572	-0.0010082653	186
1.15540477555556	0.0053931221	-0.0010082644	186.3333333
1.15451039777778	0.0053905423	-0.0010082546	186.6666667
1.15364316222222	0.005387967	-0.0010082617	187
1.15275874	0.0053872357	-0.001008256	187.3333333
1.15183617111111	0.0053839156	-0.0010082573	187.6666667
1.15090961777778	0.0053825607	-0.0010082768	188
1.15000335111111	0.0053806629	-0.0010082697	188.3333333
1.14910215777778	0.0053778678	-0.0010082782	188.6666667
1.1481762	0.0053758174	-0.0010082586	189
1.14723466666667	0.00537562	-0.0010082653	189.3333333
1.14630804888889	0.005372614	-0.0010082679	189.6666667
1.14540661555556	0.0053711693	-0.0010082764	190
1.14449548888889	0.0053707117	-0.0010082631	190.3333333
1.14355239111111	0.0053673827	-0.0010082613	190.6666667
1.14257784222222	0.0053650407	-0.0010082582	191
1.14161298444444	0.0053640447	-0.0010082546	191.3333333
1.14065129333333	0.0053604195	-0.0010082679	191.6666667
1.13971529111111	0.0053580731	-0.0010082573	192
1.13876279777778	0.0053567226	-0.0010082573	192.3333333
1.13780613333333	0.0053533756	-0.0010082542	192.6666667
1.13682223555556	0.0053524783	-0.0010082458	193
1.13583983777778	0.0053510157	-0.0010082577	193.3333333
1.13486183555556	0.0053478572	-0.0010082475	193.6666667
1.13385689555556	0.0053465695	-0.00100826	194
1.13286491777778	0.0053445551	-0.0010082671	194.3333333
1.13188760222222	0.0053416567	-0.00100826	194.6666667
1.13089425555556	0.0053394314	-0.0010082631	195
1.12987434444444	0.0053376009	-0.0010082542	195.3333333
1.12886376444444	0.0053350436	-0.0010082666	195.6666667
1.12784280222222	0.0053329528	-0.0010082609	196
1.12679458888889	0.005331046	-0.00100826	196.3333333
1.12574379555556	0.0053282868	-0.0010082626	196.6666667
1.12470107333333	0.0053262813	-0.0010082693	197
1.12364029111111	0.0053245809	-0.0010082671	197.3333333
1.12256600888889	0.0053215435	-0.0010082702	197.6666667
1.12150822444444	0.0053178735	-0.0010082595	198
1.12043627777778	0.0053168909	-0.0010082666	198.3333333
1.11935067333333	0.0053139567	-0.0010082524	198.6666667
1.11825897777778	0.005311691	-0.0010082529	199
1.11717183555556	0.0053106501	-0.00100826	199.3333333
1.11608213333333	0.0053077025	-0.0010082657	199.6666667
1.11496150222222	0.0053038216	-0.0010082715	200
1.11386678222222	0.0053033101	-0.0010082609	200.3333333
1.11274034222222	0.0052992632	-0.0010082591	200.6666667
1.11161109777778	0.0052967418	-0.0010082551	201
1.11045400666667	0.0052950683	-0.0010082529	201.3333333
1.10931098444444	0.0052914477	-0.0010082644	201.6666667
1.10813677111111	0.0052892044	-0.0010082648	202
1.10697436222222	0.0052873873	-0.0010082733	202.3333333
1.10583233555556	0.0052829591	-0.0010082529	202.6666667
1.10467771111111	0.0052825418	-0.0010082617	203
1.10349655333333	0.0052810299	-0.0010082684	203.3333333
1.10233182	0.0052764401	-0.0010082609	203.6666667
1.10114403333333	0.0052747307	-0.0010082622	204
1.09994180444444	0.0052720164	-0.0010082609	204.3333333
1.09871942666667	0.0052672831	-0.0010082577	204.6666667
1.09747044888889	0.0052665787	-0.0010082644	205
1.09623124	0.0052638015	-0.0010082644	205.3333333
1.09500365111111	0.0052601001	-0.0010082666	205.6666667
1.09375958888889	0.0052584625	-0.00100826	206
1.09251372222222	0.0052553847	-0.001008252	206.3333333
1.09124661777778	0.0052507501	-0.0010082609	206.6666667
1.08995714	0.0052496823	-0.0010082617	207
1.08865654666667	0.0052470532	-0.0010082648	207.3333333
1.08737253555556	0.0052412745	-0.0010082657	207.6666667
1.08607566666667	0.0052411264	-0.001008264	208
1.08473532666667	0.0052366399	-0.0010082657	208.3333333
1.08339605555556	0.0052335666	-0.0010082613	208.6666667
1.08206171111111	0.0052320367	-0.0010082591	209
1.08073685333333	0.0052282051	-0.0010082804	209.3333333
1.07937271555556	0.0052238218	-0.001008264	209.6666667
1.07801221777778	0.0052210132	-0.0010082733	210
1.07663413333333	0.0052203985	-0.0010082679	210.3333333
1.07525470666667	0.0052148935	-0.0010082693	210.6666667
1.07382961111111	0.0052119055	-0.0010082644	211
1.07242134888889	0.0052076522	-0.0010082684	211.3333333
1.07102317111111	0.0052046372	-0.0010082626	211.6666667
1.06957329333333	0.005200043	-0.0010082733	212
1.06814742666667	0.0051996796	-0.0010082586	212.3333333
1.06671295555556	0.0051948117	-0.0010082626	212.6666667
1.06523962444444	0.0051913839	-0.0010082622	213
1.06378740888889	0.0051871666	-0.0010082573	213.3333333
1.06231756888889	0.005183519	-0.0010082706	213.6666667
1.06082105555556	0.0051801361	-0.0010082835	214
1.05931744666667	0.0051765693	-0.0010082773	214.3333333
1.05779448888889	0.0051720559	-0.0010082719	214.6666667
1.05626487555556	0.0051682647	-0.0010082613	215
1.05469948222222	0.0051643973	-0.0010082733	215.3333333
1.05314060444444	0.0051608125	-0.0010082555	215.6666667
1.05156676666667	0.0051575553	-0.0010082582	216
1.05000412	0.0051532392	-0.0010082693	216.3333333
1.04842720888889	0.0051481335	-0.0010082719	216.6666667
1.04684566222222	0.0051457556	-0.001008275	217
1.04523582888889	0.0051412825	-0.0010082622	217.3333333
1.04362296	0.0051363114	-0.0010082711	217.6666667
1.04198019555556	0.0051324844	-0.0010082702	218
1.04035597777778	0.0051293438	-0.0010082648	218.3333333
1.03869995333333	0.0051231613	-0.0010082759	218.6666667
1.03703235742	0.005120438	-0.001008264	219
1.03536153184444	0.0051145157	-0.0010082609	219.3333333
1.03366886366222	0.0051113751	-0.0010082679	219.6666667
1.03197084183333	0.005106579	-0.0010082759	220
1.03024067899556	0.0051021732	-0.0010082635	220.3333333
1.02853303825333	0.0050964887	-0.001008256	220.6666667
1.02680827720889	0.0050937295	-0.0010082755	221
1.02505392608	0.0050886148	-0.0010082804	221.3333333
1.02329445480889	0.0050835046	-0.0010082577	221.6666667
1.02152092456	0.0050782599	-0.0010082675	222
1.0197496192	0.0050715973	-0.0010082635	222.3333333
1.01793939526889	0.00506703	-0.0010082622	222.6666667
1.01611875373333	0.0050638356	-0.001008283	223
1.01430455442889	0.0050578909	-0.0010082706	223.3333333
1.01247034803333	0.0050530992	-0.0010082759	223.6666667
1.01063942820889	0.0050489626	-0.0010082777	224
1.00876202041778	0.0050427981	-0.0010082675	224.3333333
1.00689555251111	0.0050361042	-0.0010082826	224.6666667
1.00499769008222	0.0050317567	-0.0010082821	225
1.00311123225556	0.0050263863	-0.0010082844	225.3333333
1.00121242958	0.0050198449	-0.0010082746	225.6666667
0.999292725395556	0.0050151429	-0.0010082817	226
0.997359548560001	0.0050097232	-0.0010082657	226.3333333
0.995405999795556	0.0050035452	-0.0010082821	226.6666667
0.993451342700001	0.0049990945	-0.0010082662	227
0.991461584655556	0.0049928133	-0.0010082653	227.3333333
0.989473317771112	0.0049861239	-0.0010082693	227.6666667
0.987490113904445	0.0049811618	-0.0010082666	228
0.985470525695556	0.0049756253	-0.001008275	228.3333333
0.983437575680001	0.0049698152	-0.0010082626	228.6666667
0.981413377737778	0.0049637046	-0.0010082644	229
0.979351668842223	0.004956876	-0.0010082657	229.3333333
0.977270538873334	0.0049508326	-0.0010082591	229.6666667
0.975196799855556	0.0049469697	-0.0010082817	230
0.973101898313334	0.004938849	-0.001008283	230.3333333
0.970996718926667	0.0049337613	-0.0010082662	230.6666667
0.968875328720001	0.0049286152	-0.0010082702	231
0.966729201460001	0.0049215399	-0.0010082782	231.3333333
0.964568502975556	0.0049160349	-0.0010082715	231.6666667
0.962397338782223	0.0049100543	-0.0010082715	232
0.96019078718889	0.0049025034	-0.0010082711	232.3333333
0.95797542696889	0.0048967292	-0.0010082773	232.6666667
0.955766649224445	0.0048919062	-0.0010082759	233
0.953510088777779	0.0048853513	-0.0010082777	233.3333333
0.951243754251112	0.0048789265	-0.0010082742	233.6666667
0.948978554704445	0.0048739689	-0.0010082875	234
0.946674390691112	0.0048678806	-0.0010082719	234.3333333
0.944373289833334	0.0048594683	-0.001008279	234.6666667
0.942057403891112	0.0048543492	-0.0010082813	235
0.939722617622223	0.0048457125	-0.0010082675	235.3333333
0.937348252391112	0.0048405395	-0.0010082733	235.6666667
0.934967891195556	0.0048349224	-0.001008275	236
0.932563667173334	0.0048273132	-0.0010082657	236.3333333
0.930143708397778	0.0048215076	-0.0010082706	236.6666667
0.927717371924445	0.0048147149	-0.0010082671	237
0.925242993240001	0.0048078998	-0.0010082604	237.3333333
0.922769983200001	0.0048017263	-0.0010082755	237.6666667
0.920270698911112	0.0047951176	-0.0010082742	238
0.917747114202223	0.0047884596	-0.0010082773	238.3333333
0.915193819668889	0.0047820931	-0.0010082742	238.6666667
0.912637797157778	0.0047761709	-0.0010082688	239
0.910058898733334	0.0047690014	-0.0010082697	239.3333333
0.907457943720001	0.0047617152	-0.0010082622	239.6666667
0.904848283384445	0.0047562012	-0.0010082724	240
0.902195738857778	0.0047481209	-0.0010082813	240.3333333
0.899517460093334	0.0047408796	-0.0010082671	240.6666667
0.896843389677778	0.0047359175	-0.0010082666	241
0.894113530711112	0.0047264957	-0.0010082839	241.3333333
0.891361419635556	0.0047208741	-0.0010082613	241.6666667
0.888598126640001	0.0047152255	-0.0010082733	242
0.885800747882223	0.0047068984	-0.001008275	242.3333333
0.882972551351112	0.0046999936	-0.0010082835	242.6666667
0.88011655364889	0.0046933894	-0.0010082808	243
0.877227168473334	0.00468469	-0.0010082688	243.3333333
0.874315596360001	0.0046776371	-0.0010082786	243.6666667
0.871380962124445	0.0046707502	-0.0010082844	244
0.868418154297778	0.004663473	-0.001008287	244.3333333
0.865426176655556	0.004655653	-0.0010082746	244.6666667
0.86240868822889	0.0046499326	-0.0010082715	245
0.859351518424445	0.0046413274	-0.0010082679	245.3333333
0.856264871557779	0.0046331663	-0.0010082857	245.6666667
0.853151838717778	0.0046259026	-0.0010082737	246
0.849996945842223	0.0046177909	-0.001008264	246.3333333
0.846812119691112	0.004608921	-0.0010082906	246.6666667
0.843604007964445	0.0046023661	-0.0010082706	247
0.840361959442223	0.0045928636	-0.0010082742	247.3333333
0.837085638946667	0.0045860216	-0.0010082733	247.6666667
0.833775344415556	0.0045774029	-0.0010082724	248
0.830434232111112	0.0045684926	-0.0010082684	248.3333333
0.827057265046667	0.0045592009	-0.0010082648	248.6666667
0.823644759782223	0.0045517487	-0.001008275	249
0.820199360500001	0.0045422417	-0.0010082777	249.3333333
0.816719642693334	0.0045326136	-0.0010082773	249.6666667
0.813213194424445	0.0045249774	-0.0010082711	250
0.809658694633334	0.0045132855	-0.0010082817	250.3333333
0.806079186824445	0.0045036483	-0.0010082622	250.6666667
0.802469894706668	0.0044950835	-0.0010082777	251
0.798817485635556	0.0044829922	-0.0010082782	251.3333333
0.795138206442223	0.0044733147	-0.0010082799	251.6666667
0.791422700073334	0.004461533	-0.0010082671	252
0.787675193493334	0.0044504512	-0.0010082852	252.3333333
0.783890482133334	0.0044395489	-0.0010082711	252.6666667
0.780085241106668	0.0044285254	-0.0010082897	253
0.776231892695556	0.0044150927	-0.0010082768	253.3333333
0.772353256951112	0.004403625	-0.0010082813	253.6666667
0.768437565393334	0.0043924983	-0.0010082821	254
0.764480311735556	0.0043798328	-0.0010082826	254.3333333
0.760488655757779	0.0043663686	-0.0010082813	254.6666667
0.756473946966667	0.0043552509	-0.0010082759	255
0.752418420920001	0.0043414996	-0.0010082923	255.3333333
0.748329256013334	0.0043295609	-0.0010082777	255.6666667
0.744212029242223	0.0043167607	-0.0010082848	256
0.740063295717779	0.0043040099	-0.0010082804	256.3333333
0.73588430304889	0.0042924032	-0.0010082923	256.6666667
0.731674641575557	0.004280617	-0.0010082755	257
0.727429106722223	0.0042666145	-0.0010082719	257.3333333
0.723161124237779	0.0042563582	-0.001008275	257.6666667
0.718865303342223	0.0042432978	-0.0010082711	258
0.714570013144445	0.0042307041	-0.0010082817	258.3333333
0.710214875015556	0.0042175943	-0.0010082821	258.6666667
0.705837698917779	0.0042054717	-0.0010082764	259
0.701459293833334	0.0041937617	-0.0010082848	259.3333333
0.697022977402223	0.0041818993	-0.0010082737	259.6666667
0.692564129546668	0.0041697721	-0.0010082861	260
0.688110085911112	0.004156133	-0.0010082728	260.3333333
0.68359701366889	0.0041436648	-0.0010082733	260.6666667
0.679057359933334	0.00413191	-0.0010082777	261
0.674525554953334	0.0041182889	-0.0010082786	261.3333333
0.669937142097779	0.0041050535	-0.0010082959	261.6666667
0.665331318593334	0.0040936352	-0.0010082782	262
0.660730345864445	0.0040800948	-0.0010082915	262.3333333
0.656071052126668	0.0040658948	-0.0010082879	262.6666667
0.651396209844445	0.0040532113	-0.0010082901	263
0.646730845655557	0.0040372706	-0.0010082768	263.3333333
0.64200587560889	0.0040236135	-0.0010082799	263.6666667
0.637263439051112	0.004008763	-0.0010082875	264
0.632536439313334	0.0039940964	-0.0010082808	264.3333333
0.627747040564446	0.0039797888	-0.0010082915	264.6666667
0.622942149133334	0.0039651536	-0.0010082768	265
0.618152564173334	0.0039496526	-0.0010082773	265.3333333
0.613307935502223	0.0039346361	-0.0010082746	265.6666667
0.608441706457779	0.0039195208	-0.0010082777	266
0.603587115546668	0.0039037416	-0.001008279	266.3333333
0.598681121333334	0.0038894564	-0.0010082861	266.6666667
0.593754392620001	0.0038747226	-0.0010082932	267
0.588842095193334	0.0038604149	-0.0010082884	267.3333333
0.583873040920001	0.0038464393	-0.0010082773	267.6666667
0.578889518122223	0.0038307094	-0.001008275	268
0.573922102500001	0.0038151545	-0.001008275	268.3333333
0.568899345231112	0.0038002995	-0.0010082861	268.6666667
0.563854373093334	0.0037864944	-0.0010082782	269
0.558826234351112	0.0037696563	-0.0010082928	269.3333333
0.553746357126668	0.0037549584	-0.0010082804	269.6666667
0.548646490246668	0.003740404	-0.0010082755	270
0.543563391586668	0.0037244004	-0.0010082923	270.3333333
0.538429923091112	0.0037083026	-0.001008283	270.6666667
0.533280654666668	0.0036913704	-0.0010082808	271
0.528144346466668	0.0036762013	-0.0010082813	271.3333333
0.522953571806668	0.0036587576	-0.0010082813	271.6666667
0.517750972802223	0.0036429828	-0.0010082777	272
0.512566222040001	0.0036263153	-0.0010082782	272.3333333
0.507320915746668	0.0036100919	-0.0010082968	272.6666667
0.502060545053334	0.0035922084	-0.0010082884	273
0.49678929968889	0.0035756172	-0.0010082928	273.3333333
0.49149733844889	0.0035607308	-0.0010082915	273.6666667
0.486185955495557	0.0035437491	-0.0010082808	274
0.480860690577779	0.0035272565	-0.001008287	274.3333333
0.475519299862223	0.0035103198	-0.001008291	274.6666667
0.470160824366668	0.0034933068	-0.0010082835	275
0.464787042402223	0.0034760559	-0.0010082915	275.3333333
0.459398652253335	0.0034589801	-0.0010082866	275.6666667
0.453994322515557	0.0034412402	-0.0010082968	276
0.448574732860001	0.0034230786	-0.0010082915	276.3333333
0.443137276342223	0.0034060208	-0.0010082923	276.6666667
0.437685118537779	0.0033874958	-0.0010082875	277
0.432221657780001	0.0033713127	-0.0010082848	277.3333333
0.426741317073334	0.0033542593	-0.0010083021	277.6666667
0.421245232300001	0.0033347966	-0.001008283	278
0.415737453533334	0.0033167338	-0.0010082746	278.3333333
0.410217049720001	0.0032985183	-0.0010082968	278.6666667
0.404682158760001	0.0032800875	-0.0010082835	279
0.399129940946668	0.003262065	-0.0010082777	279.3333333
0.393566494664445	0.0032437419	-0.0010082852	279.6666667
0.387994082364445	0.0032247055	-0.0010082755	280
0.38240644738889	0.0032064227	-0.0010082813	280.3333333
0.376802975242223	0.0031878304	-0.0010082946	280.6666667
0.371194354384446	0.0031689734	-0.0010082852	281
0.365576869924446	0.0031491832	-0.001008283	281.3333333
0.359938948904446	0.0031303486	-0.001008287	281.6666667
0.354292164284446	0.0031110878	-0.001008287	282
0.348638908860001	0.0030913515	-0.001008299	282.3333333
0.342973596333334	0.0030741724	-0.0010082888	282.6666667
0.337293787346668	0.0030535074	-0.0010082906	283
0.331606232020001	0.0030324923	-0.0010082954	283.3333333
0.325911256217779	0.0030147704	-0.0010082835	283.6666667
0.320207137500001	0.0029946527	-0.001008283	284
0.314494229664446	0.0029749971	-0.0010082817	284.3333333
0.308769199551112	0.0029550364	-0.0010082813	284.6666667
0.303040519720001	0.002934784	-0.0010082777	285
0.297304233204446	0.0029137511	-0.0010082866	285.3333333
0.29155692304889	0.002894239	-0.001008275	285.6666667
0.285804129006668	0.00287256	-0.0010082835	286
0.280043756213335	0.0028513251	-0.0010082835	286.3333333
0.274275972257779	0.0028317368	-0.001008283	286.6666667
0.26849931538889	0.0028112601	-0.0010082777	287
0.262717426015557	0.0027891728	-0.0010082835	287.3333333
0.256932454864446	0.0027680052	-0.0010082746	287.6666667
0.25114295880889	0.0027467748	-0.0010082968	288
0.245345716411112	0.0027244901	-0.0010082773	288.3333333
0.239540997677779	0.0027034616	-0.0010082795	288.6666667
0.233736204460001	0.0026798802	-0.0010082795	289
0.227927919802223	0.0026591433	-0.0010082733	289.3333333
0.222108546331112	0.0026364997	-0.0010082937	289.6666667
0.216283903115557	0.002612371	-0.0010082799	290
0.210462546506668	0.0025914546	-0.0010082746	290.3333333
0.204632465955557	0.0025679495	-0.0010082848	290.6666667
0.19879990880889	0.0025446643	-0.0010082795	291
0.192969148591112	0.0025205266	-0.0010082817	291.3333333
0.187169355115557	0.0024965639	-0.001008275	291.6666667
0.181329554395557	0.0024713853	-0.001008279	292
0.175485833951112	0.0024473867	-0.0010082777	292.3333333
0.169643612500001	0.0024233837	-0.0010082786	292.6666667
0.16380635354889	0.0023970655	-0.0010082671	293
0.157956478860001	0.0023709762	-0.0010082866	293.3333333
0.152127918951164	0.0023455329	-0.0010082786	293.6666667
0.146285244839026	0.0023165049	-0.0010082915	294
0.140420569887181	0.0022893432	-0.0010082892	294.3333333
0.134583264170272	0.0022628995	-0.0010082892	294.6666667
0.12872752735143	0.0022335798	-0.0010082768	295
0.122854109175759	0.0022038833	-0.001008283	295.3333333
0.117015418945163	0.0021744335	-0.0010082746	295.6666667
0.111152444055174	0.0021433686	-0.0010082906	296
0.105272962281484	0.0021121601	-0.0010082795	296.3333333
0.0994339473680023	0.0020789999	-0.0010082844	296.6666667
0.0935680269565242	0.0020456558	-0.0010082817	297
0.0876797836714313	0.0020109119	-0.0010082795	297.3333333
0.0818571206526346	0.0019762398	-0.001008275	297.6666667
0.0760039984411798	0.0019392526	-0.0010082906	298
0.0701142665733371	0.001902068	-0.0010082857	298.3333333
0.064317185315389	0.0018644527	-0.0010082742	298.6666667
0.0584835901454597	0.0018256215	-0.0010082866	299
0.0526214924555619	0.0017867769	-0.0010082839	299.3333333
0.0469278587000081	0.0017478739	-0.0010082635	299.6666667
0.0408809444400114	0.001709976	-0.001008264	300
0.0349901873333523	0.0016689913	-0.0010082839	300.3333333
0.0295146322000569	0.0016347454	-0.0010082826	300.6666667
