Calibrated Field (T)	Sample Voltage (V)	Sample Current (A)	Acquisition Time (s)	
Teslas	Volts	Amps	Seconds	
0.0283758642	0.016151465	-0.010028168	0
0.0262666156333333	0.0162109926	-0.0100283724	0.2
0.02790141944	0.0163986604	-0.0100285609	0.4
0.0302496899857143	0.0165916942	-0.0100287264	0.6
0.0328535192888889	0.016765723	-0.0100288776	0.8
0.0356017732818182	0.0169587702	-0.0100290302	1
0.0384429741230769	0.017148789	-0.0100291637	1.2
0.0413403061733333	0.017346924	-0.0100292879	1.4
0.0442774827294118	0.0175549339	-0.0100294147	1.6
0.0472544684421053	0.0177548859	-0.0100295039	1.8
0.0502576347904762	0.0179620792	-0.0100296081	2
0.0532892783695652	0.0181674779	-0.0100296981	2.2
0.056348028044	0.0183761428	-0.0100297984	2.4
0.0594266188407407	0.0185721557	-0.0100298658	2.6
0.0625258577931034	0.0187762264	-0.0100299767	2.8
0.0656447894129032	0.0189762906	-0.0100300334	3
0.0687825628878788	0.0191758612	-0.0100301079	3.2
0.0719265871371428	0.0193705147	-0.0100301736	3.4
0.0750929924351351	0.0195586267	-0.0100302352	3.6
0.0782746399871795	0.0197474925	-0.0100302938	3.8
0.0814713123365853	0.0199414101	-0.0100303434	4
0.0846777463395349	0.0201286383	-0.0100304086	4.2
0.0878960760222222	0.0203157139	-0.0100304614	4.4
0.0908681850444444	0.0204997387	-0.0100305173	4.6
0.0939907239111111	0.0206792724	-0.0100305586	4.8
0.0971757083422222	0.0208534851	-0.0100306002	5
0.100363718686667	0.0210280299	-0.0100306424	5.2
0.103556896364444	0.0212069175	-0.0100306929	5.4
0.106764710155556	0.0213781916	-0.0100307337	5.6
0.109985716935556	0.0215482677	-0.0100307892	5.8
0.113216499744444	0.0217145975	-0.0100308083	6
0.116454274744444	0.0218831751	-0.0100308513	6.2
0.119702458888889	0.0220414336	-0.0100308912	6.4
0.122958836277778	0.022201074	-0.0100309338	6.6
0.126223211391111	0.022368005	-0.0100309484	6.8
0.12949575182	0.0225297092	-0.0100309843	7
0.132777202402222	0.022691225	-0.0100310167	7.2
0.136067321066667	0.0228489766	-0.0100310495	7.4
0.139363044653333	0.0230056558	-0.0100310788	7.6
0.142665499737778	0.0231537344	-0.0100311134	7.8
0.145977935684444	0.0233040472	-0.0100311409	8
0.149295771724444	0.0234580615	-0.0100311644	8.2
0.152621949977778	0.0236095184	-0.0100312065	8.4
0.155958909797778	0.023755928	-0.0100312203	8.6
0.159295162017778	0.0239001391	-0.01003125	8.8
0.162637289168889	0.0240440856	-0.0100312744	9
0.165988270611111	0.0241897638	-0.0100312983	9.2
0.169342771424444	0.0243347287	-0.010031329	9.4
0.172702849231111	0.0244800794	-0.0100313569	9.6
0.176068904382222	0.0246248694	-0.0100313627	9.8
0.179439056155556	0.0247660835	-0.0100313946	10
0.182811861422222	0.0249013395	-0.0100314141	10.2
0.186191509911111	0.0250397047	-0.0100314327	10.4
0.189575953311111	0.0251814841	-0.0100314571	10.6
0.192965024033333	0.0253174265	-0.0100314873	10.8
0.196356608591111	0.0254567653	-0.0100315019	11
0.199752057008889	0.0255930846	-0.0100315241	11.2
0.203153771397778	0.025730696	-0.0100315547	11.4
0.206556184075556	0.0258591908	-0.0100315671	11.6
0.209960775408889	0.0259915754	-0.0100315742	11.8
0.213366828493333	0.0261273788	-0.0100316004	12
0.216777285446667	0.0262592743	-0.0100316323	12.2
0.220187453773333	0.0263933459	-0.0100316434	12.4
0.223600322146667	0.0265265919	-0.010031658	12.6
0.227013078795556	0.0266583484	-0.0100316784	12.8
0.230428377213333	0.0267838551	-0.0100317033	13
0.233846496713333	0.0269130588	-0.0100317272	13.2
0.237265416915556	0.0270463003	-0.0100317534	13.4
0.240687260617778	0.0271693349	-0.010031764	13.6
0.244115658917778	0.0273009748	-0.010031788	13.8
0.247538703675556	0.027424144	-0.0100317982	14
0.250961552913333	0.0275477888	-0.0100318248	14.2
0.254384793191111	0.0276764765	-0.0100318417	14.4
0.257808945897778	0.0278043162	-0.0100318607	14.6
0.261231450644444	0.0279301998	-0.0100318754	14.8
0.26465243778	0.0280548765	-0.0100319007	15
0.268074393206667	0.0281808499	-0.0100319193	15.2
0.271495184822222	0.0282988685	-0.010031937	15.4
0.274916749208889	0.0284206604	-0.0100319494	15.6
0.278336730811111	0.0285473067	-0.0100319663	15.8
0.281755539286667	0.0286653613	-0.0100319898	16
0.285173165331111	0.0287891272	-0.0100319996	16.2
0.288587793391111	0.0289094654	-0.010032016	16.4
0.292002356277778	0.029032352	-0.0100320386	16.6
0.295414675331111	0.0291501867	-0.0100320488	16.8
0.298824750553333	0.0292646565	-0.0100320763	17
0.302231464682222	0.0293871618	-0.0100320971	17.2
0.305634957377778	0.0295072443	-0.0100321082	17.4
0.30903618762	0.0296268781	-0.010032122	17.6
0.312436989577778	0.0297481046	-0.0100321433	17.8
0.31583494252	0.0298711393	-0.0100321557	18
0.31922783986	0.0299898354	-0.0100321774	18.2
0.322618744751111	0.0301042873	-0.0100321912	18.4
0.326007359255555	0.0302233738	-0.0100321974	18.6
0.329394614426667	0.0303414822	-0.0100322306	18.8
0.332779979566667	0.0304564949	-0.0100322399	19
0.336157924233333	0.0305661013	-0.0100322448	19.2
0.33953016156	0.0306825317	-0.0100322705	19.4
0.342899168142222	0.030799321	-0.0100322834	19.6
0.346263714988889	0.0309121308	-0.0100322816	19.8
0.349624816951111	0.0310263225	-0.0100322905	20
0.352980528128889	0.0311421652	-0.0100323242	20.2
0.356331584055555	0.0312559172	-0.0100323371	20.4
0.359679818895555	0.031366035	-0.0100323513	20.6
0.363024683335555	0.0314757311	-0.010032369	20.8
0.366366745311111	0.0315902234	-0.0100323774	21
0.369701424057778	0.0317008123	-0.010032412	21.2
0.373033663451111	0.0318128953	-0.0100324147	21.4
0.376361107933333	0.0319208686	-0.0100324417	21.6
0.379683198873333	0.0320338444	-0.0100324524	21.8
0.383002412866666	0.0321398436	-0.0100324582	22
0.386313927073333	0.0322473593	-0.010032475	22.2
0.389623476764444	0.0323597697	-0.0100324843	22.4
0.392924870451111	0.0324694838	-0.0100325069	22.6
0.396219383673333	0.032581504	-0.0100325132	22.8
0.399507826446667	0.0326905137	-0.0100325367	23
0.402793848488889	0.0328025024	-0.0100325313	23.2
0.406074870786666	0.0329034453	-0.0100325402	23.4
0.409349161591111	0.0330110103	-0.0100325633	23.6
0.412618918177778	0.0331172742	-0.0100325717	23.8
0.415884969184444	0.0332217211	-0.0100325961	24
0.419147649788889	0.033327496	-0.0100326098	24.2
0.422401029195555	0.0334289009	-0.0100326245	24.4
0.425647686417778	0.0335312257	-0.0100326577	24.6
0.428890405295555	0.0336374133	-0.0100326631	24.8
0.432126066811111	0.0337433273	-0.0100326835	25
0.435355369248889	0.0338475947	-0.0100326888	25.2
0.438579792982222	0.0339499867	-0.0100326937	25.4
0.441799617326666	0.0340553713	-0.0100327132	25.6
0.445014609517777	0.0341569153	-0.0100327345	25.8
0.448221939162222	0.0342594868	-0.0100327265	26
0.45142507908	0.0343657373	-0.0100327522	26.2
0.454622325446666	0.0344678018	-0.0100327602	26.4
0.457811955817778	0.0345714321	-0.0100327753	26.6
0.460996092993333	0.0346732812	-0.010032789	26.8
0.464173331084444	0.0347734659	-0.010032813	27
0.467344610448888	0.0348716405	-0.0100328196	27.2
0.470509297975555	0.0349699992	-0.010032832	27.4
0.473666639515555	0.0350731898	-0.0100328445	27.6
0.476822025848889	0.0351739218	-0.0100328689	27.8
0.479976360093333	0.0352695391	-0.0100328826	28
0.483125433902222	0.0353666909	-0.0100328968	28.2
0.486270560055555	0.0354644797	-0.0100329061	28.4
0.489410705088889	0.0355591862	-0.0100329163	28.6
0.492545403477777	0.0356538928	-0.0100329292	28.8
0.495674915913333	0.0357517085	-0.010032931	29
0.498802286933333	0.0358499146	-0.0100329398	29.2
0.501927293084444	0.035947026	-0.0100329522	29.4
0.505039320391111	0.0360400366	-0.0100329855	29.6
0.508145174831111	0.0361364122	-0.0100329695	29.8
0.511245955046666	0.0362366282	-0.0100329815	30
0.514342052075555	0.036333762	-0.0100329979	30.2
0.517432711768888	0.0364324212	-0.0100329997	30.4
0.520518604484444	0.0365292275	-0.0100330325	30.6
0.523599404353333	0.036625621	-0.0100330463	30.8
0.526672774439999	0.0367202199	-0.0100330494	31
0.529743044126666	0.0368137061	-0.0100330547	31.2
0.532806032997777	0.0369107457	-0.0100330844	31.4
0.535863947644444	0.0370057888	-0.0100330977	31.6
0.538915978048888	0.037101931	-0.0100331088	31.8
0.541962617671111	0.0371936495	-0.010033111	32
0.545001976477777	0.0372863775	-0.0100331168	32.2
0.548036773137777	0.0373748164	-0.010033147	32.4
0.551065136237777	0.0374653864	-0.0100331536	32.6
0.554085492302222	0.0375562165	-0.0100331651	32.8
0.557100569308888	0.0376451848	-0.0100331753	33
0.560110646573333	0.0377371366	-0.0100331811	33.2
0.563114969946666	0.0378240546	-0.0100332073	33.4
0.566112943555555	0.0379116724	-0.0100332113	33.6
0.569105759142222	0.0379962528	-0.0100332343	33.8
0.57209360292	0.0380839469	-0.0100332436	34
0.575076446955555	0.0381698912	-0.010033241	34.2
0.578053956071111	0.0382562528	-0.0100332583	34.4
0.581026456135555	0.0383448846	-0.0100332769	34.6
0.583989729488889	0.0384290119	-0.0100332818	34.8
0.586945563746666	0.0385156202	-0.0100332898	35
0.589896277226666	0.0386047545	-0.0100332955	35.2
0.592839495748888	0.0386935971	-0.0100333142	35.4
0.595777314177777	0.0387814707	-0.0100333252	35.6
0.598709630097777	0.0388675227	-0.0100333354	35.8
0.601637002137777	0.0389590079	-0.0100333558	36
0.604559113744444	0.0390424488	-0.0100333665	36.2
0.607475583182222	0.0391308203	-0.0100333825	36.4
0.610385935617777	0.039221996	-0.0100334011	36.6
0.613285543728888	0.0393107982	-0.0100334029	36.8
0.616174956837777	0.0394004754	-0.010033421	37
0.619056819126666	0.0394888424	-0.0100334215	37.2
0.621930506791111	0.0395800495	-0.010033433	37.4
0.624797714342222	0.039666281	-0.0100334446	37.6
0.627656598302222	0.0397534771	-0.0100334437	37.8
0.630509318706666	0.039844563	-0.0100334503	38
0.633354851399999	0.0399321225	-0.0100334769	38.2
0.636192647062222	0.0400173893	-0.0100334681	38.4
0.639024307102222	0.0401020012	-0.0100335027	38.6
0.641849375304444	0.0401890223	-0.0100335044	38.8
0.644668196155555	0.0402684432	-0.0100335084	39
0.647477520293333	0.0403515296	-0.0100335302	39.2
0.650279423957777	0.0404368278	-0.0100335483	39.4
0.653075201308888	0.0405169262	-0.0100335514	39.6
0.655868576548888	0.0405985096	-0.0100335625	39.8
0.658648833284444	0.040674588	-0.0100335639	40
0.661421660237777	0.0407539596	-0.0100335905	40.2
0.664188910195555	0.0408328555	-0.0100335838	40.4
0.666948469675555	0.0409077988	-0.0100336002	40.6
0.669700971795555	0.0409860218	-0.0100336158	40.8
0.672446686553333	0.0410611042	-0.0100336277	41
0.675185288084444	0.0411378466	-0.0100336317	41.2
0.677915798786666	0.0412086489	-0.0100336348	41.4
0.680638013828888	0.0412831301	-0.0100336539	41.6
0.683356029833333	0.0413583022	-0.0100336637	41.8
0.6860624915	0.041432429	-0.010033673	42
0.688762072702222	0.0415064436	-0.0100336792	42.2
0.69145310686	0.0415788116	-0.010033688	42.4
0.694135407762222	0.0416549214	-0.0100336969	42.6
0.696810548886666	0.0417246828	-0.0100337111	42.8
0.699474712924444	0.0417972123	-0.0100337302	43
0.702130683717777	0.041870868	-0.0100337386	43.2
0.704778991964444	0.0419448288	-0.0100337391	43.4
0.707418818337777	0.0420177352	-0.0100337457	43.6
0.710049539037777	0.0420909422	-0.0100337524	43.8
0.712673742384444	0.0421655446	-0.0100337732	44
0.715288495566666	0.0422353283	-0.0100337741	44.2
0.717896228628889	0.0423094686	-0.0100337954	44.4
0.720492053553333	0.0423848561	-0.0100338051	44.6
0.723081910442222	0.042457076	-0.0100338149	44.8
0.725664253753333	0.0425319745	-0.010033822	45
0.728233497182222	0.0426046117	-0.0100338255	45.2
0.730792433882222	0.0426769125	-0.0100338393	45.4
0.733344341148888	0.0427523224	-0.0100338411	45.6
0.735884479937777	0.0428264716	-0.0100338517	45.8
0.738415317531111	0.0429009797	-0.0100338615	46
0.740936062533333	0.0429736483	-0.0100338663	46.2
0.743449154302222	0.0430506196	-0.0100338805	46.4
0.745952069686666	0.0431200758	-0.0100338708	46.6
0.748444706273333	0.043191883	-0.0100338912	46.8
0.750924047457777	0.0432691369	-0.0100339125	47
0.753394115377777	0.0433418325	-0.0100339134	47.2
0.755854267608888	0.0434163675	-0.0100339218	47.4
0.758303712757777	0.0434908532	-0.0100339289	47.6
0.76074308394	0.0435659177	-0.0100339528	47.8
0.763170053528888	0.0436355085	-0.0100339661	48
0.765587284326666	0.0437074279	-0.0100339613	48.2
0.767993742868888	0.0437826135	-0.0100339723	48.4
0.770390090202222	0.043854663	-0.0100339759	48.6
0.772773589037777	0.0439280764	-0.0100339936	48.8
0.775147656331111	0.0439972455	-0.0100339843	49
0.777508614431111	0.0440698065	-0.0100340096	49.2
0.779856938175555	0.0441376341	-0.0100340229	49.4
0.782195178642222	0.0442071308	-0.010034022	49.6
0.784523689628888	0.0442787182	-0.010034046	49.8
0.786840683522222	0.044345312	-0.0100340486	50
0.789144521668888	0.0444124846	-0.0100340637	50.2
0.79143093986	0.0444762789	-0.0100340726	50.4
0.793710719657777	0.0445428862	-0.0100340894	50.6
0.795976245073333	0.044607313	-0.0100340681	50.8
0.798230225462222	0.04467104	-0.0100340917	51
0.800470091122222	0.0447331966	-0.0100340934	51.2
0.802702713208888	0.0447950392	-0.0100341063	51.4
0.804924414073333	0.0448579855	-0.0100341125	51.6
0.807127717377777	0.0449157857	-0.0100341311	51.8
0.809323656068888	0.0449751517	-0.0100341329	52
0.811510219082222	0.0450362137	-0.0100341537	52.2
0.813680023184444	0.0450919007	-0.0100341418	52.4
0.815834949099999	0.0451497906	-0.0100341684	52.6
0.817981970395555	0.0452061821	-0.0100341804	52.8
0.820119187728888	0.0452652071	-0.0100341866	53
0.822237318524444	0.0453166185	-0.0100341932	53.2
0.82434168839111	0.0453727991	-0.0100342008	53.4
0.82644424271111	0.0454268395	-0.0100342043	53.6
0.828529190864444	0.0454785874	-0.0100342327	53.8
0.830599055997777	0.0455335521	-0.0100342296	54
0.832659973733332	0.0455848423	-0.0100342358	54.2
0.834711925453332	0.0456369805	-0.010034246	54.4
0.836747118262221	0.0456870684	-0.0100342518	54.6
0.838765375259999	0.0457353212	-0.0100342611	54.8
0.840775560046666	0.0457872261	-0.0100342637	55
0.842782039255555	0.0458370043	-0.0100342735	55.2
0.844769506408888	0.0458871191	-0.0100342948	55.4
0.846737849784444	0.0459342817	-0.0100343045	55.6
0.848703400006666	0.0459833287	-0.0100343103	55.8
0.850660626637777	0.0460330531	-0.0100343418	56
0.852596224964444	0.0460815661	-0.0100343236	56.2
0.854519607906666	0.046128316	-0.0100343263	56.4
0.856438521806666	0.0461740653	-0.0100343391	56.6
0.858349707984443	0.0462240993	-0.0100343542	56.8
0.860244973197777	0.0462670087	-0.0100343622	57
0.862125658159999	0.046312749	-0.0100343635	57.2
0.863991204239999	0.0463596469	-0.0100343662	57.4
0.865850046753332	0.0464043509	-0.010034391	57.6
0.86770398263111	0.04645303	-0.0100343928	57.8
0.869546084855555	0.0464988152	-0.0100344003	58
0.871371186097777	0.0465452016	-0.0100344159	58.2
0.873183066419999	0.0465870881	-0.0100344385	58.4
0.874983206195555	0.046632299	-0.0100344363	58.6
0.876776065153333	0.0466765947	-0.0100344389	58.8
0.878564129199999	0.0467214961	-0.0100344553	59
0.880342752395555	0.0467652669	-0.01003447	59.2
0.882110342639999	0.0468098811	-0.0100344691	59.4
0.883859954299999	0.0468543338	-0.0100344775	59.6
0.885596931602221	0.0468963997	-0.0100344922	59.8
0.887326618777777	0.0469401526	-0.010034493	60
0.889052162779999	0.0469844572	-0.0100345037	60.2
0.890768768695555	0.0470277165	-0.0100345228	60.4
0.892480263142222	0.0470710745	-0.0100345223	60.6
0.894184905055555	0.0471114086	-0.0100345276	60.8
0.895876735715555	0.0471555473	-0.0100345378	61
0.897552971277777	0.0471969088	-0.0100345485	61.2
0.899223676399999	0.0472380235	-0.0100345569	61.4
0.900888609006666	0.0472815116	-0.0100345715	61.6
0.902538477213333	0.0473220342	-0.0100345738	61.8
0.904177871102222	0.0473628124	-0.0100345933	62
0.905812116279999	0.047404147	-0.0100345951	62.2
0.907440169973333	0.0474462443	-0.0100346008	62.4
0.909051055091111	0.0474865155	-0.010034615	62.6
0.910657210473333	0.0475265759	-0.0100346199	62.8
0.912258449908888	0.0475691578	-0.0100346172	63
0.913848526046666	0.0476096892	-0.0100346301	63.2
0.915430315833333	0.047652971	-0.0100346438	63.4
0.917006966222222	0.0476897427	-0.0100346372	63.6
0.918576391657777	0.0477320688	-0.0100346527	63.8
0.920132484451111	0.0477718286	-0.0100346532	64
0.921668345513333	0.047812746	-0.0100346691	64.2
0.923197679911111	0.0478536498	-0.0100346851	64.4
0.92472406288	0.0478928802	-0.0100346922	64.6
0.926237187686666	0.047936476	-0.0100347024	64.8
0.927744065144444	0.0479731984	-0.0100347082	65
0.929262590044444	0.0480128371	-0.0100347232	65.2
0.930773005493333	0.0480532205	-0.0100347334	65.4
0.932264604411111	0.0480918138	-0.0100347352	65.6
0.933734537782222	0.0481331574	-0.0100347374	65.8
0.935202720777778	0.0481704002	-0.01003476	66
0.936672980015555	0.0482108464	-0.0100347663	66.2
0.938149402806666	0.0482519073	-0.0100347614	66.4
0.939608871168888	0.0482902	-0.0100347729	66.6
0.941042512186666	0.0483303277	-0.0100347733	66.8
0.942470939322222	0.048368764	-0.0100348004	67
0.943912531511111	0.0484077925	-0.0100348115	67.2
0.945352941268889	0.0484454975	-0.010034827	67.4
0.946771443404444	0.0484848041	-0.0100348221	67.6
0.948175504946666	0.0485241601	-0.0100348314	67.8
0.949581866182222	0.0485617798	-0.0100348523	68
0.950983311471111	0.0486006603	-0.0100348519	68.2
0.952364785724444	0.0486412994	-0.0100348581	68.4
0.953753159062222	0.0486789954	-0.0100348878	68.6
0.955149092531111	0.0487151211	-0.0100348705	68.8
0.956525287726666	0.0487555315	-0.0100348833	69
0.957884882288889	0.048793546	-0.0100349068	69.2
0.959248359333333	0.0488295505	-0.0100348993	69.4
0.960598699253333	0.0488678163	-0.0100349073	69.6
0.961929691944444	0.0489062975	-0.0100349215	69.8
0.963274771428889	0.0489440607	-0.0100349246	70
0.964603874084444	0.0489805319	-0.0100349388	70.2
0.965922455868889	0.0490188022	-0.010034949	70.4
0.967252964411111	0.0490566462	-0.0100349494	70.6
0.968561453608889	0.0490931847	-0.0100349738	70.8
0.969869561073333	0.0491320741	-0.0100349632	71
0.971179912371111	0.0491668269	-0.0100349694	71.2
0.972467750864444	0.0492053933	-0.0100349769	71.4
0.973770048726666	0.0492432911	-0.0100349956	71.6
0.975048167231111	0.0492778824	-0.0100349942	71.8
0.976330307993333	0.0493164174	-0.0100349991	72
0.977605857648888	0.0493513631	-0.0100350155	72.2
0.978863484537777	0.0493883188	-0.0100350279	72.4
0.98013147336	0.0494222282	-0.0100350408	72.6
0.981379957184444	0.0494592871	-0.0100350483	72.8
0.982644072499999	0.0494946859	-0.0100350568	73
0.983887500499999	0.0495305828	-0.0100350665	73.2
0.985152715368888	0.0495671572	-0.0100350674	73.4
0.986387792233333	0.0496013447	-0.0100350785	73.6
0.987636321037777	0.0496387715	-0.0100350843	73.8
0.988858455988888	0.0496707112	-0.0100350865	74
0.990081484495555	0.0497101525	-0.0100351016	74.2
0.991283190459999	0.0497436221	-0.0100351029	74.4
0.992504962424444	0.0497784916	-0.0100351131	74.6
0.993712766919999	0.0498128092	-0.0100351242	74.8
0.994931763899999	0.0498495406	-0.0100351393	75
0.996122362477777	0.0498840735	-0.0100351441	75.2
0.997315848699999	0.0499155691	-0.0100351668	75.4
0.998493077382221	0.0499509814	-0.0100351645	75.6
0.999687223315555	0.0499850792	-0.0100351707	75.8
1.00087389447111	0.0500186521	-0.0100351792	76
1.00203700855333	0.0500544368	-0.0100351965	76.2
1.00320605386	0.0500842813	-0.0100352005	76.4
1.00436557396222	0.0501198776	-0.0100351956	76.6
1.00554603481778	0.0501542131	-0.0100352368	76.8
1.00668636776222	0.050185444	-0.0100352213	77
1.0078273522	0.0502184381	-0.01003522	77.2
1.00898847441333	0.0502514636	-0.0100352404	77.4
1.01011999059778	0.0502835469	-0.0100352546	77.6
1.01125726818889	0.0503134453	-0.0100352488	77.8
1.01238928646	0.0503481846	-0.0100352648	78
1.01351380888889	0.0503801737	-0.0100352767	78.2
1.01464332141111	0.050412589	-0.0100352861	78.4
1.01574961501555	0.0504443044	-0.0100352923	78.6
1.01687061929333	0.0504752078	-0.0100352932	78.8
1.01798096312	0.0505076366	-0.01003531	79
1.01907704203778	0.050536171	-0.0100353149	79.2
1.02018853074444	0.0505666975	-0.0100353189	79.4
1.02128201324667	0.0505979957	-0.0100353304	79.6
1.02237000259111	0.0506291144	-0.0100353317	79.8
1.02345332615778	0.0506582096	-0.0100353415	80
1.02453896826667	0.0506878298	-0.0100353446	80.2
1.02561549555555	0.0507180647	-0.0100353561	80.4
1.02667166	0.0507461191	-0.010035357	80.6
1.02775913555555	0.0507762463	-0.0100353686	80.8
1.02881984444444	0.0508039283	-0.0100353681	81
1.02986461333333	0.0508345041	-0.0100353761	81.2
1.03093374666667	0.0508622399	-0.0100353947	81.4
1.03198621555555	0.0508874813	-0.0100353965	81.6
1.03303267777778	0.0509173393	-0.0100354142	81.8
1.03405412444444	0.0509443887	-0.0100354116	82
1.03511335111111	0.05097247	-0.0100354196	82.2
1.03613895777778	0.0509999007	-0.0100354315	82.4
1.03716757111111	0.0510280538	-0.0100354364	82.6
1.03817806888889	0.0510553096	-0.0100354444	82.8
1.03921725111111	0.0510817488	-0.010035436	83
1.04023586666667	0.0511093905	-0.010035459	83.2
1.04124724888889	0.0511366507	-0.0100354754	83.4
1.04223227111111	0.0511619639	-0.0100354799	83.6
1.04324973333333	0.051188448	-0.0100354808	83.8
1.04425226	0.051214129	-0.0100354675	84
1.04525034666667	0.0512396126	-0.010035499	84.2
1.04621791333333	0.0512617088	-0.0100354972	84.4
1.04720059111111	0.0512892742	-0.0100354976	84.6
1.04818826	0.0513142912	-0.0100355078	84.8
1.04918008	0.0513399632	-0.0100355229	85
1.05015854	0.0513632439	-0.0100355358	85.2
1.05110426444444	0.0513890595	-0.0100355327	85.4
1.05207042666667	0.0514131568	-0.0100355469	85.6
1.05301736888889	0.0514365676	-0.010035546	85.8
1.05399592	0.0514608219	-0.0100355624	86
1.05495889555555	0.0514833354	-0.0100355721	86.2
1.05589657555555	0.0515070423	-0.0100355916	86.4
1.05683726222222	0.0515308075	-0.0100356001	86.6
1.05775229111111	0.0515516969	-0.0100355903	86.8
1.05869509111111	0.0515781362	-0.0100356032	87
1.05964837555555	0.0515992992	-0.0100356156	87.2
1.06057554444444	0.0516220325	-0.0100356103	87.4
1.06151409777778	0.0516439404	-0.0100356191	87.6
1.06242763555555	0.051667903	-0.0100356356	87.8
1.06331593111111	0.05169008	-0.0100356409	88
1.06422262666667	0.0517107541	-0.0100356489	88.2
1.06511986	0.0517312037	-0.0100356449	88.4
1.06602327555555	0.0517533179	-0.0100356662	88.6
1.06694620666667	0.051776648	-0.0100356759	88.8
1.06785600222222	0.0517974701	-0.0100356812	89
1.06873213111111	0.0518201137	-0.0100356826	89.2
1.06961995333333	0.0518412678	-0.0100356888	89.4
1.07049136222222	0.0518604792	-0.0100356954	89.6
1.07134184	0.0518828087	-0.0100356932	89.8
1.07220254	0.0519019887	-0.010035711	90
1.07308055777778	0.0519241209	-0.0100357079	90.2
1.07394277555555	0.0519434714	-0.0100357149	90.4
1.07480418222222	0.0519653298	-0.0100357349	90.6
1.07568475111111	0.0519839041	-0.0100357256	90.8
1.07655940666667	0.0520029047	-0.0100357424	91
1.07740557333333	0.0520223539	-0.0100357668	91.2
1.07824723333333	0.0520430055	-0.0100357566	91.4
1.07909485333333	0.052061822	-0.0100357668	91.6
1.07992825555555	0.0520811815	-0.0100357691	91.8
1.08073608222222	0.0521001102	-0.0100357801	92
1.08153996	0.0521192229	-0.010035785	92.2
1.08235678	0.0521378152	-0.0100357948	92.4
1.08317646888889	0.0521575336	-0.0100358032	92.6
1.08397681777778	0.0521762829	-0.0100358063	92.8
1.08476869555555	0.052195409	-0.0100358152	93
1.08558652222222	0.0522132206	-0.0100358267	93.2
1.08640606	0.0522318847	-0.0100358258	93.4
1.08722331777778	0.0522508538	-0.010035832	93.6
1.08801625555555	0.0522683828	-0.0100358524	93.8
1.08880704222222	0.0522878723	-0.0100358498	94
1.08960958888889	0.0523060832	-0.0100358502	94.2
1.09042086888889	0.0523242134	-0.0100358604	94.4
1.09122446666667	0.052340504	-0.0100358835	94.6
1.09201962222222	0.0523581227	-0.0100358804	94.8
1.09279531777778	0.0523768092	-0.010035895	95
1.09357330444444	0.0523919154	-0.0100358928	95.2
1.09436156888889	0.0524111896	-0.0100359097	95.4
1.09515528	0.0524288666	-0.0100359092	95.6
1.09594388	0.0524458437	-0.0100359216	95.8
1.0967102	0.0524633278	-0.010035919	96
1.09746606444444	0.0524797217	-0.0100359287	96.2
1.09821733777778	0.0524989017	-0.0100359403	96.4
1.09897046444444	0.0525128234	-0.0100359487	96.6
1.09973553555555	0.0525319496	-0.0100359478	96.8
1.10050396888889	0.0525466206	-0.0100359434	97
1.10126432888889	0.0525632433	-0.0100359629	97.2
1.10201390888889	0.0525788161	-0.0100359766	97.4
1.10274023111111	0.0525964437	-0.0100359797	97.6
1.10345634888889	0.0526126312	-0.0100359744	97.8
1.10416350888889	0.0526290116	-0.0100359908	98
1.10488080888889	0.0526446517	-0.010036013	98.2
1.10559675777778	0.0526596682	-0.0100360112	98.4
1.10631345111111	0.0526763985	-0.0100360272	98.6
1.10702170222222	0.0526930436	-0.0100360188	98.8
1.10772066	0.0527096349	-0.0100360338	99
1.10840988888889	0.0527259255	-0.0100360356	99.2
1.10908775111111	0.0527405472	-0.0100360511	99.4
1.10975309111111	0.0527553483	-0.0100360573	99.6
1.11041967777778	0.052771473	-0.010036052	99.8
1.11108530444444	0.0527881136	-0.0100360538	100
1.11175903333333	0.0528045523	-0.0100360764	100.2
1.11244342222222	0.0528185728	-0.0100360644	100.4
1.11313801333333	0.0528353345	-0.0100360813	100.6
1.11383753111111	0.052848839	-0.0100360662	100.8
1.11454424444444	0.0528651207	-0.0100360884	101
1.11524752444444	0.0528799757	-0.0100360946	101.2
1.11594677111111	0.0528947858	-0.0100360982	101.4
1.11662862444444	0.0529095824	-0.0100361137	101.6
1.11730002444444	0.0529253571	-0.0100361154	101.8
1.11795585555555	0.0529416837	-0.0100361212	102
1.11859466666667	0.0529556009	-0.0100361305	102.2
1.11923226	0.0529682396	-0.0100361425	102.4
1.11986956444444	0.0529838752	-0.0100361505	102.6
1.12051266888889	0.0529994121	-0.0100361589	102.8
1.12115274888889	0.0530133249	-0.010036158	103
1.12180340444444	0.0530273184	-0.0100361691	103.2
1.12245021555555	0.0530417741	-0.0100361682	103.4
1.12309042444444	0.0530561041	-0.0100361864	103.6
1.12370964666667	0.0530715334	-0.0100361811	103.8
1.12431754	0.0530847732	-0.0100361775	104
1.1249168	0.0531000813	-0.0100361926	104.2
1.12551457111111	0.0531143261	-0.0100362073	104.4
1.12611625333333	0.0531288535	-0.0100362139	104.6
1.12673157333333	0.0531439732	-0.0100362148	104.8
1.12735213777778	0.0531553062	-0.0100362294	105
1.12797152888889	0.0531692953	-0.0100362281	105.2
1.12857946888889	0.0531853437	-0.0100362343	105.4
1.12916668444444	0.0531965331	-0.0100362521	105.6
1.12974866666667	0.0532119668	-0.0100362503	105.8
1.13033001555555	0.0532266109	-0.0100362667	106
1.13092655777778	0.0532384375	-0.0100362924	106.2
1.13153499111111	0.0532513229	-0.010036272	106.4
1.13215607555555	0.0532650562	-0.0100362986	106.6
1.13277503777778	0.0532804092	-0.0100362933	106.8
1.13337868444444	0.0532929132	-0.0100363	107
1.13397742444444	0.0533057941	-0.0100363004	107.2
1.13458070888889	0.0533179032	-0.0100362995	107.4
1.13519670222222	0.0533302009	-0.0100363106	107.6
1.13583330666667	0.0533446879	-0.0100363146	107.8
1.13647651333333	0.0533572772	-0.0100363292	108
1.13709746666667	0.0533719931	-0.010036331	108.2
1.13770513555555	0.053383869	-0.0100363416	108.4
1.13830908888889	0.0533996796	-0.0100363518	108.6
1.1389132	0.0534110126	-0.010036343	108.8
1.13952974222222	0.0534233192	-0.0100363523	109
1.14014988666667	0.0534379678	-0.0100363656	109.2
1.14075296444444	0.0534501443	-0.0100363785	109.4
1.14133195777778	0.0534638103	-0.0100363722	109.6
1.14189498222222	0.0534789434	-0.0100363913	109.8
1.14245517555555	0.0534922326	-0.0100363926	110
1.14303533111111	0.0535030631	-0.0100363922	110.2
1.14363123111111	0.0535160203	-0.0100364073	110.4
1.14422744888889	0.0535279949	-0.0100363971	110.6
1.14480700888889	0.0535400592	-0.0100364055	110.8
1.14538742666667	0.0535546584	-0.0100364179	111
1.14598281555555	0.0535645647	-0.0100364184	111.2
1.14659471111111	0.0535794601	-0.0100364201	111.4
1.14720313333333	0.0535899227	-0.0100364299	111.6
1.14778003111111	0.0536010269	-0.0100364445	111.8
1.14833530888889	0.0536151057	-0.010036449	112
1.14888114666667	0.0536282513	-0.0100364663	112.2
1.14944556666667	0.0536429717	-0.0100364641	112.4
1.15002624444444	0.0536533087	-0.0100364716	112.6
1.15060011777778	0.053663879	-0.0100364818	112.8
1.15116755555555	0.0536767599	-0.0100364898	113
1.15174549777778	0.0536876487	-0.0100364836	113.2
1.15233544888889	0.0537029479	-0.0100364845	113.4
1.15293178666667	0.0537138233	-0.010036492	113.6
1.15348967333333	0.053729764	-0.0100364987	113.8
1.15402597555555	0.0537393248	-0.0100365146	114
1.15457005333333	0.0537517391	-0.0100365186	114.2
1.15514202444444	0.0537639829	-0.0100365297	114.4
1.15573658222222	0.0537763658	-0.0100365257	114.6
1.15630382444444	0.0537875642	-0.0100365479	114.8
1.15686333777778	0.0538000368	-0.0100365426	115
1.15742274222222	0.0538138554	-0.0100365545	115.2
1.15798719111111	0.0538239321	-0.0100365643	115.4
1.15852621555555	0.0538358933	-0.0100365701	115.6
1.15904226	0.0538489222	-0.0100365829	115.8
1.15958364666667	0.0538605244	-0.0100365607	116
1.16015280666667	0.0538731272	-0.0100365727	116.2
1.16072308444444	0.0538827643	-0.0100365758	116.4
1.16125907111111	0.0538952503	-0.0100365856	116.6
1.16176455777778	0.0539068122	-0.0100366002	116.8
1.16228044444444	0.0539202808	-0.0100365936	117
1.16283330222222	0.0539315241	-0.0100365967	117.2
1.16338156888889	0.0539423053	-0.0100366153	117.4
1.16391030222222	0.053955738	-0.0100366197	117.6
1.16444237111111	0.0539662455	-0.0100366304	117.8
1.16498347111111	0.0539769145	-0.010036637	118
1.16549484	0.0539882834	-0.010036641	118.2
1.16599282222222	0.0540005272	-0.010036641	118.4
1.16651402444444	0.0540129505	-0.0100366459	118.6
1.16706828666667	0.0540246648	-0.0100366472	118.8
1.16761094222222	0.0540357601	-0.0100366588	119
1.16810889555556	0.0540462451	-0.0100366526	119.2
1.16859686888889	0.0540577217	-0.0100366645	119.4
1.16911942	0.0540711051	-0.010036692	119.6
1.16964694444444	0.0540807781	-0.0100366765	119.8
1.17016310888889	0.054095005	-0.0100366854	120
1.17067217111111	0.0541058624	-0.0100367022	120.2
1.17119159555556	0.0541173435	-0.0100366996	120.4
1.17168752888889	0.0541259083	-0.0100366996	120.6
1.17218285777778	0.0541386411	-0.0100367058	120.8
1.17271123777778	0.0541506471	-0.0100367178	121
1.17324946	0.0541626756	-0.0100367076	121.2
1.17374362444444	0.0541742598	-0.0100367257	121.4
1.17421162666667	0.0541857544	-0.0100367222	121.6
1.17472199111111	0.0541982315	-0.0100367448	121.8
1.17525460888889	0.0542089184	-0.0100367386	122
1.17575059777778	0.0542193856	-0.0100367492	122.2
1.17623262222222	0.0542324818	-0.0100367714	122.4
1.17673082666667	0.0542435367	-0.010036767	122.6
1.17724173111111	0.0542557535	-0.0100367701	122.8
1.17773698666667	0.0542649824	-0.0100367785	123
1.17823263111111	0.0542753956	-0.0100367945	123.2
1.17873035333333	0.0542875901	-0.010036794	123.4
1.17920088	0.0542984116	-0.0100368016	123.6
1.179687	0.0543100408	-0.0100368016	123.8
1.18020754222222	0.0543189017	-0.0100367998	124
1.18071220888889	0.0543313653	-0.0100368078	124.2
1.18116394444444	0.0543429586	-0.010036806	124.4
1.18163493333333	0.0543533046	-0.0100368127	124.6
1.18216015777778	0.054364678	-0.0100368206	124.8
1.18264617555555	0.0543755713	-0.0100368269	125
1.18310401111111	0.0543872677	-0.0100368406	125.2
1.18358456444444	0.0543973131	-0.0100368473	125.4
1.18408236	0.0544102523	-0.010036849	125.6
1.18456132888889	0.0544194049	-0.0100368535	125.8
1.18503896666667	0.0544309622	-0.0100368708	126
1.18551420444444	0.0544425061	-0.0100368623	126.2
1.18597304444444	0.0544517798	-0.0100368717	126.4
1.18645508666667	0.0544630321	-0.0100368743	126.6
1.18695685777778	0.0544734005	-0.0100368761	126.8
1.18741014888889	0.0544861244	-0.0100368841	127
1.18786515333333	0.0544975292	-0.0100368881	127.2
1.18836991333333	0.0545076015	-0.0100368912	127.4
1.18885773777778	0.0545170591	-0.0100368969	127.6
1.18929459777778	0.0545272391	-0.010036896	127.8
1.18976139777778	0.054538285	-0.0100369178	128
1.19025688444444	0.0545498872	-0.0100369151	128.2
1.1907143	0.0545606235	-0.0100369235	128.4
1.19116105555555	0.0545715079	-0.0100369289	128.6
1.19164472666667	0.054582464	-0.0100369253	128.8
1.19210916222222	0.0545926844	-0.0100369351	129
1.19257222	0.0546043046	-0.01003694	129.2
1.19303576222222	0.0546152607	-0.010036963	129.4
1.19348440888889	0.0546253061	-0.0100369506	129.6
1.19394952444444	0.0546349567	-0.0100369697	129.8
1.19442938888889	0.0546478824	-0.0100369568	130
1.19486201111111	0.0546565504	-0.0100369732	130.2
1.19531119777778	0.054667022	-0.010036967	130.4
1.19579864	0.0546767444	-0.0100369648	130.6
1.19624428666667	0.0546890375	-0.0100369923	130.8
1.19666801555555	0.0546973556	-0.0100370038	131
1.19715575555556	0.0547073157	-0.0100369941	131.2
1.19761760222222	0.0547187026	-0.010037006	131.4
1.19803733777778	0.0547300132	-0.0100370154	131.6
1.19849888666667	0.0547400137	-0.0100370287	131.8
1.19895826666667	0.0547505661	-0.0100370335	132
1.19940057111111	0.0547615177	-0.0100370389	132.2
1.19985229777778	0.054770096	-0.0100370331	132.4
1.20029425777778	0.0547806708	-0.0100370393	132.6
1.20074463333333	0.0547928832	-0.0100370331	132.8
1.20119983333333	0.0548025338	-0.0100370393	133
1.20161899111111	0.0548133867	-0.0100370491	133.2
1.20207010444444	0.0548241051	-0.0100370473	133.4
1.20254536888889	0.0548334147	-0.0100370615	133.6
1.20295079333333	0.0548434107	-0.010037065	133.8
1.20339962666667	0.054851823	-0.0100370708	134
1.20387301777778	0.0548636989	-0.0100370743	134.2
1.20427961555555	0.054873502	-0.0100370823	134.4
1.20470814222222	0.0548844581	-0.0100370996	134.6
1.20517406	0.0548953246	-0.0100371058	134.8
1.20559378666667	0.054903176	-0.0100371049	135
1.20602015111111	0.0549142443	-0.0100370979	135.2
1.20646686	0.0549233341	-0.0100371196	135.4
1.20689016222222	0.0549341422	-0.0100371027	135.6
1.20730559555555	0.054943703	-0.0100371041	135.8
1.20770985777778	0.0549548835	-0.0100371107	136
1.20811129111111	0.054964561	-0.0100371258	136.2
1.20850732222222	0.0549744807	-0.0100371431	136.4
1.2088668	0.0549845127	-0.0100371293	136.6
1.20924831555555	0.0549937415	-0.0100371542	136.8
1.20962284888889	0.0550040561	-0.0100371395	137
1.20993970444444	0.0550148597	-0.0100371555	137.2
1.21030595333333	0.0550246987	-0.0100371706	137.4
1.21065077777778	0.0550336	-0.0100371684	137.6
1.21093063333333	0.0550428468	-0.0100371608	137.8
1.21127197555555	0.0550552655	-0.0100371781	138
1.21158103777778	0.0550648937	-0.0100371755	138.2
1.21183245777778	0.055072965	-0.0100371888	138.4
1.21214178888889	0.0550810856	-0.0100371976	138.6
1.21240957777778	0.0550900767	-0.010037218	138.8
1.21263231333333	0.0551008848	-0.0100371919	139
1.21290845333333	0.0551102706	-0.0100372163	139.2
1.21314367333333	0.0551192572	-0.0100372074	139.4
1.21336118666667	0.0551294103	-0.0100372291	139.6
1.21359989777778	0.0551328156	-0.0100372314	139.8
1.21380625555555	0.0551338968	-0.0100372149	140
1.21400427111111	0.0551345877	-0.0100372282	140.2
1.21420336666667	0.0551344307	-0.010037234	140.4
1.21437916888889	0.055134332	-0.0100372384	140.6
1.21455202888889	0.0551355568	-0.0100372464	140.8
1.21470931111111	0.0551357094	-0.010037258	141
1.21486142666667	0.0551360279	-0.0100372633	141.2
1.21500245333333	0.0551363375	-0.0100372593	141.4
1.21512330444444	0.0551344217	-0.010037273	141.6
1.21526095111111	0.0551345429	-0.0100372895	141.8
1.21536415777778	0.0551365663	-0.0100372895	142
1.21545773777778	0.0551351441	-0.0100373085	142.2
1.21557264888889	0.0551356735	-0.0100372997	142.4
1.21563482444444	0.0551364945	-0.0100373116	142.6
1.21570613555556	0.0551368624	-0.0100373067	142.8
1.21579034	0.0551361535	-0.0100373099	143
1.21581433333333	0.0551351441	-0.0100372965	143.2
1.21586699333333	0.0551354492	-0.0100373099	143.4
1.21592271555556	0.0551342154	-0.0100373099	143.6
1.21592503333333	0.055137661	-0.0100373201	143.8
1.21594984666667	0.0551366291	-0.0100373298	144
1.21596588	0.0551366874	-0.0100373427	144.2
1.21594549111111	0.0551371406	-0.0100373391	144.4
1.21596066666667	0.0551375578	-0.0100373356	144.6
1.21594655333333	0.0551377597	-0.0100373449	144.8
1.21592424444444	0.0551380199	-0.0100373657	145
1.21594272444444	0.0551366874	-0.0100373671	145.2
1.21592345111111	0.055137661	-0.0100373573	145.4
1.21591140444444	0.0551366201	-0.0100373697	145.6
1.21589326888889	0.0551372662	-0.010037379	145.8
1.21585688444444	0.0551373066	-0.0100373644	146
1.21585959333333	0.0551392986	-0.0100373937	146.2
1.21586659333333	0.055137015	-0.010037399	146.4
1.21583115777778	0.0551381276	-0.0100373884	146.6
1.21583034666667	0.0551373873	-0.0100373968	146.8
1.21582457555555	0.0551414522	-0.0100374145	147
1.21579543333333	0.0551406715	-0.0100374296	147.2
1.21580142888889	0.0551418918	-0.0100374309	147.4
1.21578634666667	0.055141515	-0.0100374385	147.6
1.21577254888889	0.0551415195	-0.0100374314	147.8
1.21578738	0.0551417079	-0.0100374429	148
1.21576749333333	0.0551408465	-0.0100374411	148.2
1.21575868666667	0.0551428699	-0.010037446	148.4
1.21576032444444	0.0551449382	-0.0100374487	148.6
1.21573945111111	0.0551428654	-0.0100374602	148.8
1.21573215333333	0.0551424123	-0.0100374691	149
1.21572586	0.0551440499	-0.0100374775	149.2
1.21570256666667	0.0551426904	-0.0100374766	149.4
1.21569763111111	0.0551439601	-0.0100374802	149.6
1.21568753777778	0.055143664	-0.0100375019	149.8
1.21567865555556	0.0551441755	-0.0100374988	150
1.21566709111111	0.0551451446	-0.0100375148	150.2
1.21565841333333	0.055144171	-0.010037501	150.4
1.21565346888889	0.0551442473	-0.0100375152	150.6
1.21562881555555	0.0551443505	-0.0100375112	150.8
1.21562745555555	0.0551433275	-0.010037525	151
1.21561969111111	0.0551446376	-0.0100375148	151.2
1.21560105111111	0.0551459522	-0.0100375272	151.4
1.21560824	0.0551453196	-0.0100375361	151.6
1.21559740222222	0.055146329	-0.0100375471	151.8
1.21557539111111	0.0551459656	-0.0100375635	152
1.21559662	0.0551472667	-0.0100375538	152.2
1.21557692	0.0551451177	-0.0100375618	152.4
1.21556258222222	0.0551451895	-0.0100375618	152.6
1.21557028222222	0.0551464502	-0.0100375764	152.8
1.21555177333333	0.0551454721	-0.0100375804	153
1.21554491111111	0.0551447318	-0.0100375995	153.2
1.21555285111111	0.0551456291	-0.0100375822	153.4
1.21552311333333	0.055145324	-0.0100375875	153.6
1.21552088666667	0.0551461541	-0.0100376088	153.8
1.21551952666667	0.0551452747	-0.0100376021	154
1.21548022666667	0.0551448395	-0.0100376172	154.2
1.21548449111111	0.0551459746	-0.0100376301	154.4
1.21547682666667	0.0551466162	-0.010037615	154.6
1.21547293333333	0.0551466117	-0.0100376381	154.8
1.21549398444444	0.0551472174	-0.0100376358	155
1.21547733777778	0.0551474013	-0.0100376465	155.2
1.21543975111111	0.0551474596	-0.0100376398	155.4
1.21546491777778	0.0551479397	-0.0100376363	155.6
1.21544701555555	0.0551469616	-0.010037646	155.8
1.21541573111111	0.0551470379	-0.010037662	156
1.21544151111111	0.0551472578	-0.0100376664	156.2
1.21541407333333	0.0551467104	-0.0100376682	156.4
1.21539622444444	0.0551457413	-0.0100376727	156.6
1.21541788	0.0551465309	-0.0100376944	156.8
1.21537937111111	0.0551475898	-0.0100376917	157
1.21534395333333	0.0551473834	-0.010037682	157.2
1.21532862666667	0.0551476256	-0.0100377046	157.4
1.21524128444444	0.0551471366	-0.0100377108	157.6
1.21518694888889	0.0551489582	-0.0100377139	157.8
1.21514134444444	0.0551465803	-0.0100377081	158
1.21502158222222	0.0551467822	-0.0100377112	158.2
1.21495802888889	0.0551474507	-0.0100377086	158.4
1.21487162888889	0.0551475898	-0.0100377099	158.6
1.21472405777778	0.0551489043	-0.0100377166	158.8
1.21463633333333	0.0551477602	-0.0100377254	159
1.21452400222222	0.055148671	-0.0100377405	159.2
1.21434686	0.0551481775	-0.0100377436	159.4
1.21422908222222	0.0551482134	-0.0100377547	159.6
1.21408653777778	0.0551474776	-0.0100377591	159.8
1.21388262888889	0.055147832	-0.01003776	160
1.21374540222222	0.0551491197	-0.010037768	160.2
1.21355771111111	0.0551494068	-0.0100377649	160.4
1.21332986444444	0.0551483166	-0.0100377654	160.6
1.21316366222222	0.0551488639	-0.0100377738	160.8
1.21295327333333	0.0551481551	-0.0100377875	161
1.21269724222222	0.0551492049	-0.0100377826	161.2
1.21250388222222	0.0551100777	-0.0100377951	161.4
1.21226032	0.0551120249	-0.0100378186	161.6
1.21199181333333	0.0550979012	-0.0100378155	161.8
1.2117592	0.0550916559	-0.0100378119	162
1.21148934444444	0.0550810677	-0.0100378199	162.2
1.21119962222222	0.0550708473	-0.0100378221	162.4
1.21093571777778	0.0550625382	-0.010037831	162.6
1.21064533333333	0.0550513039	-0.0100378217	162.8
1.21035122444444	0.0550445292	-0.0100378363	163
1.21004631555555	0.0550352376	-0.0100378381	163.2
1.20972387555555	0.0550270721	-0.0100378496	163.4
1.20940592222222	0.0550165646	-0.0100378625	163.6
1.20906187111111	0.0550089105	-0.0100378634	163.8
1.20871183333333	0.0549991882	-0.0100378678	164
1.20837982888889	0.0549898831	-0.0100378785	164.2
1.20799862	0.054981399	-0.010037886	164.4
1.20760904888889	0.054971901	-0.0100378935	164.6
1.20726314444444	0.0549615371	-0.0100379055	164.8
1.20685648	0.0549517609	-0.0100379033	165
1.20642615777778	0.0549422135	-0.0100379237	165.2
1.20605346666667	0.0549325854	-0.0100379144	165.4
1.20561198222222	0.0549233251	-0.0100379153	165.6
1.20515201555555	0.054916519	-0.0100379246	165.8
1.20473888222222	0.0549061282	-0.0100379197	166
1.20431394222222	0.0548986581	-0.010037937	166.2
1.20385731777778	0.0548897029	-0.010037945	166.4
1.20344810222222	0.0548800389	-0.010037957	166.6
1.20302789111111	0.0548710927	-0.0100379632	166.8
1.20258329555555	0.0548619222	-0.0100379574	167
1.20215682888889	0.0548520877	-0.0100379738	167.2
1.20172290222222	0.0548412886	-0.01003798	167.4
1.20130041777778	0.0548321001	-0.0100379751	167.6
1.20086680888889	0.0548226514	-0.0100379751	167.8
1.2004093	0.0548127451	-0.0100379893	168
1.19999538444444	0.054802103	-0.010037992	168.2
1.19956879555555	0.0547905906	-0.0100379982	168.4
1.19910781333333	0.0547830038	-0.0100379902	168.6
1.19868255555555	0.0547717471	-0.0100380186	168.8
1.19828180444444	0.0547631957	-0.0100380239	169
1.19781179111111	0.0547526882	-0.0100380328	169.2
1.19736162	0.0547436523	-0.0100380368	169.4
1.19696073777778	0.0547342305	-0.0100380301	169.6
1.19651136666667	0.0547239115	-0.0100380399	169.8
1.19604974222222	0.0547146871	-0.0100380381	170
1.19561782	0.0547035066	-0.0100380563	170.2
1.19517884666667	0.0546954129	-0.0100380625	170.4
1.19472865555555	0.0546857982	-0.0100380634	170.6
1.19428401555555	0.0546760983	-0.0100380829	170.8
1.19383072444444	0.0546680808	-0.010038098	171
1.19339079333333	0.0546553525	-0.0100380856	171.2
1.19295774222222	0.05464703	-0.0100380869	171.4
1.19248632222222	0.0546342747	-0.0100380944	171.6
1.19200816222222	0.0546250818	-0.0100380851	171.8
1.19158507333333	0.0546164093	-0.0100380913	172
1.19113978	0.0546042866	-0.0100381002	172.2
1.19064567111111	0.0545969152	-0.0100381091	172.4
1.19019075111111	0.0545855598	-0.0100381188	172.6
1.18977425555555	0.0545791933	-0.0100381375	172.8
1.18930282666667	0.0545690582	-0.0100381295	173
1.18881776888889	0.0545573708	-0.0100381264	173.2
1.18837105111111	0.0545479086	-0.010038141	173.4
1.18792235111111	0.0545369121	-0.0100381477	173.6
1.18745200222222	0.0545253592	-0.0100381512	173.8
1.18698884222222	0.0545161663	-0.0100381561	174
1.18652294444444	0.0545070137	-0.010038169	174.2
1.18605084666667	0.0544970671	-0.0100381845	174.4
1.18561650222222	0.0544871293	-0.01003818	174.6
1.18515556666667	0.0544781428	-0.0100381818	174.8
1.18466022888889	0.05446672	-0.0100381894	175
1.18418257111111	0.0544586039	-0.0100382244	175.2
1.18375414888889	0.0544467908	-0.0100382222	175.4
1.18329542	0.0544388631	-0.0100382288	175.6
1.18278651777778	0.0544268212	-0.0100382075	175.8
1.18231085555555	0.0544166681	-0.0100382279	176
1.18186237777778	0.0544067887	-0.0100382404	176.2
1.18139448888889	0.0543929253	-0.0100382426	176.4
1.18090982222222	0.0543853251	-0.010038263	176.6
1.18043476222222	0.0543738036	-0.0100382585	176.8
1.17995771111111	0.0543652971	-0.0100382688	177
1.17947362888889	0.0543537891	-0.0100382692	177.2
1.17902413777778	0.0543401096	-0.0100382905	177.4
1.17855008444444	0.0543320608	-0.010038279	177.6
1.17803928222222	0.0543223698	-0.0100382869	177.8
1.17752716666667	0.0543113464	-0.0100382843	178
1.17706515111111	0.054301781	-0.01003829	178.2
1.17661414888889	0.0542906006	-0.0100382936	178.4
1.17610921111111	0.0542801514	-0.0100383118	178.6
1.17559714222222	0.0542686389	-0.0100383078	178.8
1.17511515555555	0.0542584096	-0.0100383135	179
1.1746399	0.0542457754	-0.0100383286	179.2
1.17415363111111	0.0542378612	-0.0100383326	179.4
1.17366681111111	0.0542261333	-0.0100383304	179.6
1.17318097777778	0.0542143786	-0.0100383366	179.8
1.17267369333333	0.0542042659	-0.0100383415	180
1.17214678444444	0.0541914164	-0.0100383477	180.2
1.17166517111111	0.0541821337	-0.010038345	180.4
1.17120809111111	0.0541710879	-0.0100383739	180.6
1.17072115111111	0.0541603022	-0.0100383725	180.8
1.17018449555555	0.0541506427	-0.0100383801	181
1.16967083555555	0.0541384258	-0.0100383947	181.2
1.16918922222222	0.0541290444	-0.0100383889	181.4
1.16870788666667	0.0541154098	-0.0100383978	181.6
1.16819868666667	0.0541044312	-0.0100384014	181.8
1.16769038888889	0.0540938026	-0.0100383996	182
1.16718662444444	0.0540842776	-0.0100384125	182.2
1.16666989111111	0.0540725094	-0.0100384191	182.4
1.16613366222222	0.054063478	-0.010038436	182.6
1.16561850222222	0.0540524904	-0.0100384382	182.8
1.16514198222222	0.0540398832	-0.010038447	183
1.16465658	0.0540302685	-0.0100384555	183.2
1.16412087333333	0.0540185407	-0.0100384519	183.4
1.16356900222222	0.0540063328	-0.0100384697	183.6
1.16304878666667	0.0539942685	-0.0100384612	183.8
1.16254422222222	0.0539842859	-0.0100384692	184
1.16203230222222	0.0539746937	-0.0100384697	184.2
1.16151183555555	0.0539618307	-0.0100384781	184.4
1.16099462888889	0.0539507579	-0.010038483	184.6
1.16048206666667	0.0539382584	-0.0100384852	184.8
1.15995431777778	0.0539270824	-0.0100384918	185
1.15940203555555	0.0539166108	-0.0100385047	185.2
1.15884431777778	0.0539044522	-0.0100385096	185.4
1.15832326444444	0.0538927334	-0.0100385149	185.6
1.15783159555555	0.0538804537	-0.0100385131	185.8
1.15732824222222	0.0538661416	-0.0100385105	186
1.15678828888889	0.0538589497	-0.0100385229	186.2
1.15623021555555	0.0538476974	-0.0100385229	186.4
1.15568664888889	0.0538365438	-0.0100385353	186.6
1.15515149111111	0.0538254621	-0.0100385615	186.8
1.15461280444444	0.0538147123	-0.0100385712	187
1.15406048666667	0.0538016026	-0.010038569	187.2
1.15350989111111	0.0537903099	-0.0100385912	187.4
1.15298486222222	0.0537789904	-0.0100385588	187.6
1.15247896666667	0.0537665896	-0.0100385717	187.8
1.15195283111111	0.05375444	-0.0100385717	188
1.15139351111111	0.0537430038	-0.0100385832	188.2
1.15080839333333	0.0537326623	-0.010038593	188.4
1.15023307111111	0.0537200012	-0.0100386156	188.6
1.14968038222222	0.0537066986	-0.0100386143	188.8
1.14913940444444	0.0536948272	-0.0100386245	189
1.14859950666667	0.053683068	-0.0100386191	189.2
1.14804584666667	0.0536727668	-0.0100386271	189.4
1.14748892	0.0536598994	-0.0100386364	189.6
1.14694463777778	0.0536490061	-0.0100386284	189.8
1.14640958888889	0.0536362957	-0.0100386413	190
1.14586494222222	0.0536240205	-0.010038636	190.2
1.14529256888889	0.0536134816	-0.0100386502	190.4
1.14469392222222	0.053599847	-0.0100386684	190.6
1.14409135555555	0.0535884466	-0.0100386613	190.8
1.14350343333333	0.0535750184	-0.0100386675	191
1.14293313777778	0.0535638738	-0.0100386755	191.2
1.14237452666667	0.0535499476	-0.0100386728	191.4
1.14181018888889	0.0535376679	-0.010038683	191.6
1.14123615111111	0.0535260612	-0.0100386795	191.8
1.14065127333333	0.053512292	-0.0100386945	192
1.14007568888889	0.0535006359	-0.0100386928	192.2
1.13952033555555	0.0534875172	-0.0100387105	192.4
1.13896865111111	0.0534759105	-0.010038722	192.6
1.13840814888889	0.0534640616	-0.0100387167	192.8
1.13782702444444	0.0534496777	-0.010038738	193
1.13722946666667	0.0534399957	-0.0100387371	193.2
1.13660837111111	0.0534240685	-0.0100387429	193.4
1.13599041333333	0.0534116273	-0.0100387424	193.6
1.13538851555555	0.053399886	-0.0100387491	193.8
1.13479056666667	0.053386377	-0.0100387553	194
1.13419335555555	0.0533725135	-0.0100387615	194.2
1.13358566666667	0.0533614721	-0.0100387721	194.4
1.13296080222222	0.0533474158	-0.010038781	194.6
1.13231971777778	0.0533344586	-0.0100387868	194.8
1.13167843777778	0.0533225423	-0.0100387881	195
1.13104938222222	0.0533091455	-0.0100387899	195.2
1.13043341777778	0.0532956096	-0.0100388103	195.4
1.12982713555555	0.0532801983	-0.0100388005	195.6
1.12922195333333	0.0532682865	-0.0100387992	195.8
1.12861048444444	0.053254773	-0.0100388081	196
1.12799122444444	0.0532404161	-0.010038824	196.2
1.12735205777778	0.0532287376	-0.0100388169	196.4
1.12670263111111	0.0532152061	-0.0100388196	196.6
1.12605212444444	0.0532003018	-0.0100388289	196.8
1.12541568444444	0.0531867435	-0.0100388347	197
1.12479014	0.0531714578	-0.0100388489	197.2
1.12416804	0.0531603177	-0.0100388569	197.4
1.12354330444444	0.0531473112	-0.0100388409	197.6
1.1229141	0.0531329183	-0.0100388604	197.8
1.12227473777778	0.0531188126	-0.0100388666	198
1.12161933333333	0.0531050838	-0.0100388458	198.2
1.12095234888889	0.0530911575	-0.0100388724	198.4
1.12027899333333	0.0530755623	-0.010038879	198.6
1.11960140222222	0.0530620937	-0.010038891	198.8
1.11892826222222	0.0530486206	-0.0100388994	199
1.11825695555555	0.0530345238	-0.0100389065	199.2
1.11759042444444	0.0530202207	-0.0100389159	199.4
1.11692961111111	0.0530055721	-0.010038919	199.6
1.11626596666667	0.0529921977	-0.0100389318	199.8
1.11559837555555	0.0529756783	-0.0100389252	200
1.11493018888889	0.0529638517	-0.0100389238	200.2
1.11424702222222	0.052949257	-0.0100389363	200.4
1.11356530666667	0.0529332759	-0.0100389318	200.6
1.11288041555555	0.0529204443	-0.0100389411	200.8
1.11219247111111	0.0529030006	-0.0100389416	201
1.11149603555555	0.0528892359	-0.0100389571	201.2
1.11080528	0.0528731561	-0.0100389651	201.4
1.11011772666667	0.0528592658	-0.0100389691	201.6
1.10942607777778	0.0528456222	-0.0100389606	201.8
1.10874141111111	0.0528280798	-0.0100389779	202
1.10803646666667	0.0528125608	-0.0100389744	202.2
1.10733826444444	0.0527975353	-0.010038985	202.4
1.10663313333333	0.0527832771	-0.0100389988	202.6
1.10592473555555	0.0527656091	-0.0100389961	202.8
1.10521377555555	0.0527533877	-0.0100390001	203
1.10450507777778	0.0527360023	-0.0100390143	203.2
1.10380406222222	0.0527213178	-0.0100390289	203.4
1.10310785777778	0.0527062027	-0.0100390294	203.6
1.10241268	0.0526876059	-0.0100390431	203.8
1.10171231555555	0.0526732131	-0.0100390325	204
1.10100099333333	0.0526573666	-0.0100390436	204.2
1.10027213111111	0.0526392364	-0.0100390485	204.4
1.09952912666667	0.0526242513	-0.0100390675	204.6
1.09877855111111	0.052607853	-0.0100390822	204.8
1.09803702666667	0.0525905977	-0.0100390764	205
1.09730259555555	0.052573845	-0.0100390724	205.2
1.09657051111111	0.052558003	-0.0100390897	205.4
1.09583160222222	0.0525425603	-0.0100390915	205.6
1.09507844666667	0.0525245647	-0.0100391017	205.8
1.09430373777778	0.0525078119	-0.0100390946	206
1.09352488666666	0.0524904983	-0.0100391123	206.2
1.09274950666667	0.0524735751	-0.0100391194	206.4
1.09199756222222	0.0524549963	-0.0100391141	206.6
1.09124250888889	0.0524387101	-0.0100391194	206.8
1.09047320222222	0.0524222624	-0.0100391398	207
1.08969149333333	0.052403392	-0.0100391447	207.2
1.08889659777778	0.0523858496	-0.0100391434	207.4
1.08810055111111	0.0523683341	-0.0100391695	207.6
1.08732630888889	0.0523497553	-0.0100391638	207.8
1.08655137777778	0.0523318899	-0.0100391806	208
1.08575722	0.0523145583	-0.0100391726	208.2
1.08495202888889	0.0522979446	-0.010039174	208.4
1.08414430666667	0.0522774187	-0.0100391731	208.6
1.08335071555555	0.0522595891	-0.0100391797	208.8
1.08256268444444	0.0522398393	-0.0100391984	209
1.08175405777778	0.0522234679	-0.0100392064	209.2
1.08092741333333	0.0522044584	-0.0100392143	209.4
1.08009218666667	0.0521853637	-0.0100392179	209.6
1.07926938888889	0.0521678706	-0.0100392219	209.8
1.07843316666667	0.0521471113	-0.0100392232	210
1.07758375111111	0.0521268321	-0.0100392312	210.2
1.07672090888889	0.0521074278	-0.0100392321	210.4
1.07587039333333	0.0520884721	-0.0100392303	210.6
1.07503153555555	0.0520716431	-0.0100392441	210.8
1.07416393555555	0.052048174	-0.010039248	211
1.07331217333333	0.0520310982	-0.0100392556	211.2
1.07247662	0.0520119047	-0.01003926	211.4
1.07164384222222	0.0519895258	-0.0100392724	211.6
1.07079062666667	0.0519691703	-0.0100392742	211.8
1.0699384	0.0519479893	-0.0100392999	212
1.06909735333333	0.0519275665	-0.0100392999	212.2
1.06822543333333	0.0519071124	-0.0100393101	212.4
1.06733263111111	0.0518857384	-0.0100393141	212.6
1.06645338444444	0.0518632563	-0.0100393101	212.8
1.06556798222222	0.0518434482	-0.0100393115	213
1.06466571111111	0.0518210514	-0.0100393332	213.2
1.06379081111111	0.0518002697	-0.0100393319	213.4
1.06292670222222	0.0517790842	-0.0100393509	213.6
1.06203702666667	0.0517569521	-0.0100393549	213.8
1.06115139111111	0.0517361479	-0.0100393665	214
1.06025107333333	0.0517117949	-0.0100393745	214.2
1.05931916666667	0.0516906678	-0.0100393758	214.4
1.05841357111111	0.0516688093	-0.0100393793	214.6
1.05749651555555	0.0516463452	-0.0100393855	214.8
1.05658742	0.0516236387	-0.0100394068	215
1.05569621777778	0.0516003849	-0.010039409	215.2
1.05477020444444	0.0515775529	-0.0100394033	215.4
1.05383617333333	0.0515524686	-0.0100394051	215.6
1.05288732888889	0.0515293404	-0.0100394206	215.8
1.05193513333333	0.0515086844	-0.0100394365	216
1.05101820666667	0.0514834879	-0.0100394334	216.2
1.05008074222222	0.0514590721	-0.0100394361	216.4
1.04915186888889	0.051432754	-0.010039437	216.6
1.04818383777778	0.0514096169	-0.0100394463	216.8
1.04721690444444	0.0513849812	-0.0100394374	217
1.04626775333333	0.051360036	-0.0100394499	217.2
1.04531366888889	0.0513357324	-0.0100394703	217.4
1.04437266444444	0.0513087279	-0.0100394587	217.6
1.04339151555555	0.0512848998	-0.0100394543	217.8
1.04241760888889	0.0512587432	-0.0100394742	218
1.04143063777778	0.0512330443	-0.010039488	218.2
1.04047774444444	0.0512073677	-0.0100394867	218.4
1.03949400444444	0.051180435	-0.0100395013	218.6
1.03850835777778	0.0511542739	-0.0100394862	218.8
1.03749876444444	0.0511276687	-0.0100395217	219
1.03651812444444	0.0511026562	-0.0100395137	219.2
1.03550953555555	0.0510727892	-0.0100395168	219.4
1.03449808	0.0510459103	-0.0100395195	219.6
1.03346675555555	0.0510200274	-0.010039527	219.8
1.03245568	0.0509910981	-0.0100395279	220
1.03144703555555	0.0509638423	-0.010039527	220.2
1.03039694888889	0.0509359719	-0.0100395576	220.4
1.02935991555555	0.0509073073	-0.0100395674	220.6
1.02831628222222	0.0508782659	-0.0100395732	220.8
1.02728668	0.0508499603	-0.0100395825	221
1.02621996666667	0.0508229243	-0.0100395909	221.2
1.02516197777778	0.0507906122	-0.0100395913	221.4
1.02412865111111	0.0507639755	-0.0100395953	221.6
1.02304440544444	0.0507338573	-0.0100395944	221.8
1.02196779513333	0.0507046544	-0.0100396086	222
1.02091474828889	0.0506741952	-0.0100396157	222.2
1.01982108076667	0.0506438841	-0.0100396113	222.4
1.01873030826	0.0506157669	-0.0100396153	222.6
1.01766203957555	0.0505833157	-0.0100396313	222.8
1.01655190205333	0.0505538301	-0.0100396423	223
1.01545013436222	0.0505210962	-0.0100396525	223.2
1.01437381186	0.0504896859	-0.0100396588	223.4
1.01325151370889	0.0504572392	-0.0100396574	223.6
1.01214229643333	0.0504262326	-0.0100396632	223.8
1.01104187850889	0.0503964958	-0.0100396667	224
1.00991838012667	0.050363901	-0.010039669	224.2
1.00879897803778	0.0503334822	-0.0100396681	224.4
1.00765714766667	0.0502999811	-0.0100396712	224.6
1.00653391021111	0.0502693739	-0.010039692	224.8
1.0054201689	0.0502370214	-0.0100396973	225
1.00427019040889	0.0502029012	-0.0100397169	225.2
1.00312615258444	0.0501700462	-0.0100397204	225.4
1.00196349464889	0.0501357286	-0.0100397417	225.6
1.00081940001333	0.0501030799	-0.0100397315	225.8
0.99967045557111	0.0500696866	-0.0100397302	226
0.998510404682221	0.0500341755	-0.0100397585	226.2
0.997345940193332	0.0500044835	-0.0100397302	226.4
0.99615302259111	0.0499696186	-0.010039747	226.6
0.994973809013332	0.0499332147	-0.0100397608	226.8
0.993774271239999	0.0499003418	-0.0100397585	227
0.992599099899999	0.0498665895	-0.0100397781	227.2
0.991396053237777	0.0498326442	-0.0100397883	227.4
0.990220630164443	0.0497990848	-0.0100397891	227.6
0.989014705584443	0.049765355	-0.0100398095	227.8
0.987827847762221	0.0497305797	-0.0100398064	228
0.98660941045111	0.0496956295	-0.0100398171	228.2
0.985406651339999	0.0496595307	-0.0100398189	228.4
0.98418212431111	0.0496261687	-0.0100398313	228.6
0.982957652964443	0.049590716	-0.010039822	228.8
0.981728099144443	0.049553527	-0.0100398455	229
0.980482819448888	0.0495212463	-0.0100398291	229.2
0.979250937906666	0.0494835413	-0.010039837	229.4
0.977999914193332	0.0494467472	-0.0100398402	229.6
0.976765574075555	0.0494117655	-0.0100398641	229.8
0.975505452784443	0.0493749713	-0.0100398734	230
0.974256103702221	0.0493397833	-0.0100398823	230.2
0.97300465939111	0.0493042678	-0.010039892	230.4
0.971719437575554	0.049268196	-0.0100398858	230.6
0.970448776964443	0.0492317517	-0.0100398987	230.8
0.969157866002221	0.0491938135	-0.0100399107	231
0.967854171715554	0.0491584954	-0.0100399195	231.2
0.966566724262221	0.0491211089	-0.0100399124	231.4
0.965269072493332	0.0490853197	-0.0100399191	231.6
0.963966839957777	0.0490477494	-0.0100399311	231.8
0.962670035446665	0.0490121666	-0.0100399382	232
0.961346900824443	0.0489741745	-0.0100399439	232.2
0.960006448662221	0.0489378469	-0.0100399657	232.4
0.958683248864443	0.0489003573	-0.0100399603	232.6
0.95736100805111	0.0488630337	-0.0100399723	232.8
0.95601105917111	0.0488265266	-0.0100399803	233
0.954650552177777	0.0487896562	-0.0100399874	233.2
0.953311487277777	0.048751009	-0.0100399892	233.4
0.951964406033332	0.0487157178	-0.0100399976	233.6
0.950586022866666	0.0486761509	-0.0100400114	233.8
0.949202695824443	0.0486392805	-0.0100400007	234
0.947826314417777	0.0486012525	-0.0100400238	234.2
0.946446674333332	0.048563561	-0.0100400291	234.4
0.945065553879999	0.048525542	-0.0100400371	234.6
0.943666985537777	0.0484885145	-0.0100400437	234.8
0.942246919237777	0.0484488354	-0.0100400513	235
0.940837345877777	0.048411292	-0.0100400593	235.2
0.939425416959999	0.0483751259	-0.010040073	235.4
0.93801110455111	0.0483358013	-0.0100400757	235.6
0.936595879715555	0.0482979932	-0.0100400788	235.8
0.935161642824444	0.0482588929	-0.0100400845	236
0.933722108255555	0.0482188146	-0.0100400965	236.2
0.932265554082221	0.048179988	-0.010040104	236.4
0.930804242239999	0.0481412242	-0.010040104	236.6
0.929325529062221	0.0481030706	-0.0100401023	236.8
0.927854133942221	0.0480642485	-0.0100401174	237
0.926363242622221	0.0480238785	-0.0100401209	237.2
0.924882304233332	0.0479856307	-0.0100401311	237.4
0.92337862959111	0.0479468624	-0.0100401355	237.6
0.921879219159999	0.047907964	-0.0100401435	237.8
0.92036309637111	0.0478682266	-0.0100401515	238
0.918844906648888	0.0478298801	-0.0100401653	238.2
0.917321465802221	0.0477892993	-0.0100401613	238.4
0.915778947726666	0.0477495215	-0.0100401808	238.6
0.914235731364443	0.0477109551	-0.0100401848	238.8
0.912674694695555	0.0476694456	-0.0100401954	239
0.911105772024444	0.0476310004	-0.0100401959	239.2
0.909537752473332	0.0475890018	-0.01004021	239.4
0.907964695939999	0.0475510456	-0.0100402078	239.6
0.906382068206666	0.0475089617	-0.0100402127	239.8
0.904802857428888	0.0474672503	-0.0100402309	240
0.903217659995554	0.0474258574	-0.0100402429	240.2
0.901608218004443	0.0473850074	-0.0100402482	240.4
0.899985936824443	0.0473447765	-0.0100402602	240.6
0.898355220326666	0.0473030471	-0.0100402593	240.8
0.896722632417777	0.0472622913	-0.0100402726	241
0.895082018853332	0.0472214771	-0.0100402748	241.2
0.89343614485111	0.0471785453	-0.0100402863	241.4
0.891781435179999	0.0471363763	-0.0100402988	241.6
0.890110339017777	0.0470933862	-0.0100403014	241.8
0.888430332702221	0.0470536353	-0.0100403112	242
0.886744544562221	0.0470087519	-0.010040328	242.2
0.885040982666666	0.046967184	-0.0100403245	242.4
0.883331722739999	0.0469242971	-0.0100403329	242.6
0.881619772079999	0.0468820473	-0.010040356	242.8
0.879890531806666	0.046839093	-0.0100403529	243
0.878145500917777	0.0467946941	-0.0100403449	243.2
0.876405237008888	0.0467538755	-0.0100403586	243.4
0.874644713437777	0.0467104906	-0.0100403914	243.6
0.872875363506666	0.0466651989	-0.0100403773	243.8
0.871099161044444	0.0466208897	-0.0100403888	244
0.869297382622222	0.0465751314	-0.0100404043	244.2
0.867491014117777	0.0465304409	-0.0100404274	244.4
0.86567462751111	0.0464835834	-0.0100404287	244.6
0.86384662139111	0.0464415534	-0.0100404331	244.8
0.862016799724444	0.0463951984	-0.010040442	245
0.860165833897777	0.0463504405	-0.0100404518	245.2
0.858311693188888	0.0463041394	-0.0100404606	245.4
0.856431166506666	0.0462577754	-0.0100404531	245.6
0.854552362266666	0.0462129816	-0.0100404691	245.8
0.852649574164443	0.0461650563	-0.0100404722	246
0.850748750579999	0.046115794	-0.0100404868	246.2
0.848825144186666	0.0460706055	-0.010040485	246.4
0.846901174682221	0.0460209618	-0.0100404881	246.6
0.844953314419999	0.0459724577	-0.0100405108	246.8
0.843001422708888	0.0459222308	-0.0100405041	247
0.841034066246666	0.0458736594	-0.0100405037	247.2
0.839049075686666	0.0458247157	-0.0100405218	247.4
0.837060109539999	0.0457706573	-0.0100405307	247.6
0.835051460984443	0.0457218974	-0.0100405569	247.8
0.833039367539999	0.0456688754	-0.0100405556	248
0.831010459324443	0.0456183658	-0.0100405609	248.2
0.828961635935555	0.0455654425	-0.0100405893	248.4
0.82690127683111	0.0455137978	-0.0100405848	248.6
0.824834102435555	0.0454591876	-0.0100405844	248.8
0.822745374217777	0.0454043305	-0.0100406003	249
0.820641628155555	0.0453484999	-0.0100405986	249.2
0.81853545205111	0.0452909285	-0.0100406168	249.4
0.816414192926666	0.0452346313	-0.0100406203	249.6
0.814274163822221	0.0451750275	-0.010040638	249.8
0.812120252753332	0.0451194616	-0.0100406341	250
0.809959805708888	0.0450607102	-0.0100406443	250.2
0.807784675997777	0.044998751	-0.0100406567	250.4
0.805587806255554	0.0449367693	-0.0100406633	250.6
0.80337548107111	0.0448733744	-0.0100406722	250.8
0.801161684828888	0.0448142955	-0.010040693	251
0.798933177986665	0.0447485944	-0.0100406895	251.2
0.796688340515554	0.0446828306	-0.0100407028	251.4
0.794425878257776	0.0446183724	-0.0100407219	251.6
0.792151396135554	0.0445510023	-0.0100407228	251.8
0.789868227313332	0.0444838477	-0.0100407472	252
0.787570450306665	0.0444118386	-0.0100407538	252.2
0.785256286806665	0.044345967	-0.0100407569	252.4
0.782929032735554	0.0442761698	-0.010040768	252.6
0.78058824119111	0.0442035415	-0.010040784	252.8
0.778238176382221	0.0441333136	-0.010040772	253
0.775876352404443	0.0440612372	-0.0100407804	253.2
0.773502387528887	0.0439881692	-0.0100408079	253.4
0.771118078679999	0.0439145809	-0.0100407999	253.6
0.76871592159111	0.0438447971	-0.010040827	253.8
0.766301120833332	0.043772613	-0.0100408226	254
0.763872317075554	0.0436969025	-0.0100408438	254.2
0.761433467282221	0.0436226591	-0.0100408611	254.4
0.758985902853332	0.0435489002	-0.0100408642	254.6
0.756526365115554	0.0434739703	-0.010040882	254.8
0.754053876464443	0.0433957788	-0.0100408811	255
0.751568697593332	0.0433247926	-0.010040898	255.2
0.74906917123111	0.0432514196	-0.0100409002	255.4
0.746559682628887	0.0431741208	-0.0100409135	255.6
0.744040343511109	0.0431000389	-0.010040929	255.8
0.741508379346665	0.0430236016	-0.010040929	256
0.738969255404443	0.042951736	-0.0100409556	256.2
0.736419582657776	0.0428754243	-0.0100409671	256.4
0.733857526939999	0.0428011899	-0.0100409614	256.6
0.731283237217776	0.0427271035	-0.0100409791	256.8
0.728698259033332	0.0426511238	-0.0100409889	257
0.726104445177776	0.0425777104	-0.0100409911	257.2
0.723500324593332	0.0425021524	-0.0100410062	257.4
0.720888476286665	0.0424311528	-0.0100410097	257.6
0.718266572635554	0.0423565504	-0.0100410119	257.8
0.715634334322221	0.0422806694	-0.0100410341	258
0.712990820986665	0.0422080322	-0.0100410368	258.2
0.710337326788887	0.0421336542	-0.0100410616	258.4
0.707672017559999	0.0420600927	-0.0100410749	258.6
0.705000107179999	0.0419847635	-0.0100410762	258.8
0.702314882777776	0.0419134184	-0.0100410958	259
0.69962297343111	0.041838511	-0.0100411157	259.2
0.696920869079999	0.0417629037	-0.0100411069	259.4
0.694211083562221	0.0416888353	-0.010041125	259.6
0.691494529308888	0.0416108321	-0.0100411388	259.8
0.688768022122221	0.0415388813	-0.0100411477	260
0.686036524504443	0.0414608333	-0.0100411401	260.2
0.68329310013111	0.0413881871	-0.0100411574	260.4
0.680542283213332	0.0413148904	-0.0100411752	260.6
0.677785898613332	0.0412357117	-0.01004118	260.8
0.675018285544443	0.0411615311	-0.0100411876	261
0.672240821957777	0.0410835684	-0.0100411991	261.2
0.669457995522221	0.0410084277	-0.010041196	261.4
0.666667106188888	0.0409295362	-0.0100412346	261.6
0.663866189439999	0.0408492628	-0.0100412337	261.8
0.661059286035554	0.0407690074	-0.0100412532	262
0.658246368044443	0.0406859973	-0.0100412421	262.2
0.655424549208888	0.0406021168	-0.0100412679	262.4
0.652593931944443	0.0405163071	-0.0100412763	262.6
0.649755903517777	0.0404360831	-0.0100413016	262.8
0.646907419395555	0.0403507848	-0.0100412967	263
0.644052669299999	0.0402615339	-0.0100413193	263.2
0.64119179289111	0.0401732745	-0.0100413362	263.4
0.638322294955554	0.0400862623	-0.0100413477	263.6
0.635444054455555	0.0399982363	-0.0100413495	263.8
0.632559985577777	0.0399072535	-0.0100413703	264
0.629668533466666	0.0398217264	-0.0100413765	264.2
0.626770256757777	0.0397311565	-0.0100413854	264.4
0.623864885442221	0.0396397251	-0.0100413889	264.6
0.620951088119999	0.0395495185	-0.0100414093	264.8
0.618032235193332	0.0394586031	-0.0100414182	265
0.615105840755555	0.0393660994	-0.0100414346	265.2
0.612173357246666	0.0392758615	-0.0100414391	265.4
0.609234589146666	0.0391896883	-0.0100414484	265.6
0.606287674353332	0.0390993113	-0.0100414688	265.8
0.603332072857777	0.039008351	-0.0100414688	266
0.600369693315555	0.0389202531	-0.0100414861	266.2
0.597399167079999	0.0388296338	-0.010041502	266.4
0.594424292837777	0.038742994	-0.0100415087	266.6
0.591441327764443	0.0386550173	-0.0100415282	266.8
0.588451668437777	0.038565385	-0.0100415229	267
0.585455901419999	0.0384755149	-0.0100415451	267.2
0.582453393595555	0.0383864435	-0.0100415455	267.4
0.57944627707111	0.0382982379	-0.0100415601	267.6
0.576429533484443	0.038207152	-0.0100415694	267.8
0.573408171884443	0.038122114	-0.0100415805	268
0.570378356346666	0.0380334912	-0.0100415974	268.2
0.567343336235554	0.0379428135	-0.0100416063	268.4
0.564299955288888	0.0378554873	-0.0100416094	268.6
0.561248418339999	0.0377631227	-0.010041636	268.8
0.558192198206666	0.0376739974	-0.0100416475	269
0.555128008279999	0.0375788691	-0.0100416488	269.2
0.552059814835554	0.0374900265	-0.0100416599	269.4
0.548983670219999	0.0373976888	-0.0100416635	269.6
0.545898624759999	0.0373002948	-0.0100416817	269.8
0.542807676439999	0.0372066336	-0.0100416901	270
0.539710536633332	0.0371061394	-0.0100416927	270.2
0.536608378464443	0.0370083685	-0.0100417123	270.4
0.533500745717777	0.0369089286	-0.010041718	270.6
0.530388215644443	0.0368141682	-0.0100417406	270.8
0.527265714017777	0.036716173	-0.0100417433	271
0.524136285375554	0.0366143418	-0.0100417593	271.2
0.520998877628888	0.0365154269	-0.0100417744	271.4
0.517852131446665	0.0364152467	-0.0100418063	271.6
0.514703066948888	0.0363187545	-0.0100418169	271.8
0.511551032397777	0.0362197229	-0.010041828	272
0.508391763586665	0.0361197447	-0.01004184	272.2
0.505224217735554	0.0360226647	-0.0100418325	272.4
0.502050815575554	0.0359211924	-0.0100418577	272.6
0.498871678142221	0.0358232062	-0.0100418697	272.8
0.495684561604443	0.0357237708	-0.0100418773	273
0.492492994646665	0.0356275478	-0.0100418937	273.2
0.489294603086665	0.0355301179	-0.0100419016	273.4
0.486087524824443	0.0354279995	-0.0100419185	273.6
0.482874757842221	0.0353293583	-0.01004193	273.8
0.479655212813332	0.0352282808	-0.0100419424	274
0.476428675595554	0.0351273649	-0.0100419549	274.2
0.473196058617777	0.0350228238	-0.0100419624	274.4
0.46995503425111	0.0349246267	-0.0100419722	274.6
0.466709066006665	0.0348223109	-0.0100419974	274.8
0.463458405268888	0.0347162265	-0.0100420108	275
0.460200938548888	0.0346102901	-0.0100420223	275.2
0.456936516879999	0.0345035102	-0.0100420227	275.4
0.453666946504443	0.0343966541	-0.0100420418	275.6
0.450391510508888	0.0342886583	-0.0100420453	275.8
0.447110432346665	0.0341885186	-0.010042056	276
0.443823386148888	0.0340833808	-0.010042068	276.2
0.440529329139999	0.0339747749	-0.0100420835	276.4
0.437230635499999	0.0338701755	-0.010042091	276.6
0.433923748613332	0.0337636469	-0.0100421039	276.8
0.430615334806666	0.0336604473	-0.0100421212	277
0.427302721959999	0.0335565612	-0.0100421216	277.2
0.423983340377777	0.0334459498	-0.010042138	277.4
0.420657925586666	0.0333377881	-0.0100421522	277.6
0.417328125546666	0.0332277061	-0.0100421624	277.8
0.413991705737777	0.0331199437	-0.0100421811	278
0.410651077579999	0.0330105706	-0.0100421771	278.2
0.407303196537777	0.0329003585	-0.0100421917	278.4
0.403950427479999	0.0327928743	-0.0100422046	278.6
0.400593263864443	0.0326795396	-0.0100422214	278.8
0.397230970157777	0.0325697896	-0.0100422294	279
0.393865725022221	0.0324560915	-0.0100422489	279.2
0.39049268699111	0.0323463953	-0.0100422485	279.4
0.387117135124444	0.0322341509	-0.0100422649	279.6
0.38373650903111	0.0321247912	-0.0100422977	279.8
0.38035332255111	0.0320140677	-0.0100422968	280
0.376964735975555	0.031898557	-0.0100423017	280.2
0.373573896259999	0.0317848768	-0.0100423367	280.4
0.370179127508888	0.0316709813	-0.0100423314	280.6
0.36678073697111	0.0315583823	-0.0100423602	280.8
0.363376266673333	0.0314431274	-0.0100423589	281
0.359969599095555	0.0313314751	-0.0100423909	281.2
0.356565752599999	0.0312175123	-0.010042386	281.4
0.353162110935555	0.0310982464	-0.0100424046	281.6
0.349752575722221	0.0309826325	-0.0100424241	281.8
0.346339325617777	0.0308652285	-0.0100424299	282
0.342926382759999	0.0307528494	-0.0100424405	282.2
0.339510637439999	0.0306373835	-0.0100424565	282.4
0.336092071037777	0.0305156186	-0.0100424676	282.6
0.332672433926666	0.0303983671	-0.010042472	282.8
0.329249137784444	0.0302774726	-0.0100424871	283
0.325822955384444	0.0301615357	-0.0100424964	283.2
0.32239468743111	0.0300429921	-0.0100425195	283.4
0.318964222199999	0.0299271449	-0.0100425297	283.6
0.315531308306666	0.0298112483	-0.0100425421	283.8
0.312093664675555	0.0296872042	-0.0100425669	284
0.308653702728888	0.0295660136	-0.0100425669	284.2
0.305211711093333	0.0294451818	-0.0100425825	284.4
0.301765045582221	0.0293253281	-0.0100425878	284.6
0.298318854906666	0.0292016026	-0.0100426131	284.8
0.294869545213332	0.0290837813	-0.0100426206	285
0.291419779304444	0.0289620926	-0.0100426388	285.2
0.287967089895555	0.0288363122	-0.0100426459	285.4
0.284510834562221	0.028712313	-0.0100426432	285.6
0.281052279535555	0.0285855231	-0.0100426476	285.8
0.277591108255555	0.0284610079	-0.0100426862	286
0.274128912822221	0.0283350525	-0.0100426885	286.2
0.270663961477777	0.0282128838	-0.0100426991	286.4
0.267196524228888	0.0280861657	-0.0100427124	286.6
0.263727709024444	0.0279589272	-0.010042727	286.8
0.260256715159999	0.0278293287	-0.010042731	287
0.256782499862221	0.0277001565	-0.0100427554	287.2
0.253309327339999	0.0275759912	-0.0100427661	287.4
0.249837532773333	0.0274495109	-0.0100427656	287.6
0.246361892966666	0.0273141203	-0.0100427869	287.8
0.242886588339999	0.0271837143	-0.0100428051	288
0.239407475715555	0.0270503472	-0.0100428193	288.2
0.235930569682221	0.0269186669	-0.0100428228	288.4
0.232448077344444	0.0267838327	-0.0100428397	288.6
0.228963136344444	0.0266525966	-0.0100428614	288.8
0.225476389104444	0.026523541	-0.0100428774	289
0.221989437035555	0.026382964	-0.0100428752	289.2
0.218500343548888	0.0262479772	-0.0100428889	289.4
0.215008428979999	0.0261094819	-0.0100429018	289.6
0.211515648533333	0.0259717897	-0.010042924	289.8
0.208022933259999	0.0258306833	-0.0100429395	290
0.204528178984444	0.0256956875	-0.0100429634	290.2
0.201026255619999	0.0255582331	-0.0100429798	290.4
0.197520105286666	0.0254108724	-0.0100429772	290.6
0.194012940108888	0.0252670516	-0.0100429914	290.8
0.190503316955555	0.0251219296	-0.0100430025	291
0.186990872719999	0.0249770545	-0.0100430113	291.2
0.183478484346666	0.0248294066	-0.0100430264	291.4
0.179965621137777	0.0246859941	-0.0100430411	291.6
0.176449182695555	0.0245397102	-0.0100430544	291.8
0.172933200468888	0.0243865169	-0.0100430619	292
0.169414257502221	0.0242349344	-0.010043065	292.2
0.165891534468888	0.02408114	-0.0100430885	292.4
0.162372265633333	0.0239309617	-0.0100430898	292.6
0.158854411993333	0.0237750541	-0.0100431253	292.8
0.155335943859999	0.0236116092	-0.0100431333	293
0.151815045684444	0.0234531712	-0.0100431373	293.2
0.148293784397777	0.0232880662	-0.0100431608	293.4
0.144774366593333	0.0231256306	-0.0100431728	293.6
0.141252360468888	0.0229576991	-0.0100431675	293.8
0.137730186753333	0.0227927377	-0.0100431892	294
0.134205657479999	0.0226251202	-0.0100431932	294.2
0.130684796546666	0.0224522983	-0.0100432029	294.4
0.127161822128888	0.0222790009	-0.0100432171	294.6
0.123640244286666	0.0220980898	-0.0100432384	294.8
0.120119243695555	0.0219216158	-0.0100432579	295
0.116601920753332	0.0217367251	-0.010043257	295.2
0.113090789297777	0.0215569267	-0.0100432739	295.4
0.109572498064444	0.0213707843	-0.010043285	295.6
0.106051190226666	0.0211769025	-0.0100432881	295.8
0.102528568309301	0.0209834201	-0.0100433107	296
0.0990025533804869	0.0207828983	-0.010043336	296.2
0.0954780915692298	0.0205836058	-0.0100433595	296.4
0.091951267654053	0.0203791133	-0.0100433657	296.6
0.0884236638285703	0.0201787082	-0.0100433746	296.8
0.0849000643969685	0.0199711649	-0.0100433883	297
0.0813813119774181	0.0197509561	-0.0100434256	297.2
0.0778559269034469	0.019536019	-0.0100434265	297.4
0.0743330802666652	0.0193122658	-0.0100434189	297.6
0.0708120238119984	0.019092066	-0.0100434309	297.8
0.0672949368739113	0.0188686897	-0.0100434584	298
0.0637735167333315	0.0186304225	-0.010043473	298.2
0.0602582364999979	0.0184000337	-0.0100434722	298.4
0.0567498337705859	0.0181645303	-0.0100434997	298.6
0.0532304181533307	0.0179304042	-0.0100435125	298.8
0.0497245571615355	0.0176885074	-0.0100435241	299
0.0462247135545419	0.0174610528	-0.0100435476	299.2
0.042719396933329	0.017246515	-0.0100435493	299.4
0.039235638371423	0.017021694	-0.0100435573	299.6
0.0357868221399922	0.0167742833	-0.010043583	299.8
0.032271612699987	0.016559732	-0.0100435941	300
0.0285396825999609	0.0164332158	-0.0100435941	300.2
