Calibrated Field (T)	Sample Voltage (V)	Sample Current (A)	Acquisition Time (s)	
Teslas	Volts	Amps	Seconds	
0.028194868	0.0172764795	-0.0100325138	0
0.0258648207666667	0.0173236381	-0.0100325369	0.2
0.02746325774	0.0174808616	-0.0100325635	0.4
0.0298106065428571	0.0176367751	-0.0100325928	0.6
0.0323959544888889	0.0177834911	-0.0100326105	0.8
0.0351379323545455	0.0179527387	-0.0100326504	1
0.0379693415307692	0.0181163063	-0.0100326673	1.2
0.0408618672133333	0.0182901078	-0.0100326872	1.4
0.0437957626294118	0.0184736452	-0.0100327156	1.6
0.0467743477	0.0186524448	-0.0100327356	1.8
0.0497668181666667	0.0188359597	-0.0100327684	2
0.0527977686608696	0.0190218661	-0.0100327773	2.2
0.055853204448	0.0192111014	-0.0100328092	2.4
0.0589328361592593	0.0193894389	-0.0100328323	2.6
0.0620247374689655	0.0195730301	-0.0100328504	2.8
0.0651381026709677	0.019760942	-0.0100328837	3
0.0682726349454545	0.0199408946	-0.0100328819	3.2
0.0714150812457143	0.0201292999	-0.0100329077	3.4
0.0745766254864865	0.0202991084	-0.0100329338	3.6
0.0777558872461538	0.0204761851	-0.0100329471	3.8
0.0809473306878049	0.0206576901	-0.0100329768	4
0.0841530755139535	0.0208336451	-0.0100330057	4.2
0.0873707027933333	0.0210097931	-0.0100330208	4.4
0.0903330357844444	0.0211816833	-0.0100330434	4.6
0.0934542618688889	0.0213544574	-0.0100330598	4.8
0.0966353545088889	0.0215196402	-0.0100330962	5
0.0998218658622222	0.0216891839	-0.0100331037	5.2
0.103021383993333	0.0218554345	-0.0100331143	5.4
0.106237651724444	0.0220234393	-0.0100331432	5.6
0.109467717624444	0.0221847008	-0.0100331551	5.8
0.112707615417778	0.0223455899	-0.010033172	6
0.115958741682222	0.0225064162	-0.0100331964	6.2
0.119216441164444	0.0226599428	-0.0100332203	6.4
0.122486318786667	0.0228150532	-0.0100332359	6.6
0.125765590711111	0.0229752783	-0.0100332634	6.8
0.129053102433333	0.0231306265	-0.0100332815	7
0.132348732917778	0.0232860419	-0.010033294	7.2
0.13565170008	0.0234364997	-0.0100333215	7.4
0.138962590482222	0.0235911749	-0.0100333277	7.6
0.142281162053333	0.0237377069	-0.0100333569	7.8
0.145608178253333	0.0238832025	-0.0100333734	8
0.148941925946667	0.0240336872	-0.010033384	8.2
0.152285887266667	0.02417794	-0.0100333973	8.4
0.155640518426667	0.0243257911	-0.0100334115	8.6
0.158995093724444	0.0244649606	-0.0100334319	8.8
0.162358700211111	0.0246075803	-0.0100334346	9
0.165728088522222	0.0247531432	-0.0100334576	9.2
0.169103370382222	0.0248923307	-0.0100334798	9.4
0.172484201306667	0.0250355023	-0.010033486	9.6
0.175869901624444	0.025175107	-0.0100335153	9.8
0.179263320351111	0.0253168742	-0.0100335259	10
0.182660696044444	0.0254505701	-0.010033557	10.2
0.1860630901	0.025586119	-0.0100335636	10.4
0.189472066682222	0.0257287835	-0.0100335831	10.6
0.192883864348889	0.0258614385	-0.0100336142	10.8
0.196299674842222	0.0259974495	-0.0100336111	11
0.199720652668889	0.026130773	-0.0100336129	11.2
0.20314413502	0.0262651329	-0.0100336359	11.4
0.206570680528889	0.026394728	-0.0100336616	11.6
0.210000503335556	0.0265259249	-0.0100336727	11.8
0.213432793424444	0.0266605495	-0.0100336936	12
0.216867150446667	0.0267911182	-0.01003371	12.2
0.220304430966667	0.0269241052	-0.0100337251	12.4
0.223745538106667	0.0270529332	-0.0100337397	12.6
0.227184783144444	0.0271850587	-0.0100337721	12.8
0.230625890284445	0.0273093148	-0.0100337747	13
0.234070302653333	0.0274348451	-0.0100337965	13.2
0.237516968164445	0.0275664772	-0.0100338235	13.4
0.240967655813333	0.0276960499	-0.0100338222	13.6
0.244423119753333	0.0278207367	-0.0100338302	13.8
0.247877308153333	0.0279454325	-0.0100338537	14
0.251329457553333	0.0280685221	-0.0100338657	14.2
0.254774624073333	0.0281967892	-0.0100338932	14.4
0.258215396035556	0.0283212696	-0.0100339078	14.6
0.26165641938	0.0284473024	-0.0100339189	14.8
0.265095096477778	0.0285703965	-0.0100339269	15
0.268534481173333	0.0286947333	-0.0100339459	15.2
0.271974908644445	0.0288142471	-0.0100339615	15.4
0.275413269184445	0.0289343351	-0.010033977	15.6
0.278849190371111	0.0290582278	-0.0100339943	15.8
0.282282392891111	0.0291762341	-0.0100340005	16
0.285717848551111	0.0293001986	-0.0100340125	16.2
0.289148714133333	0.0294202732	-0.0100340222	16.4
0.292577326573333	0.0295405945	-0.010034048	16.6
0.29600422588	0.0296555365	-0.0100340626	16.8
0.299428695144445	0.0297750727	-0.0100340621	17
0.302849589175556	0.0298946941	-0.0100340755	17.2
0.306267950748889	0.0300134003	-0.0100340923	17.4
0.309682913986667	0.0301339998	-0.0100341012	17.6
0.313095577528889	0.03025136	-0.0100341171	17.8
0.31650340892	0.0303711789	-0.0100341358	18
0.319907832664445	0.0304846672	-0.0100341411	18.2
0.323310347757778	0.0305990663	-0.0100341526	18.4
0.326710889022222	0.0307170411	-0.0100341704	18.6
0.33011075062	0.0308340289	-0.0100341872	18.8
0.333507400093334	0.0309494689	-0.0100341983	19
0.336896833924445	0.0310600992	-0.0100342267	19.2
0.3402802811	0.0311738746	-0.0100342209	19.4
0.343660804775556	0.0312908894	-0.0100342418	19.6
0.347037157344445	0.0314029195	-0.010034252	19.8
0.350409050182222	0.0315201317	-0.0100342812	20
0.353776203971111	0.0316318792	-0.0100342808	20.2
0.357141383933333	0.0317461212	-0.0100342883	20.4
0.36050167588	0.0318558004	-0.0100343017	20.6
0.363857843273333	0.0319646271	-0.0100343189	20.8
0.367210435433333	0.0320804439	-0.0100343389	21
0.370559536153333	0.0321899616	-0.010034354	21.2
0.373902724702222	0.0323012873	-0.0100343513	21.4
0.37724406046	0.0324109665	-0.0100343762	21.6
0.380578832308889	0.0325230774	-0.0100343873	21.8
0.383910224444445	0.0326299883	-0.0100343859	22
0.387236803048889	0.0327374062	-0.0100344099	22.2
0.390556175324445	0.0328502215	-0.0100344201	22.4
0.393869998537778	0.032962799	-0.010034432	22.6
0.397178291308889	0.0330713207	-0.010034444	22.8
0.400478344282222	0.0331793712	-0.0100344573	23
0.403776721364445	0.0332908585	-0.0100344729	23.2
0.407067556935556	0.0333918516	-0.0100344737	23.4
0.410355422455556	0.0334980716	-0.0100344808	23.6
0.413636798553333	0.0336063285	-0.0100345057	23.8
0.416914292171111	0.0337115525	-0.0100345234	24
0.420188620217778	0.033817934	-0.010034523	24.2
0.423453609826667	0.0339195463	-0.0100345332	24.4
0.426709940664445	0.0340261253	-0.0100345469	24.6
0.429963655248889	0.0341313044	-0.0100345762	24.8
0.433212910102222	0.0342359586	-0.0100345908	25
0.43645319894	0.0343435604	-0.0100345882	25.2
0.439691513948889	0.0344461777	-0.0100346112	25.4
0.442925518193334	0.0345550448	-0.0100346108	25.6
0.446152707146667	0.0346547413	-0.010034617	25.8
0.449374077035556	0.0347583187	-0.0100346401	26
0.45259005614	0.0348633947	-0.0100346454	26.2
0.455799694791111	0.034966833	-0.010034656	26.4
0.459003169886667	0.0350693112	-0.0100346662	26.6
0.462199559686667	0.0351715157	-0.0100346795	26.8
0.465390353873333	0.0352738279	-0.0100346995	27
0.468575608308889	0.0353711779	-0.0100347057	27.2
0.471753702964444	0.0354702732	-0.0100347168	27.4
0.474924116453333	0.0355725988	-0.0100347168	27.6
0.478085731513333	0.0356730581	-0.0100347407	27.8
0.48124359444	0.0357726334	-0.0100347376	28
0.484395256568889	0.0358702975	-0.0100347483	28.2
0.487541918957778	0.0359699626	-0.0100347642	28.4
0.490681803297778	0.0360653027	-0.0100347869	28.6
0.493815430977778	0.0361616028	-0.0100348059	28.8
0.496945399628889	0.0362605411	-0.0100348095	29
0.500069930944444	0.0363604574	-0.0100348082	29.2
0.503191073235556	0.0364614685	-0.0100348237	29.4
0.506301797071111	0.0365558619	-0.0100348419	29.6
0.509405351815556	0.0366559801	-0.0100348485	29.8
0.512503469224444	0.0367554927	-0.0100348565	30
0.515595339284444	0.0368519185	-0.0100348685	30.2
0.518680440606667	0.0369531853	-0.0100348818	30.4
0.521759201473333	0.0370503827	-0.0100348946	30.6
0.524835439195556	0.0371500837	-0.0100348858	30.8
0.527903483671111	0.037241664	-0.0100349	31
0.530963781806667	0.0373382064	-0.0100349115	31.2
0.534020495395556	0.0374351975	-0.0100349142	31.4
0.537070449557778	0.0375290166	-0.0100349168	31.6
0.540115469153333	0.0376263801	-0.0100349323	31.8
0.543155786942222	0.0377179514	-0.0100349474	32
0.546186850088889	0.0378122954	-0.0100349567	32.2
0.549212150033333	0.0378995999	-0.0100349767	32.4
0.552229694324444	0.0379911892	-0.0100349816	32.6
0.555242778884444	0.0380846852	-0.0100349984	32.8
0.558249038842222	0.0381727749	-0.0100350038	33
0.561248548684444	0.0382664998	-0.0100350264	33.2
0.564242677053333	0.038354594	-0.0100350219	33.4
0.567232671557778	0.0384453128	-0.0100350379	33.6
0.570215208346667	0.0385330256	-0.0100350335	33.8
0.573190752946667	0.0386198052	-0.0100350574	34
0.576161400217778	0.0387095236	-0.0100350667	34.2
0.579125725655556	0.0387981292	-0.0100350738	34.4
0.582087313806667	0.0388869502	-0.0100350871	34.6
0.585037142788889	0.0389751072	-0.0100350902	34.8
0.58797852714	0.0390631969	-0.0100351089	35
0.590915153824444	0.0391573615	-0.0100351058	35.2
0.59384668766	0.0392457293	-0.0100351217	35.4
0.596772057942222	0.0393372737	-0.0100351333	35.6
0.599690240515556	0.0394248878	-0.0100351519	35.8
0.602603451277778	0.0395181954	-0.0100351563	36
0.60551189506	0.0396054147	-0.0100351656	36.2
0.608412825264445	0.0396951241	-0.0100351692	36.4
0.611307750191111	0.039787983	-0.0100351927	36.6
0.614199351268889	0.0398761086	-0.0100351936	36.8
0.61708164184	0.0399687298	-0.0100351998	37
0.619956335037778	0.0400570887	-0.0100352233	37.2
0.622826047115556	0.0401492567	-0.0100352304	37.4
0.625690265995556	0.0402355652	-0.0100352415	37.6
0.628546794395556	0.0403232197	-0.0100352433	37.8
0.631394477815556	0.0404166485	-0.0100352459	38
0.634236062855556	0.0405036255	-0.0100352597	38.2
0.637071521582222	0.0405900327	-0.0100352668	38.4
0.639901040206667	0.040674735	-0.010035281	38.6
0.642723613193333	0.0407639868	-0.0100352832	38.8
0.645538272248889	0.0408442788	-0.0100352885	39
0.648346767751111	0.0409290529	-0.0100353053	39.2
0.651148019677778	0.0410125618	-0.0100353093	39.4
0.653942782182222	0.0410927371	-0.0100353191	39.6
0.656734016004445	0.0411745501	-0.0100353178	39.8
0.659512755128889	0.0412510868	-0.010035343	40
0.66228554484	0.0413315134	-0.0100353524	40.2
0.66505189168	0.0414134475	-0.0100353648	40.4
0.667810976326667	0.0414901099	-0.0100353559	40.6
0.670561374271111	0.0415696885	-0.0100353816	40.8
0.673304752093334	0.0416470732	-0.0100353803	41
0.676042590164445	0.041725611	-0.0100353989	41.2
0.67877314742	0.0417978181	-0.0100354065	41.4
0.681496004888889	0.0418744042	-0.0100354127	41.6
0.684210585315556	0.0419539111	-0.0100354255	41.8
0.686917745271111	0.0420275495	-0.0100354468	42
0.689617326473334	0.042105145	-0.0100354349	42.2
0.692308109246667	0.0421806633	-0.0100354415	42.4
0.694990084282222	0.0422593581	-0.0100354477	42.6
0.69766472264	0.0423324357	-0.0100354708	42.8
0.700331214304445	0.0424081424	-0.010035481	43
0.702987306133333	0.0424854912	-0.0100354934	43.2
0.705636191631111	0.0425604217	-0.0100354894	43.4
0.708275896968889	0.042635756	-0.0100355054	43.6
0.710907660446667	0.0427106327	-0.010035516	43.8
0.713531789308889	0.0427899197	-0.0100355196	44
0.716148097346667	0.0428624365	-0.0100355311	44.2
0.71875530902	0.0429392155	-0.0100355378	44.4
0.721354467106667	0.0430143345	-0.0100355466	44.6
0.723945385393334	0.0430912301	-0.0100355626	44.8
0.726531415664445	0.0431667753	-0.0100355595	45
0.729101646008889	0.0432415084	-0.0100355781	45.2
0.731664483811111	0.0433172421	-0.0100355772	45.4
0.734216046591111	0.0433975161	-0.0100355963	45.6
0.736755096048889	0.0434717154	-0.0100355928	45.8
0.739287181248889	0.0435495711	-0.010035603	46
0.741809434555556	0.0436256772	-0.0100356074	46.2
0.744322693911111	0.0437022588	-0.0100356145	46.4
0.746824240651111	0.0437753677	-0.0100356225	46.6
0.749317985188889	0.0438512898	-0.0100356389	46.8
0.751801041266667	0.043927158	-0.0100356344	47
0.754273008528889	0.0440036948	-0.0100356407	47.2
0.756734585266667	0.0440792534	-0.010035665	47.4
0.759185194228889	0.0441536142	-0.0100356806	47.6
0.761625803708889	0.0442305951	-0.0100356917	47.8
0.764054551604444	0.0443030669	-0.0100356775	48
0.766469762022222	0.044377163	-0.0100356863	48.2
0.768875727108889	0.0444541708	-0.0100357085	48.4
0.771272474795555	0.044526046	-0.0100357103	48.6
0.773658571262222	0.0446005233	-0.0100357298	48.8
0.776035804128889	0.0446709583	-0.0100357294	49
0.778402990957778	0.0447454536	-0.0100357298	49.2
0.780760541413333	0.0448132999	-0.0100357422	49.4
0.783104833706667	0.0448826042	-0.01003576	49.6
0.785434676095556	0.0449533802	-0.0100357573	49.8
0.787749705471111	0.0450217513	-0.0100357617	50
0.790052165662222	0.0450889873	-0.0100357706	50.2
0.792342736337778	0.0451522258	-0.0100357755	50.4
0.794625849297778	0.0452198208	-0.0100357795	50.6
0.796900517628889	0.0452861011	-0.0100358048	50.8
0.799163715415556	0.0453499274	-0.0100358167	51
0.801413170895556	0.0454153284	-0.0100358181	51.2
0.803646938175556	0.0454775978	-0.0100358287	51.4
0.805869439742222	0.0455377988	-0.0100358389	51.6
0.808075489644445	0.0455992875	-0.0100358385	51.8
0.810271344542222	0.0456593046	-0.0100358575	52
0.812452041937778	0.0457196358	-0.0100358624	52.2
0.814619425308889	0.0457768443	-0.010035866	52.4
0.8167757478	0.0458362288	-0.0100358788	52.6
0.81891862592	0.0458930604	-0.0100358859	52.8
0.821050359364444	0.0459515072	-0.0100359037	53
0.823169393277778	0.0460071454	-0.0100359037	53.2
0.825274861784445	0.0460642149	-0.0100358966	53.4
0.82736688592	0.0461176232	-0.0100359085	53.6
0.829450502668889	0.046173912	-0.0100359272	53.8
0.831522127486667	0.0462285138	-0.0100359294	54
0.83358946016	0.0462814914	-0.010035944	54.2
0.835645238495556	0.0463362054	-0.0100359467	54.4
0.837686026915556	0.0463875634	-0.0100359511	54.6
0.839707691557778	0.0464382753	-0.0100359578	54.8
0.8417149994	0.0464924688	-0.0100359729	55
0.843715771266667	0.0465449754	-0.0100359848	55.2
0.845709560255556	0.0465964949	-0.0100359884	55.4
0.847692791131111	0.0466439002	-0.0100359906	55.6
0.849665277682222	0.0466961196	-0.0100359884	55.8
0.851616480415556	0.0467475673	-0.0100360101	56
0.853552460473334	0.0467962154	-0.0100360283	56.2
0.855480480048889	0.0468475285	-0.0100360381	56.4
0.857406516484445	0.0468962305	-0.0100360252	56.6
0.859320793751111	0.0469459823	-0.0100360381	56.8
0.861215537575556	0.0469933068	-0.0100360451	57
0.863096492542223	0.047041403	-0.0100360602	57.2
0.864975408506667	0.0470909619	-0.0100360687	57.4
0.866843012206667	0.0471380083	-0.0100360744	57.6
0.868684965464445	0.0471864455	-0.0100360811	57.8
0.870513818837778	0.0472342546	-0.0100360802	58
0.872345456053334	0.0472820233	-0.0100361019	58.2
0.874158844677778	0.0473269296	-0.0100361064	58.4
0.875952830208889	0.0473734914	-0.0100361108	58.6
0.877749096813334	0.04741829	-0.0100361228	58.8
0.879535754975556	0.0474653813	-0.0100361365	59
0.881307907368889	0.0475113733	-0.0100361436	59.2
0.883080720808889	0.0475567955	-0.0100361427	59.4
0.884827194826667	0.0476023793	-0.0100361472	59.6
0.886567421495556	0.0476477342	-0.010036156	59.8
0.888296522111111	0.047692304	-0.01003616	60
0.890009320028889	0.0477369366	-0.0100361724	60.2
0.891732182604444	0.0477832472	-0.010036176	60.4
0.893427653671111	0.0478269062	-0.0100361928	60.6
0.895132444555556	0.0478688648	-0.0100361857	60.8
0.896809192193333	0.0479140671	-0.0100361946	61
0.898496237251111	0.0479593772	-0.0100362066	61.2
0.900157827386667	0.0480037675	-0.0100362221	61.4
0.901827554904444	0.0480466997	-0.0100362261	61.6
0.903470989551111	0.0480897126	-0.0100362283	61.8
0.905121714326667	0.0481339325	-0.0100362461	62
0.906745876228889	0.0481751328	-0.0100362505	62.2
0.908371984026667	0.0482196488	-0.0100362563	62.4
0.90998515022	0.0482635231	-0.0100362611	62.6
0.911585970682222	0.0483053157	-0.0100362789	62.8
0.913184603175555	0.0483486382	-0.0100362776	63
0.914752203753333	0.0483903725	-0.0100362886	63.2
0.916324059231111	0.0484359293	-0.0100363024	63.4
0.917889388046666	0.0484761964	-0.0100363077	63.6
0.919444447373333	0.048518321	-0.010036317	63.8
0.921009729635556	0.048561002	-0.010036317	64
0.92255390498	0.0486031041	-0.0100363268	64.2
0.924077876526667	0.0486459062	-0.0100363365	64.4
0.925608216457778	0.0486887262	-0.0100363543	64.6
0.927122905428889	0.0487301419	-0.0100363561	64.8
0.928625993508889	0.0487713692	-0.0100363583	65
0.930134742377778	0.0488128342	-0.0100363618	65.2
0.93164208536	0.0488542679	-0.0100363765	65.4
0.933117083644444	0.0488971103	-0.0100363827	65.6
0.934582017273333	0.0489383017	-0.0100363938	65.8
0.936057360048889	0.048977694	-0.0100363951	66
0.937539797428889	0.0490176784	-0.010036415	66.2
0.938995681246667	0.0490595697	-0.0100364292	66.4
0.940430122968889	0.0491001554	-0.0100364248	66.6
0.941874052095556	0.0491410731	-0.0100364275	66.8
0.943323204417778	0.0491830766	-0.0100364381	67
0.944755765417778	0.0492219125	-0.0100364465	67.2
0.946176390348889	0.0492599408	-0.0100364665	67.4
0.94759005102	0.0493006656	-0.0100364656	67.6
0.948984867226667	0.0493423326	-0.0100364727	67.8
0.95037979516	0.049383174	-0.010036486	68
0.951785644317778	0.0494223509	-0.0100364758	68.2
0.953177406677778	0.0494603388	-0.0100365073	68.4
0.954570677342222	0.0495023243	-0.0100365051	68.6
0.955956043386667	0.0495392265	-0.0100365108	68.8
0.957328933351111	0.0495800904	-0.0100365175	69
0.958699207066667	0.0496190789	-0.0100365326	69.2
0.9600488487	0.049658184	-0.0100365401	69.4
0.961415239933334	0.049697648	-0.0100365441	69.6
0.962761734613333	0.0497368608	-0.0100365525	69.8
0.964126999275556	0.0497769934	-0.0100365632	70
0.965474527424445	0.0498123073	-0.0100365632	70.2
0.966831971262222	0.049850883	-0.0100365765	70.4
0.968167833346667	0.0498922942	-0.0100365827	70.6
0.969518815693333	0.0499297528	-0.010036588	70.8
0.970851689104444	0.0499686111	-0.0100366018	71
0.972192719266667	0.0500053787	-0.0100366013	71.2
0.973518191775556	0.0500438916	-0.0100365982	71.4
0.97484291938	0.0500816911	-0.0100366239	71.6
0.976164294297778	0.0501190958	-0.0100366182	71.8
0.977471462311111	0.0501578555	-0.0100366284	72
0.978788573191111	0.0501958614	-0.0100366341	72.2
0.980085460968889	0.0502334949	-0.0100366501	72.4
0.981375115811111	0.0502686608	-0.0100366408	72.6
0.982667972977778	0.0503067923	-0.010036671	72.8
0.983935523822222	0.0503436631	-0.0100366652	73
0.9852012126	0.050380166	-0.0100366785	73.2
0.986463195624444	0.0504173822	-0.0100366701	73.4
0.987698160515555	0.0504534903	-0.0100366958	73.6
0.988933860277778	0.0504901682	-0.0100366874	73.8
0.990178339171111	0.0505246745	-0.010036706	74
0.99141237234	0.0505616171	-0.0100367162	74.2
0.992635010375555	0.0505983982	-0.0100367273	74.4
0.9938773759	0.0506328462	-0.0100367295	74.6
0.995128790706666	0.0506677115	-0.0100367402	74.8
0.996354489802222	0.0507041336	-0.0100367446	75
0.997575181215555	0.0507390842	-0.0100367508	75.2
0.998782698246667	0.0507722401	-0.010036765	75.4
0.999994488971111	0.050808236	-0.0100367645	75.6
1.00118994857556	0.0508443081	-0.0100367743	75.8
1.00237875160889	0.0508771769	-0.0100367721	76
1.00357298181111	0.0509109923	-0.0100367867	76.2
1.00477519266	0.0509449244	-0.0100368018	76.4
1.00597770999111	0.0509791526	-0.0100367907	76.6
1.00715751865111	0.0510119451	-0.0100368142	76.8
1.00833025059778	0.0510436922	-0.0100368147	77
1.00949410974	0.0510776826	-0.0100368093	77.2
1.01066471865111	0.0511107846	-0.0100368386	77.4
1.01183388520889	0.051144443	-0.0100368448	77.6
1.01297430139333	0.0511751448	-0.0100368426	77.8
1.01411150517333	0.0512070803	-0.0100368417	78
1.01525640867111	0.0512381499	-0.0100368595	78.2
1.01641453394889	0.0512715212	-0.0100368657	78.4
1.01754965228222	0.0513004014	-0.0100368768	78.6
1.01866120579778	0.0513328977	-0.0100368763	78.8
1.01976945288222	0.0513640481	-0.0100368839	79
1.02088818566	0.051393018	-0.0100368958	79.2
1.02198972175778	0.0514258464	-0.0100369016	79.4
1.02306659427333	0.0514562161	-0.0100369131	79.6
1.02414750709556	0.051485702	-0.0100369171	79.8
1.02524005777778	0.0515170408	-0.0100369207	80
1.02631243111111	0.0515464145	-0.0100369318	80.2
1.02736949777778	0.0515763536	-0.0100369411	80.4
1.02844270888889	0.0516032641	-0.0100369499	80.6
1.02951799777778	0.0516336787	-0.0100369468	80.8
1.03055811111111	0.0516622807	-0.0100369553	81
1.03160647333333	0.0516918384	-0.0100369757	81.2
1.03267074	0.0517219838	-0.0100369703	81.4
1.03371001555556	0.0517475618	-0.010036981	81.6
1.03474396444444	0.0517779809	-0.0100369845	81.8
1.03580383555556	0.0518037878	-0.0100369978	82
1.03684646222222	0.0518325647	-0.0100370027	82.2
1.03788040444444	0.0518591927	-0.0100370169	82.4
1.03894247111111	0.0518882478	-0.0100370205	82.6
1.03997894444444	0.0519147456	-0.0100370182	82.8
1.04100664888889	0.0519406243	-0.0100370165	83
1.04205356888889	0.0519695807	-0.0100370453	83.2
1.04306170888889	0.0519950197	-0.010037044	83.4
1.04406503777778	0.0520227064	-0.0100370564	83.6
1.04507367333333	0.052048253	-0.0100370519	83.8
1.04605638	0.0520737055	-0.0100370613	84
1.04704802222222	0.0521001674	-0.0100370684	84.2
1.04805506444444	0.0521240854	-0.0100370684	84.4
1.04903843111111	0.0521518349	-0.010037091	84.6
1.05005502666667	0.052176574	-0.0100370928	84.8
1.05103245333333	0.0522012368	-0.0100370981	85
1.05199765555556	0.0522280576	-0.0100371105	85.2
1.05296669111111	0.0522513744	-0.0100371021	85.4
1.05391361555556	0.0522753777	-0.0100371163	85.6
1.05490724222222	0.052298506	-0.0100371242	85.8
1.05586568444444	0.0523233797	-0.0100371402	86
1.05682516	0.0523472887	-0.0100371398	86.2
1.05776783111111	0.0523698473	-0.0100371571	86.4
1.05869144222222	0.0523942633	-0.0100371557	86.6
1.05965557333333	0.0524180064	-0.010037165	86.8
1.06059009777778	0.0524434049	-0.010037173	87
1.06154137111111	0.0524646848	-0.0100371846	87.2
1.06245200222222	0.0524897379	-0.0100371775	87.4
1.06337183333333	0.0525133823	-0.0100371965	87.6
1.06431241777778	0.0525352185	-0.0100371899	87.8
1.06522512666667	0.0525581225	-0.0100372072	88
1.06613705333333	0.0525800665	-0.0100372067	88.2
1.06703130888889	0.0526030423	-0.0100372098	88.4
1.06796851333333	0.0526257803	-0.0100372236	88.6
1.06885824444444	0.0526489491	-0.0100372338	88.8
1.06975781555556	0.0526696681	-0.0100372387	89
1.07063824666667	0.052692469	-0.0100372489	89.2
1.07155032222222	0.052712026	-0.0100372493	89.4
1.07241782888889	0.052732624	-0.0100372666	89.6
1.07329237333333	0.0527571656	-0.0100372617	89.8
1.07417929111111	0.0527763862	-0.0100372697	90
1.07505696444444	0.0527994158	-0.0100372826	90.2
1.07590980666667	0.0528190446	-0.0100372888	90.4
1.07678392222222	0.0528400733	-0.0100373021	90.6
1.07765365555556	0.0528616852	-0.0100373008	90.8
1.07849174888889	0.0528800937	-0.0100373012	91
1.07934244222222	0.0529014229	-0.0100373216	91.2
1.08020088	0.0529212178	-0.0100373158	91.4
1.08103089333333	0.0529424034	-0.0100373336	91.6
1.08187240444444	0.0529625303	-0.0100373318	91.8
1.08271410222222	0.0529819841	-0.0100373385	92
1.08352845555556	0.0530033537	-0.0100373518	92.2
1.08436596444444	0.053020986	-0.0100373531	92.4
1.08519702888889	0.0530413552	-0.0100373544	92.6
1.08599017333333	0.053060477	-0.0100373784	92.8
1.08682988666667	0.053081564	-0.010037385	93
1.08762368222222	0.0530988329	-0.0100373824	93.2
1.08843749555556	0.0531172144	-0.0100373908	93.4
1.08923843111111	0.0531387052	-0.0100374046	93.6
1.09004261777778	0.0531564676	-0.0100373957	93.8
1.09083312444444	0.0531726956	-0.0100374063	94
1.09164803555556	0.0531953573	-0.0100374156	94.2
1.09241183333333	0.0532133082	-0.0100374281	94.4
1.09322616666667	0.0532301867	-0.0100374298	94.6
1.09398329777778	0.0532492503	-0.0100374298	94.8
1.09477322888889	0.0532686054	-0.0100374227	95
1.09555035777778	0.0532870049	-0.0100374471	95.2
1.09630273111111	0.0533051756	-0.0100374427	95.4
1.09708916222222	0.0533222067	-0.0100374613	95.6
1.09782039111111	0.0533425938	-0.0100374689	95.8
1.09861627111111	0.0533592166	-0.0100374618	96
1.09934251777778	0.053377468	-0.0100374795	96.2
1.10011068222222	0.0533947818	-0.0100374773	96.4
1.10086374444444	0.0534128807	-0.0100374786	96.6
1.10159134222222	0.0534306879	-0.0100374915	96.8
1.10236043777778	0.053447239	-0.010037511	97
1.10306868666667	0.0534643374	-0.0100375074	97.2
1.10383405555556	0.0534830509	-0.0100375128	97.4
1.10454082444444	0.0534996603	-0.0100375283	97.6
1.10528474222222	0.0535180418	-0.0100375394	97.8
1.10600267555556	0.0535349159	-0.0100375403	98
1.10672257111111	0.0535524764	-0.0100375509	98.2
1.10745158444444	0.0535669995	-0.0100375536	98.4
1.10816408	0.0535826308	-0.0100375585	98.6
1.10886352222222	0.0536015642	-0.0100375691	98.8
1.10958261111111	0.0536177922	-0.0100375811	99
1.11026892666667	0.0536339574	-0.0100375762	99.2
1.11099055555556	0.0536504411	-0.010037586	99.4
1.11168494222222	0.0536684458	-0.0100376024	99.6
1.11237512888889	0.0536827176	-0.0100376001	99.8
1.11309029777778	0.0536985912	-0.0100375997	100
1.11376900444445	0.0537138232	-0.0100376139	100.2
1.11446667777778	0.0537298448	-0.0100376219	100.4
1.11515541333333	0.0537470463	-0.010037629	100.6
1.11582702666667	0.0537611791	-0.0100376387	100.8
1.11653198	0.0537785198	-0.0100376325	101
1.11719774444445	0.053793819	-0.0100376498	101.2
1.11786769111111	0.0538076018	-0.0100376401	101.4
1.11855740444445	0.0538247092	-0.0100376587	101.6
1.11922186666667	0.0538396047	-0.010037664	101.8
1.11988932	0.0538583497	-0.0100376755	102
1.12057244222222	0.0538712172	-0.010037672	102.2
1.12120207333333	0.0538858973	-0.0100376818	102.4
1.12189381555556	0.0539011248	-0.0100376853	102.6
1.12252837111111	0.0539157645	-0.0100377008	102.8
1.12318323555556	0.0539330648	-0.0100377017	103
1.12383471111111	0.0539472828	-0.0100376982	103.2
1.12449346666667	0.0539626943	-0.0100377093	103.4
1.12510943111111	0.0539789357	-0.0100377177	103.6
1.12578070888889	0.0539928397	-0.0100377226	103.8
1.12641461555556	0.0540069276	-0.0100377301	104
1.12703822444445	0.0540216077	-0.0100377292	104.2
1.12771050666667	0.0540369159	-0.0100377385	104.4
1.12832670444444	0.0540516364	-0.0100377421	104.6
1.12895867333333	0.0540669761	-0.0100377421	104.8
1.12959105111111	0.0540813197	-0.0100377443	105
1.13022259333333	0.0540956364	-0.0100377589	105.2
1.13082302666667	0.0541094282	-0.0100377682	105.4
1.1314683	0.0541252928	-0.0100377762	105.6
1.13209482222222	0.0541392371	-0.0100377802	105.8
1.13268105777778	0.0541540832	-0.0100377807	106
1.13333579111111	0.0541699971	-0.0100378042	106.2
1.13393151555556	0.054183107	-0.0100378086	106.4
1.13453506888889	0.0541970109	-0.010037817	106.6
1.13516886222222	0.0542126736	-0.0100378135	106.8
1.13576494	0.0542229344	-0.0100378166	107
1.13637052444444	0.0542387407	-0.0100378215	107.2
1.13696747777778	0.0542512134	-0.0100378334	107.4
1.13758682222222	0.0542655974	-0.0100378255	107.6
1.13817450222222	0.0542819106	-0.0100378414	107.8
1.13877283111111	0.0542936565	-0.0100378352	108
1.13940533111111	0.0543084982	-0.0100378503	108.2
1.13996729333333	0.0543226623	-0.0100378565	108.4
1.14055362444444	0.0543371271	-0.0100378525	108.6
1.14117419777778	0.054348698	-0.0100378547	108.8
1.14173511777778	0.0543619245	-0.0100378676	109
1.14232215555556	0.054377143	-0.0100378734	109.2
1.14291809333333	0.0543904592	-0.0100378862	109.4
1.14350146222222	0.0544051169	-0.0100378813	109.6
1.14408102222222	0.0544181145	-0.0100378955	109.8
1.14464115111111	0.0544324312	-0.0100379142	110
1.14525204222222	0.0544448995	-0.0100379106	110.2
1.14582295333333	0.054456753	-0.0100379022	110.4
1.14636252444444	0.0544739367	-0.0100379213	110.6
1.14697325555556	0.0544851442	-0.0100379284	110.8
1.14754328	0.0545000352	-0.0100379315	111
1.14808799111111	0.0545116195	-0.0100379368	111.2
1.14867070888889	0.0545249941	-0.0100379354	111.4
1.14924339777778	0.0545391178	-0.0100379629	111.6
1.14979812888889	0.0545524026	-0.0100379678	111.8
1.15035906888889	0.0545665489	-0.0100379621	112
1.15091821111111	0.0545767244	-0.010037978	112.2
1.15149684	0.0545931543	-0.0100379674	112.4
1.15205431777778	0.0546022442	-0.0100379789	112.6
1.15258092888889	0.0546154258	-0.0100379767	112.8
1.1531671	0.0546292489	-0.01003799	113
1.15373351555556	0.0546403577	-0.0100380126	113.2
1.15424673111111	0.0546537906	-0.0100380202	113.4
1.15480907555556	0.054665034	-0.0100380135	113.6
1.15539940666667	0.0546809165	-0.0100380264	113.8
1.15591744444444	0.0546927387	-0.0100380211	114
1.15645825333333	0.0547067772	-0.0100380193	114.2
1.15701984444444	0.0547188147	-0.0100380268	114.4
1.15756171555556	0.0547312201	-0.010038033	114.6
1.15810555111111	0.0547460079	-0.0100380304	114.8
1.15864416444444	0.0547557349	-0.0100380472	115
1.15916871777778	0.0547711598	-0.0100380561	115.2
1.15972851111111	0.0547830717	-0.0100380707	115.4
1.16026848444444	0.0547971371	-0.0100380765	115.6
1.1607663	0.0548092464	-0.0100380641	115.8
1.16131454888889	0.054820261	-0.01003808	116
1.16187924	0.0548353359	-0.0100380925	116.2
1.16238656888889	0.0548459737	-0.0100380929	116.4
1.16289522	0.054859568	-0.0100380969	116.6
1.16346124222222	0.0548707172	-0.0100381098	116.8
1.16399058222222	0.0548845718	-0.0100381106	117
1.16448517555556	0.0548986238	-0.0100381213	117.2
1.16500974	0.0549089788	-0.0100381213	117.4
1.16556000888889	0.0549229904	-0.0100381319	117.6
1.16608161111111	0.0549355664	-0.0100381435	117.8
1.16660047777778	0.0549463566	-0.0100381421	118
1.16711919333333	0.0549590537	-0.0100381497	118.2
1.16761903555556	0.0549706201	-0.0100381488	118.4
1.16815682	0.0549827204	-0.0100381603	118.6
1.16869016444445	0.0549938965	-0.0100381519	118.8
1.16918464666667	0.0550066519	-0.0100381674	119
1.16967173555556	0.0550175453	-0.0100381723	119.2
1.17021859777778	0.0550310903	-0.0100381732	119.4
1.17075614888889	0.0550414723	-0.0100381923	119.6
1.17122882666667	0.05505294	-0.0100381887	119.8
1.17171339333333	0.0550667094	-0.0100381909	120
1.17225108444444	0.0550788321	-0.0100381896	120.2
1.17277841333333	0.0550911792	-0.0100381896	120.4
1.17325530666667	0.0551015477	-0.0100382029	120.6
1.17375163111111	0.0551151331	-0.01003821	120.8
1.17426675333333	0.0551280904	-0.0100382153	121
1.17477450222222	0.0551388806	-0.0100382078	121.2
1.17527555555556	0.055151811	-0.010038222	121.4
1.17577782888889	0.0551635165	-0.0100382384	121.6
1.17626898666667	0.0551763616	-0.0100382464	121.8
1.17675492	0.0551861334	-0.0100382468	122
1.17727609333333	0.0551977133	-0.0100382588	122.2
1.17779093555556	0.0552100559	-0.0100382579	122.4
1.17826864888889	0.0552215191	-0.0100382685	122.6
1.17872279777778	0.055232592	-0.0100382792	122.8
1.17923541555556	0.0552437726	-0.0100382659	123
1.17976646	0.055256039	-0.0100382774	123.2
1.18025244222222	0.0552689828	-0.0100382854	123.4
1.18070449555556	0.0552784629	-0.0100382796	123.6
1.18118527111111	0.0552910792	-0.0100382894	123.8
1.18170915333333	0.0553011068	-0.010038292	124
1.18220920222222	0.0553090884	-0.0100382947	124.2
1.1826732	0.0553264066	-0.01003832	124.4
1.18315296	0.0553365104	-0.0100383133	124.6
1.18364173333333	0.0553488171	-0.0100383173	124.8
1.18413279777778	0.0553599484	-0.0100383284	125
1.18462163777778	0.0553719994	-0.0100383346	125.2
1.18511048666667	0.0553837049	-0.0100383351	125.4
1.18558817333333	0.0553936202	-0.0100383346	125.6
1.18603440888889	0.055403558	-0.0100383408	125.8
1.18651673111111	0.055416264	-0.0100383524	126
1.18703408666667	0.055427974	-0.0100383515	126.2
1.18752516888889	0.0554383829	-0.0100383603	126.4
1.18796684	0.0554503397	-0.0100383626	126.6
1.18840080222222	0.0554605736	-0.0100383581	126.8
1.18888181111111	0.0554741635	-0.0100383719	127
1.18939683111111	0.0554837289	-0.010038383	127.2
1.18988411555556	0.0554965247	-0.0100383807	127.4
1.19031724	0.0555061663	-0.0100383807	127.6
1.19076701111111	0.0555163778	-0.0100384038	127.8
1.19125072888889	0.055528348	-0.010038387	128
1.19173712888889	0.0555386672	-0.0100384087	128.2
1.19220177777778	0.0555505118	-0.0100384003	128.4
1.19265314222222	0.0555618045	-0.0100384082	128.6
1.1931178	0.0555718994	-0.0100384087	128.8
1.19358007555556	0.0555847131	-0.0100384198	129
1.19402489333333	0.0555954584	-0.0100384131	129.2
1.19448842666667	0.0556054994	-0.0100384326	129.4
1.19497433333333	0.0556147822	-0.0100384353	129.6
1.19545235333333	0.0556270799	-0.0100384362	129.8
1.19589907111111	0.0556394764	-0.0100384442	130
1.19631465333333	0.0556481759	-0.0100384557	130.2
1.19675356	0.0556610165	-0.0100384561	130.4
1.19724426888889	0.0556711382	-0.0100384601	130.6
1.19774110444445	0.0556819733	-0.0100384752	130.8
1.19818927555556	0.0556932167	-0.0100384695	131
1.1986047	0.0557037333	-0.0100384752	131.2
1.19903513333333	0.0557147793	-0.0100384814	131.4
1.19948791111111	0.0557236044	-0.0100384841	131.6
1.19996559555556	0.0557351619	-0.0100384907	131.8
1.20042839333333	0.055744817	-0.0100384952	132
1.20086821111111	0.0557557418	-0.0100385036	132.2
1.20130782444445	0.055765388	-0.0100385129	132.4
1.20175388222222	0.0557772461	-0.0100385089	132.6
1.20219507111111	0.0557864032	-0.0100385169	132.8
1.20261952	0.0557971306	-0.0100385227	133
1.20306405111111	0.0558098142	-0.010038532	133.2
1.20353531333333	0.0558188637	-0.0100385355	133.4
1.20400438666667	0.0558293354	-0.01003852	133.6
1.20444695111111	0.0558402154	-0.0100385395	133.8
1.20484868	0.0558507633	-0.010038532	134
1.20524709333333	0.0558636757	-0.0100385519	134.2
1.20568219111111	0.0558728104	-0.010038548	134.4
1.20614737111111	0.0558836994	-0.010038563	134.6
1.20662002666667	0.0558945659	-0.0100385466	134.8
1.20704756444444	0.0559040326	-0.0100385661	135
1.20743253555556	0.0559154241	-0.0100385653	135.2
1.20782173333333	0.055924644	-0.0100385737	135.4
1.20821631333333	0.0559345055	-0.0100385732	135.6
1.20860666666667	0.0559456098	-0.0100385755	135.8
1.20899552888889	0.0559579794	-0.0100385888	136
1.20935961555556	0.0559659072	-0.0100385919	136.2
1.20972080666667	0.0559775274	-0.0100385888	136.4
1.21007616	0.0559875325	-0.0100386021	136.6
1.21042017333333	0.0559971877	-0.0100386145	136.8
1.21072919777778	0.0560070268	-0.0100386136	137
1.21101264666667	0.0560183419	-0.0100386012	137.2
1.21129610444444	0.0560284457	-0.0100386234	137.4
1.21161018444444	0.0560394738	-0.0100386269	137.6
1.21193669555556	0.0560489405	-0.0100386265	137.8
1.21224003111111	0.0560600717	-0.0100386189	138
1.21250928222222	0.05606935	-0.0100386318	138.2
1.21272666222222	0.0560796916	-0.0100386509	138.4
1.21293224666667	0.0560877764	-0.0100386429	138.6
1.21315420888889	0.0560973687	-0.0100386446	138.8
1.21339947555556	0.0561048748	-0.0100386535	139
1.21366086	0.0561084775	-0.0100386464	139.2
1.21389238444444	0.0561095588	-0.0100386517	139.4
1.21406908888889	0.0561112278	-0.0100386624	139.6
1.21421571111111	0.0561113086	-0.0100386673	139.8
1.21436627111111	0.0561121072	-0.0100386642	140
1.21452647777778	0.0561100209	-0.010038669	140.2
1.21469944	0.0561110932	-0.0100386735	140.4
1.21487828666667	0.0561122463	-0.0100386877	140.6
1.21502779555556	0.0561117438	-0.0100386815	140.8
1.21514322666667	0.0561098414	-0.0100387121	141
1.21523968444444	0.0561105997	-0.0100387005	141.2
1.21533880444444	0.056111672	-0.0100387023	141.4
1.21543418	0.0561099581	-0.0100387183	141.6
1.21552955555556	0.0561100927	-0.0100387218	141.8
1.21561772666667	0.0561094421	-0.0100387302	142
1.21569055333333	0.0561087512	-0.0100387285	142.2
1.21574791555556	0.0561084237	-0.010038732	142.4
1.21579217777778	0.0561118155	-0.0100387524	142.6
1.21582809777778	0.0561107747	-0.0100387471	142.8
1.21585510888889	0.0561113086	-0.0100387427	143
1.21587573333333	0.0561095767	-0.0100387591	143.2
1.21589222222222	0.0561118425	-0.0100387635	143.4
1.21590602888889	0.056111174	-0.0100387555	143.6
1.21589692444444	0.0561107163	-0.0100387826	143.8
1.21588318222222	0.0561092358	-0.0100387671	144
1.21586711333333	0.0561117931	-0.010038783	144.2
1.21585367777778	0.0561118694	-0.010038787	144.4
1.21584258	0.0561113759	-0.0100387795	144.6
1.21583631333333	0.0561106804	-0.0100387972	144.8
1.21583007555556	0.0561115733	-0.0100388039	145
1.21582065333333	0.0561104157	-0.0100388141	145.2
1.21580317777778	0.0561112368	-0.0100388141	145.4
1.21579209777778	0.0561116271	-0.0100388229	145.6
1.21579043111111	0.0561114656	-0.010038815	145.8
1.21577893333333	0.0561112413	-0.0100388274	146
1.21577371777778	0.0561111874	-0.0100388349	146.2
1.21577218222222	0.0561110483	-0.0100388394	146.4
1.21576853333333	0.0561109586	-0.0100388509	146.6
1.21574703555556	0.0561123988	-0.010038842	146.8
1.21572241111111	0.0561119187	-0.0100388571	147
1.21569505555556	0.0561112413	-0.0100388602	147.2
1.21568019555556	0.0561118425	-0.010038858	147.4
1.21567071777778	0.0561113355	-0.0100388664	147.6
1.21567530666667	0.0561130987	-0.0100388833	147.8
1.21568400222222	0.0561115912	-0.0100388735	148
1.21566271777778	0.0561115015	-0.0100388855	148.2
1.21563210666667	0.05611134	-0.0100388926	148.4
1.21560114888889	0.0561123764	-0.0100389077	148.6
1.21558248222222	0.0561117034	-0.0100389081	148.8
1.21557487555556	0.0561126411	-0.0100388961	149
1.21558178444444	0.0561137717	-0.0100389099	149.2
1.21559444666667	0.0561123809	-0.0100389183	149.4
1.21558219333333	0.0561121251	-0.0100389245	149.6
1.21554166444444	0.0561117707	-0.0100389303	149.8
1.21549991555556	0.0561144267	-0.0100389369	150
1.2154723	0.0561155798	-0.0100389365	150.2
1.21546283111111	0.0561146959	-0.0100389525	150.4
1.21547707777778	0.0561151401	-0.0100389498	150.6
1.21549807333333	0.056113323	-0.0100389564	150.8
1.21549115555556	0.0561122911	-0.0100389556	151
1.21544788888889	0.0561130583	-0.010038995	151.2
1.21539454888889	0.0561114342	-0.0100389609	151.4
1.21535479333333	0.0561115105	-0.0100389675	151.6
1.21534615333333	0.056111156	-0.0100389742	151.8
1.21536493111111	0.0561138435	-0.0100389897	152
1.21539658666667	0.056113341	-0.010039003	152.2
1.21539058222222	0.0561121117	-0.0100389862	152.4
1.21534771777778	0.0561147004	-0.0100390021	152.6
1.21529080222222	0.0561132737	-0.0100389986	152.8
1.21524780666667	0.0561137582	-0.0100390172	153
1.21524518888889	0.056114844	-0.0100390185	153.2
1.21526738666667	0.0561130763	-0.0100390274	153.4
1.21529616444444	0.0561137448	-0.0100390318	153.6
1.21530105333333	0.056112659	-0.0100390239	153.8
1.2152568	0.0561135204	-0.0100390265	154
1.21519649777778	0.0561145703	-0.0100390412	154.2
1.21514961111111	0.0561125917	-0.0100390389	154.4
1.21514003111111	0.0561138525	-0.0100390349	154.6
1.21515170666667	0.0561116316	-0.0100390509	154.8
1.21517718	0.056111995	-0.0100390518	155
1.21517239555556	0.0561120847	-0.0100390536	155.2
1.21513934444444	0.0561124437	-0.0100390629	155.4
1.21508986	0.0561134711	-0.0100390624	155.6
1.21505930222222	0.0561154945	-0.0100390771	155.8
1.21507462666667	0.0561150952	-0.0100390811	156
1.21511618	0.0561132827	-0.0100390904	156.2
1.21514806888889	0.0561111784	-0.010039086	156.4
1.21515548	0.0561141172	-0.0100391006	156.6
1.21513378666667	0.0561132243	-0.0100390868	156.8
1.21509160222222	0.0561135429	-0.0100391112	157
1.21507402444444	0.056114521	-0.0100391241	157.2
1.21509484222222	0.0561132288	-0.0100391121	157.4
1.21513918888889	0.0561122642	-0.0100391392	157.6
1.21516355333333	0.0561128161	-0.0100391405	157.8
1.21512606	0.0561135833	-0.010039129	158
1.21506394	0.0561119053	-0.0100391383	158.2
1.21498205333333	0.0561102856	-0.0100391396	158.4
1.21491791333333	0.0561132961	-0.010039152	158.6
1.21487758888889	0.0561126276	-0.0100391507	158.8
1.21482255555556	0.056110833	-0.0100391441	159
1.21474822888889	0.0561107298	-0.0100391467	159.2
1.21464833555556	0.0561115553	-0.0100391574	159.4
1.21452173111111	0.0561123674	-0.0100391667	159.6
1.21439752	0.0561117707	-0.0100391804	159.8
1.21428922	0.056112493	-0.0100391649	160
1.21417715111111	0.056111654	-0.0100391844	160.2
1.21404698	0.0561112368	-0.0100391764	160.4
1.21390271333333	0.0561122059	-0.0100391813	160.6
1.21374454666667	0.0561112188	-0.0100392101	160.8
1.21358402444444	0.0561118469	-0.010039207	161
1.21341064444444	0.0561114476	-0.0100392106	161.2
1.21322474	0.0561108554	-0.0100392057	161.4
1.21302251555556	0.0561124033	-0.0100392137	161.6
1.21282197555556	0.0561103843	-0.0100392137	161.8
1.21262675333333	0.0561043813	-0.0100392257	162
1.21243161555556	0.0560705793	-0.0100392181	162.2
1.21219765111111	0.0560629611	-0.0100392274	162.4
1.21192525333333	0.0560553653	-0.0100392314	162.6
1.21165053777778	0.056044916	-0.010039239	162.8
1.21139584888889	0.0560360326	-0.0100392509	163
1.21117470444444	0.0560237393	-0.0100392478	163.2
1.21093648444444	0.0560141739	-0.0100392545	163.4
1.21064534444444	0.0560048822	-0.0100392572	163.6
1.21030988666667	0.0559972729	-0.0100392718	163.8
1.20997611333333	0.055985711	-0.0100392762	164
1.20968557777778	0.0559762218	-0.0100392847	164.2
1.20939580666667	0.0559660597	-0.0100392904	164.4
1.20907068222222	0.0559570731	-0.0100392882	164.6
1.20871315777778	0.0559479473	-0.010039298	164.8
1.20833021555556	0.055936197	-0.0100393028	165
1.2079522	0.0559279102	-0.0100393011	165.2
1.20758133555556	0.0559180263	-0.0100393144	165.4
1.20719371111111	0.0559068143	-0.0100393153	165.6
1.20679286666667	0.055899214	-0.0100393215	165.8
1.20639556888889	0.055888186	-0.0100393405	166
1.20599600888889	0.0558755831	-0.0100393272	166.2
1.20555817333333	0.0558673458	-0.010039341	166.4
1.20508292888889	0.0558589379	-0.0100393405	166.6
1.20461192	0.0558468869	-0.0100393565	166.8
1.20421124222222	0.0558389501	-0.0100393703	167
1.20383079555556	0.0558283528	-0.0100393632	167.2
1.20341305111111	0.055815916	-0.0100393738	167.4
1.20295175333333	0.0558079613	-0.0100393796	167.6
1.20248563333333	0.0557980414	-0.0100393915	167.8
1.20206312222222	0.0557857526	-0.0100393884	168
1.20166118	0.0557750791	-0.0100393902	168.2
1.20124190888889	0.0557650919	-0.0100394031	168.4
1.20080621333333	0.0557561636	-0.0100394053	168.6
1.20036358222222	0.0557443773	-0.0100394115	168.8
1.19992721555556	0.055735283	-0.0100394173	169
1.19947467777778	0.0557244883	-0.0100394248	169.2
1.19902677777778	0.0557153311	-0.0100394328	169.4
1.19859998444444	0.0557064477	-0.0100394332	169.6
1.19819532222222	0.0556933827	-0.0100394297	169.8
1.19774895777778	0.0556851498	-0.0100394448	170
1.19726562	0.0556743686	-0.0100394479	170.2
1.19680595111111	0.0556644712	-0.0100394439	170.4
1.19640006	0.0556538604	-0.0100394536	170.6
1.19599021333333	0.0556416254	-0.0100394594	170.8
1.19554013333333	0.0556323696	-0.0100394603	171
1.19505367777778	0.0556234817	-0.0100394594	171.2
1.19461509777778	0.0556127049	-0.0100394674	171.4
1.19418882666667	0.0556003084	-0.0100394949	171.6
1.19374769555556	0.0555886568	-0.0100394878	171.8
1.19330128444444	0.0555804373	-0.0100395029	172
1.19285218222222	0.0555691042	-0.0100394998	172.2
1.19239371555556	0.0555591036	-0.0100395148	172.4
1.19192801333333	0.055548771	-0.0100395175	172.6
1.19148388444444	0.0555375366	-0.0100395148	172.8
1.19106498666667	0.0555296222	-0.0100395313	173
1.19059038444444	0.0555184147	-0.0100395264	173.2
1.19009567111111	0.0555063234	-0.0100395321	173.4
1.18964482	0.0554947614	-0.0100395508	173.6
1.18923208666667	0.055485021	-0.0100395525	173.8
1.18877799555556	0.0554757966	-0.0100395463	174
1.18827971555556	0.0554650602	-0.0100395583	174.2
1.18780453555556	0.0554548846	-0.0100395614	174.4
1.1873694	0.0554427574	-0.0100395729	174.6
1.18691115555556	0.0554331067	-0.0100395716	174.8
1.18644032222222	0.0554218633	-0.0100395854	175
1.18597486	0.0554136125	-0.0100395725	175.2
1.18549298444444	0.0553989952	-0.0100395885	175.4
1.18501448	0.0553905873	-0.0100395969	175.6
1.18457155111111	0.055378487	-0.0100395978	175.8
1.18411796222222	0.0553675397	-0.0100396142	176
1.18360979555556	0.0553568975	-0.0100396204	176.2
1.18312393777778	0.055342518	-0.0100396173	176.4
1.18269374666667	0.055333796	-0.0100396293	176.6
1.18223283777778	0.055320758	-0.0100396266	176.8
1.18172336666667	0.0553117714	-0.0100396426	177
1.18123882	0.0553013849	-0.0100396421	177.2
1.18078409555556	0.055289814	-0.0100396483	177.4
1.18031023777778	0.0552794904	-0.0100396523	177.6
1.17981737777778	0.0552684085	-0.0100396648	177.8
1.17933569111111	0.0552597494	-0.0100396608	178
1.17885195333333	0.0552450423	-0.0100396772	178.2
1.17837095333333	0.0552350372	-0.0100396661	178.4
1.17791518444444	0.0552241528	-0.0100396789	178.6
1.17741006222222	0.0552116038	-0.0100396843	178.8
1.17689513555556	0.0552012308	-0.0100396874	179
1.17643379111111	0.0551915756	-0.0100397078	179.2
1.17597519333333	0.055178412	-0.0100397029	179.4
1.17544712888889	0.0551675948	-0.0100397104	179.6
1.17494098	0.0551540767	-0.0100397131	179.8
1.17448302444444	0.0551427212	-0.0100397166	180
1.17399231333333	0.0551305535	-0.0100397286	180.2
1.17346734	0.0551217329	-0.0100397331	180.4
1.17298671333333	0.055110005	-0.01003973	180.6
1.17249442	0.0550967785	-0.0100397317	180.8
1.17199309555555	0.0550850236	-0.0100397406	181
1.17149461111111	0.0550736367	-0.0100397406	181.2
1.17097632222222	0.0550614645	-0.010039757	181.4
1.17047694444444	0.0550501718	-0.0100397654	181.6
1.17000648444444	0.0550387265	-0.0100397654	181.8
1.1694668	0.0550244412	-0.0100397792	182
1.16894441555556	0.0550152975	-0.0100397832	182.2
1.16847736222222	0.05500444	-0.0100397889	182.4
1.16796019111111	0.0549926268	-0.0100398036	182.6
1.16740918666667	0.0549804502	-0.0100398067	182.8
1.16692319777778	0.0549677307	-0.0100398045	183
1.16642191111111	0.0549557874	-0.0100398116	183.2
1.16588728222222	0.0549457868	-0.0100398156	183.4
1.16537645333333	0.0549309811	-0.0100398289	183.6
1.16486459777778	0.0549186474	-0.0100398302	183.8
1.16435055555556	0.0549086109	-0.0100398253	184
1.16383513555556	0.0548979822	-0.0100398244	184.2
1.16330267777778	0.0548836565	-0.0100398462	184.4
1.16279955555556	0.0548729156	-0.0100398599	184.6
1.16228676	0.054862408	-0.0100398697	184.8
1.16172527111111	0.0548461755	-0.0100398612	185
1.16122148	0.0548372742	-0.0100398595	185.2
1.16071879555556	0.0548244201	-0.0100398714	185.4
1.16014909333333	0.054813558	-0.0100398737	185.6
1.15963604888889	0.0547995913	-0.0100398723	185.8
1.15912244444444	0.0547871006	-0.0100398852	186
1.15856485555556	0.0547761489	-0.0100398794	186.2
1.15803843111111	0.054764228	-0.0100398865	186.4
1.15750816	0.0547517373	-0.0100399069	186.6
1.15697782444444	0.0547384346	-0.0100399078	186.8
1.15643162222222	0.0547280122	-0.0100399149	187
1.15588152	0.0547125156	-0.0100399145	187.2
1.15536933111111	0.054701676	-0.0100399349	187.4
1.15481143777778	0.0546903294	-0.0100399145	187.6
1.15424772444444	0.0546773586	-0.0100399406	187.8
1.15374478888889	0.0546638405	-0.0100399389	188
1.15317293777778	0.0546487791	-0.0100399406	188.2
1.15260695111111	0.0546378408	-0.0100399442	188.4
1.15208670888889	0.0546262295	-0.010039957	188.6
1.15151822	0.0546130479	-0.0100399672	188.8
1.15096319333333	0.0546032133	-0.0100399615	189
1.15041225333333	0.0545903771	-0.010039961	189.2
1.14986812	0.0545772897	-0.0100399788	189.4
1.14929164	0.0545612457	-0.0100399801	189.6
1.14872455555555	0.0545537037	-0.0100399859	189.8
1.14819882	0.0545387006	-0.0100400045	190
1.14760383333333	0.0545259811	-0.0100399974	190.2
1.14704176888889	0.0545143743	-0.0100400005	190.4
1.14650995333333	0.0545007799	-0.0100400067	190.6
1.14590252666667	0.0544867728	-0.010040012	190.8
1.14536546888889	0.0544724381	-0.0100400187	191
1.14480565555555	0.0544618319	-0.0100400315	191.2
1.14420763333333	0.0544472056	-0.0100400302	191.4
1.14365709333333	0.0544318435	-0.0100400338	191.6
1.14307908666667	0.0544192721	-0.0100400422	191.8
1.14250006444444	0.0544074454	-0.0100400413	192
1.14191410888889	0.0543935639	-0.0100400488	192.2
1.14135409111111	0.0543806739	-0.0100400546	192.4
1.14074792	0.0543675103	-0.0100400803	192.6
1.14016690888889	0.0543541402	-0.0100400719	192.8
1.13960400444444	0.0543393749	-0.0100400817	193
1.13897540666667	0.0543269156	-0.0100400888	193.2
1.13841960666667	0.0543133841	-0.0100400888	193.4
1.13781143555555	0.0542987264	-0.0100400959	193.6
1.13721728666667	0.0542869311	-0.0100401065	193.8
1.13662916888889	0.0542709409	-0.0100400999	194
1.13601840888889	0.0542604558	-0.0100401127	194.2
1.13541062888889	0.0542431689	-0.0100401238	194.4
1.13481614444444	0.0542311	-0.0100401203	194.6
1.13421303777778	0.0542162315	-0.0100401229	194.8
1.13359367555555	0.0542020807	-0.0100401305	195
1.13302388222222	0.0541901195	-0.0100401491	195.2
1.13237678222222	0.0541756458	-0.0100401389	195.4
1.13179198888889	0.0541616476	-0.01004015	195.6
1.13117040888889	0.054146456	-0.0100401438	195.8
1.13054849555555	0.0541346428	-0.0100401553	196
1.12994481333333	0.0541175938	-0.0100401491	196.2
1.12931419333333	0.0541040667	-0.0100401744	196.4
1.12868729777778	0.0540892969	-0.0100401659	196.6
1.12807474	0.0540747603	-0.0100401619	196.8
1.12742876	0.0540616954	-0.0100401735	197
1.12680260888889	0.0540462929	-0.0100401717	197.2
1.12618432666667	0.05403155	-0.0100401921	197.4
1.12552600666667	0.054015304	-0.0100402019	197.6
1.12492156	0.0540040786	-0.010040197	197.8
1.12424583111111	0.0539872314	-0.010040189	198
1.12363411333333	0.0539718828	-0.0100402067	198.2
1.12297396888889	0.0539588358	-0.0100402067	198.4
1.12234249333333	0.0539413605	-0.0100402245	198.6
1.12169424	0.0539275284	-0.0100402267	198.8
1.12104106	0.0539121932	-0.010040232	199
1.12037954888889	0.0538974862	-0.0100402378	199.2
1.11974435777778	0.0538840399	-0.0100402493	199.4
1.11905376	0.053866928	-0.0100402391	199.6
1.11841626888889	0.0538539393	-0.0100402498	199.8
1.11772247777778	0.0538364596	-0.0100402471	200
1.11707098444444	0.0538224614	-0.0100402648	200.2
1.11639813111111	0.0538070051	-0.010040283	200.4
1.11570874444444	0.0537899875	-0.0100402759	200.6
1.11505303333333	0.0537741229	-0.0100402826	200.8
1.11435074222222	0.0537582673	-0.0100402883	201
1.11369652	0.0537423803	-0.010040311	201.2
1.11299239555556	0.0537259549	-0.0100402915	201.4
1.11232228222222	0.0537112972	-0.010040311	201.6
1.11162270888889	0.0536950333	-0.0100403185	201.8
1.11093534222222	0.0536790431	-0.0100403216	202
1.11023982888889	0.0536630888	-0.0100403265	202.2
1.10953443555556	0.0536473902	-0.0100403212	202.4
1.10883889333333	0.0536314583	-0.0100403465	202.6
1.10811826	0.053612323	-0.0100403358	202.8
1.10741766444444	0.0535992671	-0.010040334	203
1.10670138888889	0.0535818411	-0.0100403602	203.2
1.10599449777778	0.0535638724	-0.0100403513	203.4
1.10527434888889	0.053549439	-0.0100403606	203.6
1.10455604222222	0.0535314882	-0.0100403686	203.8
1.10383055777778	0.0535146545	-0.0100403762	204
1.10309378888889	0.0534967978	-0.0100403886	204.2
1.10237397555556	0.0534799462	-0.0100403944	204.4
1.10161589555556	0.0534626728	-0.010040401	204.6
1.10090272	0.0534444259	-0.0100404103	204.8
1.10013592666667	0.0534300867	-0.0100404192	205
1.09941427777778	0.0534113328	-0.0100404134	205.2
1.09865365555556	0.0533934044	-0.0100404201	205.4
1.09790200888889	0.0533765393	-0.0100404325	205.6
1.09715839777778	0.0533581981	-0.0100404338	205.8
1.09638056888889	0.0533411536	-0.0100404409	206
1.09564690222222	0.0533200262	-0.0100404547	206.2
1.09485910444444	0.0533033944	-0.0100404498	206.4
1.09409913555556	0.0532843623	-0.010040456	206.6
1.09332626888889	0.0532667614	-0.0100404547	206.8
1.09254954	0.0532478101	-0.0100404556	207
1.09176174888889	0.0532285267	-0.0100404609	207.2
1.09099439555556	0.0532092613	-0.0100404476	207.4
1.09017275333333	0.0531899959	-0.0100404689	207.6
1.0894158	0.0531723142	-0.0100404777	207.8
1.08859052666667	0.0531528514	-0.0100404826	208
1.08780161777778	0.0531332719	-0.0100404928	208.2
1.08700198444444	0.0531169677	-0.0100404995	208.4
1.08619542444444	0.0530970921	-0.0100404964	208.6
1.08538093333333	0.0530774632	-0.0100405066	208.8
1.08459240888889	0.0530561878	-0.010040515	209
1.08375319777778	0.0530365859	-0.0100405114	209.2
1.08293473111111	0.0530181012	-0.0100405381	209.4
1.0821251	0.0529975212	-0.0100405381	209.6
1.08127769555556	0.0529796556	-0.0100405389	209.8
1.08045068	0.0529581244	-0.0100405425	210
1.07961794	0.0529384777	-0.0100405469	210.2
1.07877715333333	0.0529172426	-0.0100405407	210.4
1.07790895777778	0.0528964877	-0.0100405518	210.6
1.07709448444444	0.0528780568	-0.0100405469	210.8
1.07621850666667	0.0528562789	-0.0100405695	211
1.07536641777778	0.0528342542	-0.0100405664	211.2
1.07450280444444	0.0528146074	-0.0100405895	211.4
1.07365914222222	0.0527928564	-0.0100405935	211.6
1.07277793111111	0.0527720611	-0.010040601	211.8
1.07190380444444	0.0527521002	-0.0100405979	212
1.07105264666667	0.052730255	-0.0100406072	212.2
1.07015838222222	0.0527070639	-0.010040617	212.4
1.06927279555556	0.0526861743	-0.0100406166	212.6
1.06836830888889	0.0526630953	-0.010040617	212.8
1.06751078222222	0.0526418872	-0.0100406405	213
1.06660015111111	0.0526189742	-0.0100406294	213.2
1.06568935111111	0.0525963573	-0.0100406414	213.4
1.06478868222222	0.052574014	-0.0100406476	213.6
1.06388279777778	0.0525507107	-0.0100406587	213.8
1.06299619555556	0.0525274118	-0.0100406671	214
1.06204896444444	0.0525039604	-0.0100406742	214.2
1.06112610666667	0.0524816531	-0.0100406782	214.4
1.06020671333333	0.0524588074	-0.0100406787	214.6
1.05928783111111	0.0524358226	-0.0100406835	214.8
1.05837062666667	0.052411115	-0.0100406764	215
1.05740731555556	0.0523867348	-0.0100406893	215.2
1.05646730666667	0.0523632565	-0.0100406946	215.4
1.05552703777778	0.0523381406	-0.0100407106	215.6
1.05458135111111	0.0523164389	-0.0100407208	215.8
1.05365880888889	0.0522927273	-0.0100407221	216
1.05268572222222	0.0522664	-0.010040711	216.2
1.05171187111111	0.0522426345	-0.0100407279	216.4
1.05075143555556	0.0522167783	-0.0100407261	216.6
1.04976757555555	0.0521913887	-0.0100407412	216.8
1.04882447777778	0.0521667708	-0.0100407381	217
1.04786823333333	0.0521399006	-0.0100407492	217.2
1.04687319111111	0.0521165703	-0.0100407492	217.4
1.04589856666667	0.0520903462	-0.0100407643	217.6
1.04489549777778	0.0520633235	-0.0100407749	217.8
1.04387418222222	0.0520381089	-0.0100407616	218
1.04287854444444	0.0520113419	-0.0100407815	218.2
1.04187305555556	0.0519839557	-0.0100407776	218.4
1.040859	0.0519582207	-0.0100407953	218.6
1.03987166666667	0.0519316152	-0.0100407922	218.8
1.03886916	0.0519038881	-0.0100408015	219
1.03785334444444	0.0518756809	-0.0100408015	219.2
1.03686218666667	0.0518482543	-0.0100408135	219.4
1.03585745333333	0.0518205497	-0.0100408272	219.6
1.03482552222222	0.0517951062	-0.0100408321	219.8
1.03380348888889	0.0517658043	-0.0100408281	220
1.03278617777778	0.051738315	-0.0100408277	220.2
1.03173646444444	0.0517091297	-0.0100408428	220.4
1.03068803777778	0.0516801059	-0.0100408467	220.6
1.02965876	0.0516509611	-0.0100408538	220.8
1.02861697111111	0.0516204657	-0.0100408654	221
1.02754914	0.0515942281	-0.0100408791	221.2
1.02649688444444	0.0515610633	-0.01004088	221.4
1.02545433111111	0.0515327933	-0.0100408893	221.6
1.02439084666667	0.0515023203	-0.0100408822	221.8
1.02331082853333	0.0514729287	-0.0100408982	222
1.02224756823111	0.0514441203	-0.0100408973	222.2
1.02119471750444	0.051413275	-0.010040923	222.4
1.02012089916444	0.0513841615	-0.010040919	222.6
1.01901874090222	0.051352374	-0.010040919	222.8
1.01790978406444	0.05132143	-0.0100409328	223
1.01681146938	0.051290836	-0.0100409346	223.2
1.01570803584889	0.0512595061	-0.0100409341	223.4
1.01458898689111	0.051227925	-0.0100409483	223.6
1.01346297426222	0.0511963753	-0.0100409443	223.8
1.01235719282	0.0511657947	-0.010040947	224
1.01125743520667	0.0511316877	-0.0100409643	224.2
1.01014212106667	0.0511006539	-0.0100409732	224.4
1.00900180823111	0.0510662597	-0.0100409727	224.6
1.00783840522889	0.0510319822	-0.0100409794	224.8
1.00668651971778	0.0510024021	-0.0100409789	225
1.00555989267778	0.0509686405	-0.0100409842	225.2
1.00442915133556	0.0509324472	-0.0100410148	225.4
1.00327733078444	0.0508986093	-0.0100410157	225.6
1.00210855458889	0.0508656194	-0.0100410308	225.8
1.00094017870889	0.0508304805	-0.0100410246	226
0.9997625028	0.0507958709	-0.0100410264	226.2
0.998576037704444	0.0507645007	-0.0100410299	226.4
0.997399553744444	0.0507285182	-0.0100410437	226.6
0.996244176922222	0.050692621	-0.0100410468	226.8
0.995069553773333	0.0506581595	-0.0100410379	227
0.993879513017777	0.0506217823	-0.0100410521	227.2
0.992704862717777	0.0505868183	-0.0100410667	227.4
0.991501518155555	0.0505513249	-0.0100410738	227.6
0.990278974744444	0.0505169038	-0.0100410792	227.8
0.989066587522222	0.0504807912	-0.0100410703	228
0.987828198195555	0.0504457061	-0.010041092	228.2
0.986588056784444	0.0504094365	-0.0100410965	228.4
0.985355763906666	0.0503738085	-0.0100411177	228.6
0.984099544268889	0.050336157	-0.0100411004	228.8
0.982866041591111	0.050298187	-0.0100411222	229
0.981610341988889	0.0502644703	-0.010041131	229.2
0.980365741497778	0.0502283084	-0.010041131	229.4
0.979103990628889	0.0501899884	-0.0100411355	229.6
0.977842594913333	0.0501530458	-0.0100411448	229.8
0.976571570246666	0.0501154123	-0.010041143	230
0.97529251142	0.0500815924	-0.0100411501	230.2
0.974015641157778	0.0500409529	-0.0100411656	230.4
0.972728342155555	0.0500035033	-0.0100411643	230.6
0.971428195642222	0.0499674895	-0.0100411687	230.8
0.970128523493333	0.0499272537	-0.0100411718	231
0.968815816637778	0.0498917065	-0.0100411976	231.2
0.967509161611111	0.0498522424	-0.0100411896	231.4
0.966183624877778	0.0498159953	-0.010041214	231.6
0.964880731295555	0.0497782047	-0.0100412095	231.8
0.963557382531111	0.0497377088	-0.0100412087	232
0.962242627364444	0.0497002099	-0.01004123	232.2
0.960935078528889	0.0496612483	-0.0100412237	232.4
0.959597773317778	0.0496228566	-0.0100412304	232.6
0.958259024977778	0.0495847026	-0.0100412353	232.8
0.956907037097778	0.0495467775	-0.0100412472	233
0.955534268166666	0.049507614	-0.0100412583	233.2
0.9541753812	0.0494681814	-0.0100412654	233.4
0.952831353802222	0.0494287891	-0.0100412805	233.6
0.951467448473333	0.0493889796	-0.0100412708	233.8
0.950085136273333	0.0493493989	-0.0100412796	234
0.948699137113333	0.0493094234	-0.0100412889	234.2
0.947313342784444	0.0492718662	-0.0100412969	234.4
0.945921282486666	0.0492320073	-0.0100413098	234.6
0.944520982391111	0.0491900622	-0.0100413085	234.8
0.943098448806666	0.0491527203	-0.0100413133	235
0.941690234779999	0.0491118161	-0.0100413266	235.2
0.940287988786666	0.0490740614	-0.0100413253	235.4
0.938869579755555	0.0490328521	-0.0100413258	235.6
0.937415883908888	0.0489908038	-0.0100413368	235.8
0.935969068526666	0.0489515955	-0.0100413506	236
0.93452441318	0.0489094036	-0.0100413666	236.2
0.933056621226666	0.0488704645	-0.0100413759	236.4
0.93159633354	0.0488283444	-0.0100413679	236.6
0.930145132908889	0.048789172	-0.0100413732	236.8
0.928666289384444	0.0487476441	-0.0100413949	237
0.927194047008889	0.0487056317	-0.0100413936	237.2
0.925710883408889	0.0486650549	-0.0100413972	237.4
0.924209080175555	0.0486235944	-0.010041418	237.6
0.922720795797777	0.0485842784	-0.0100414269	237.8
0.921198276688889	0.0485407271	-0.0100414171	238
0.91968511464	0.0485008727	-0.0100414158	238.2
0.9181514881	0.0484587032	-0.0100414229	238.4
0.916614630813333	0.0484175253	-0.0100414393	238.6
0.915059431828889	0.0483759705	-0.0100414491	238.8
0.913501048651111	0.0483332941	-0.0100414459	239
0.91194571932	0.0482911246	-0.010041438	239.2
0.910384636095555	0.0482459222	-0.0100414548	239.4
0.908816067224444	0.0482072119	-0.010041473	239.6
0.907234677786666	0.0481629697	-0.0100414801	239.8
0.905632898342222	0.0481191581	-0.010041473	240
0.904031305106666	0.0480766477	-0.0100414681	240.2
0.90241277606	0.048031876	-0.0100414961	240.4
0.900810251773333	0.0479909135	-0.0100415032	240.6
0.899169768555555	0.0479463841	-0.0100415001	240.8
0.897534759915555	0.0479037031	-0.0100415125	241
0.895888615908889	0.0478591019	-0.0100415284	241.2
0.89423009824	0.0478140521	-0.0100415258	241.4
0.892569401913333	0.0477706219	-0.0100415351	241.6
0.890886239335555	0.0477269494	-0.010041544	241.8
0.889203328142222	0.047684946	-0.0100415524	242
0.887518768988889	0.0476393308	-0.0100415573	242.2
0.885809313544444	0.047592271	-0.0100415613	242.4
0.884089216188889	0.0475478762	-0.0100415737	242.6
0.882367489495555	0.0475025751	-0.0100415865	242.8
0.880633491555555	0.047457947	-0.0100415883	243
0.878884727153333	0.0474111743	-0.0100415914	243.2
0.877117174151111	0.0473669634	-0.0100415914	243.4
0.875362702408889	0.0473187506	-0.0100416083	243.6
0.873585513031111	0.0472726733	-0.010041634	243.8
0.871798743144445	0.0472279106	-0.0100416353	244
0.869994478815556	0.0471784369	-0.0100416371	244.2
0.868173306608889	0.0471300222	-0.010041638	244.4
0.866350467822222	0.0470813561	-0.010041646	244.6
0.864519137851111	0.0470346507	-0.0100416544	244.8
0.862685647842222	0.0469874832	-0.0100416593	245
0.860836087902222	0.0469387588	-0.0100416819	245.2
0.85897119356	0.0468909856	-0.0100416832	245.4
0.857083926071111	0.0468415748	-0.0100416903	245.6
0.855190858135556	0.0467937837	-0.0100416996	245.8
0.853277632955556	0.0467443684	-0.0100417014	246
0.851360646331111	0.0466930822	-0.0100417081	246.2
0.84942569974	0.0466437207	-0.0100417187	246.4
0.847484617526667	0.0465927351	-0.0100417254	246.6
0.845522558742222	0.0465431134	-0.010041736	246.8
0.843561849982222	0.0464892654	-0.0100417506	247
0.84158103984	0.0464396886	-0.0100417657	247.2
0.839595397544444	0.0463870519	-0.01004176	247.4
0.837594867748889	0.0463332263	-0.0100417768	247.6
0.835587718186667	0.0462783688	-0.0100417954	247.8
0.833562673831111	0.0462247136	-0.0100418012	248
0.831522397486667	0.0461716104	-0.0100418034	248.2
0.829455912068889	0.0461166496	-0.0100418003	248.4
0.827380106835555	0.046062178	-0.0100418145	248.6
0.825301601553333	0.046007123	-0.0100418154	248.8
0.823212621953333	0.0459479898	-0.0100418176	249
0.821107404831111	0.0458915126	-0.0100418207	249.2
0.818982402884444	0.0458329087	-0.0100418527	249.4
0.816842448264444	0.0457738607	-0.0100418522	249.6
0.814698331846667	0.0457138302	-0.0100418682	249.8
0.812543294206667	0.0456563121	-0.0100418739	250
0.810369495897778	0.0455941594	-0.0100418713	250.2
0.808176443462222	0.0455310241	-0.0100418926	250.4
0.805978521631111	0.0454692482	-0.0100418952	250.6
0.80376514436	0.0454052964	-0.0100418944	250.8
0.80152972912	0.0453449562	-0.0100419081	251
0.799288951031111	0.0452786803	-0.0100419179	251.2
0.79703913244	0.045212373	-0.0100419223	251.4
0.794764585146667	0.0451454959	-0.0100419267	251.6
0.792485410531111	0.0450768287	-0.0100419307	251.8
0.790194942271111	0.0450075916	-0.0100419352	252
0.787884167797778	0.0449361786	-0.0100419564	252.2
0.785568579791111	0.0448695662	-0.0100419631	252.4
0.783237666693333	0.044798032	-0.0100419684	252.6
0.780909165015555	0.0447257441	-0.0100419751	252.8
0.778564397884444	0.0446535145	-0.0100419946	253
0.776200888704444	0.0445810112	-0.010042019	253.2
0.77383269634	0.0445053762	-0.0100420181	253.4
0.771449020604444	0.0444304816	-0.0100420256	253.6
0.769060075124444	0.0443596832	-0.0100420416	253.8
0.76665099102	0.0442847302	-0.0100420496	254
0.764235221971111	0.0442078166	-0.0100420522	254.2
0.761804304726667	0.0441330701	-0.0100420624	254.4
0.75936760566	0.0440560802	-0.010042074	254.6
0.756912201786666	0.0439789019	-0.0100420669	254.8
0.754453650962222	0.0438998302	-0.0100420895	255
0.751975846013333	0.0438253035	-0.0100420988	255.2
0.749492464071111	0.0437480713	-0.0100421117	255.4
0.746993235646666	0.0436687888	-0.0100421077	255.6
0.744486642613333	0.0435907401	-0.0100421095	255.8
0.741959920264444	0.0435111121	-0.0100421321	256
0.739432881357778	0.0434376891	-0.0100421418	256.2
0.736889521135555	0.0433613632	-0.0100421498	256.4
0.734341468417778	0.043280138	-0.0100421658	256.6
0.731780669615555	0.0432041307	-0.0100421884	256.8
0.729212347926667	0.0431256916	-0.0100422026	257
0.72663080532	0.0430489979	-0.0100422017	257.2
0.724045538508889	0.0429711331	-0.010042203	257.4
0.721447162506667	0.0428943855	-0.0100422239	257.6
0.718836301115556	0.0428177276	-0.010042231	257.8
0.716218773402222	0.042737467	-0.010042227	258
0.713589561004444	0.0426608854	-0.0100422407	258.2
0.710950805335556	0.0425843711	-0.0100422625	258.4
0.708302515708889	0.0425067576	-0.0100422691	258.6
0.705643276928889	0.042428	-0.0100422647	258.8
0.702978274944444	0.0423516652	-0.0100422767	259
0.700302826573333	0.0422772416	-0.0100422904	259.2
0.69761924082	0.0421975015	-0.0100422997	259.4
0.694927582857778	0.042119372	-0.0100422926	259.6
0.692225552991111	0.0420410765	-0.0100423219	259.8
0.689517108188889	0.0419643648	-0.0100423308	260
0.686800535313333	0.0418840324	-0.0100423459	260.2
0.684073292595556	0.041807056	-0.0100423569	260.4
0.681340426333333	0.0417303937	-0.0100423583	260.6
0.678596461948889	0.0416498145	-0.0100423711	260.8
0.675844099488889	0.0415715774	-0.0100423827	261
0.673081244086667	0.0414888626	-0.0100423791	261.2
0.670316163475556	0.0414114555	-0.0100423862	261.4
0.667533895668889	0.041331989	-0.0100424199	261.6
0.664740008351111	0.041248341	-0.0100424199	261.8
0.661937173637778	0.0411674837	-0.0100424266	262
0.659128193991111	0.0410836069	-0.0100424386	262.2
0.656311188688889	0.0409981105	-0.0100424452	262.4
0.653484593564445	0.0409123673	-0.010042451	262.6
0.65065156488	0.0408301774	-0.010042463	262.8
0.647809458451111	0.0407434337	-0.0100424807	263
0.644957808753334	0.0406535673	-0.0100424869	263.2
0.642098012364445	0.0405668909	-0.010042494	263.4
0.63923073964	0.040475342	-0.0100425117	263.6
0.636355590226667	0.0403876427	-0.0100425211	263.8
0.633473821044445	0.0402956451	-0.010042537	264
0.630583998273333	0.0402091168	-0.0100425428	264.2
0.627686140535556	0.0401186267	-0.0100425552	264.4
0.624781737513334	0.0400227618	-0.010042557	264.6
0.621871971637778	0.0399316212	-0.0100425769	264.8
0.618955818755556	0.0398377842	-0.0100425933	265
0.616031817117778	0.0397450823	-0.0100426022	265.2
0.613101475024445	0.0396515055	-0.0100426013	265.4
0.610162939686667	0.039561509	-0.0100426142	265.6
0.607216676628889	0.0394681834	-0.0100426271	265.8
0.604262434466667	0.0393723723	-0.010042639	266
0.601301032526667	0.0392815772	-0.010042635	266.2
0.598328774537778	0.0391890772	-0.0100426501	266.4
0.595353797877778	0.0391003638	-0.0100426643	266.6
0.592372909048889	0.0390083888	-0.0100426714	266.8
0.589383482484445	0.0389154984	-0.0100426883	267
0.586387938917778	0.0388232721	-0.0100427016	267.2
0.583387200091111	0.0387296863	-0.0100427198	267.4
0.580377988704445	0.0386395507	-0.0100427237	267.6
0.577362641693334	0.0385468982	-0.0100427202	267.8
0.574340041797778	0.0384576464	-0.0100427366	268
0.571312525953333	0.038368278	-0.0100427379	268.2
0.568275066491111	0.0382740821	-0.0100427606	268.4
0.565231881066667	0.0381836235	-0.0100427672	268.6
0.562182541397778	0.0380915183	-0.0100427637	268.8
0.559125399524445	0.0379979639	-0.0100427796	269
0.556062233753334	0.0379033821	-0.0100427863	269.2
0.552993993757778	0.0378122146	-0.0100428138	269.4
0.549918016731111	0.0377188532	-0.0100428218	269.6
0.546836406848889	0.0376195919	-0.0100428368	269.8
0.543748167886667	0.0375235205	-0.0100428431	270
0.540652731904445	0.0374259462	-0.010042851	270.2
0.537548004035556	0.0373275418	-0.010042871	270.4
0.5344400268	0.0372248034	-0.0100428803	270.6
0.531324517366667	0.037129755	-0.0100429025	270.8
0.528202509197778	0.0370306193	-0.0100429003	271
0.52507295952	0.0369270957	-0.01004291	271.2
0.521934732448889	0.0368265737	-0.0100429158	271.4
0.518787986264445	0.0367248627	-0.0100429349	271.6
0.515636277582222	0.03662758	-0.0100429349	271.8
0.512481878164445	0.0365269503	-0.0100429615	272
0.509320318968889	0.0364226012	-0.0100429566	272.2
0.506153620373333	0.0363223797	-0.0100429757	272.4
0.50298017166	0.0362190177	-0.0100429903	272.6
0.4998016301	0.0361185988	-0.0100429894	272.8
0.49661630118	0.0360149452	-0.0100430067	273
0.49342600976	0.0359166844	-0.010043012	273.2
0.490228353731111	0.0358183383	-0.0100430307	273.4
0.487021964446667	0.0357148282	-0.01004304	273.6
0.483810137828889	0.0356133999	-0.0100430537	273.8
0.480592408348889	0.0355113255	-0.0100430559	274
0.477366271482222	0.035409794	-0.0100430759	274.2
0.474133263462222	0.0353060461	-0.0100430706	274.4
0.470895460531111	0.035204869	-0.0100430967	274.6
0.467651512666667	0.0350994072	-0.0100431052	274.8
0.464402416093333	0.034993748	-0.0100431123	275
0.461148291844444	0.034889556	-0.0100431446	275.2
0.457886756433333	0.0347828245	-0.0100431522	275.4
0.4546189085	0.0346752764	-0.0100431624	275.6
0.451344887702222	0.0345666516	-0.010043169	275.8
0.448065131631111	0.0344633614	-0.0100431766	276
0.444779035106667	0.0343570382	-0.0100431934	276.2
0.441487482624445	0.0342466636	-0.0100432027	276.4
0.438189943486667	0.0341395148	-0.0100432032	276.6
0.4348835873	0.0340305087	-0.0100432076	276.8
0.431576141784445	0.0339283535	-0.0100432409	277
0.428263622044445	0.0338227302	-0.010043252	277.2
0.424946577395556	0.0337110007	-0.0100432595	277.4
0.421622372968889	0.0336012273	-0.0100432644	277.6
0.418294379166667	0.0334922884	-0.0100432808	277.8
0.414962521504445	0.0333825689	-0.0100432932	278
0.411623308542222	0.0332710726	-0.0100432959	278.2
0.408278537208889	0.0331634707	-0.0100433101	278.4
0.404929417868889	0.0330555952	-0.0100433274	278.6
0.40157446084	0.0329420172	-0.0100433336	278.8
0.39821469028	0.0328310818	-0.0100433323	279
0.394852992444445	0.0327144843	-0.0100433496	279.2
0.391486248315556	0.0326060389	-0.0100433744	279.4
0.388114476515556	0.0324923263	-0.0100433708	279.6
0.38473952052	0.0323821177	-0.0100433881	279.8
0.381359657888889	0.0322715951	-0.0100433917	280
0.377973249973334	0.0321559173	-0.0100434077	280.2
0.374585641002222	0.0320417246	-0.0100434276	280.4
0.371196039582223	0.031926684	-0.0100434383	280.6
0.367798971135556	0.0318151519	-0.0100434569	280.8
0.364399612304445	0.0316986621	-0.0100434511	281
0.360997255491111	0.0315867261	-0.0100434644	281.2
0.35758867926	0.0314740454	-0.0100434853	281.4
0.354174302582223	0.0313543163	-0.0100434924	281.6
0.350754609606667	0.0312388584	-0.0100435066	281.8
0.347327998926667	0.0311220949	-0.0100435216	282
0.343902216882223	0.0310096565	-0.0100435305	282.2
0.340474619286667	0.0308940326	-0.0100435172	282.4
0.33704513166	0.0307736978	-0.0100435527	282.6
0.333612729842223	0.0306569836	-0.0100435558	282.8
0.3301739224	0.0305362764	-0.0100435731	283
0.326734044248889	0.030420343	-0.0100435975	283.2
0.323292182957778	0.0303008292	-0.0100435953	283.4
0.319844511913334	0.0301822441	-0.0100436006	283.6
0.316393917368889	0.0300674323	-0.0100436148	283.8
0.312940566913334	0.0299457964	-0.0100436343	284
0.309482533275556	0.0298258743	-0.0100436339	284.2
0.30602512344	0.0297041801	-0.0100436472	284.4
0.302562881453334	0.0295847291	-0.0100436605	284.6
0.299099466342223	0.0294633893	-0.0100436738	284.8
0.295632671517778	0.0293462086	-0.0100436844	285
0.292165169093334	0.0292244515	-0.0100436875	285.2
0.288693709704445	0.0290962651	-0.010043707	285.4
0.285218898533334	0.0289749612	-0.0100437084	285.6
0.281743053897778	0.028850086	-0.0100437257	285.8
0.278262889186667	0.0287257536	-0.0100437461	286
0.274780862373334	0.028600479	-0.0100437576	286.2
0.271295586195556	0.0284781253	-0.0100437758	286.4
0.267807256171111	0.0283545466	-0.0100437793	286.6
0.264318274411111	0.0282251713	-0.0100437993	286.8
0.260824916711111	0.0280986585	-0.0100438024	287
0.257329175524445	0.0279698485	-0.0100438135	287.2
0.253835966793334	0.027845404	-0.0100438237	287.4
0.250340188364445	0.027720439	-0.0100438405	287.6
0.246843841995556	0.0275876494	-0.0100438538	287.8
0.243346192153334	0.0274582741	-0.0100438521	288
0.239844576037778	0.0273242642	-0.0100438698	288.2
0.23634256888	0.0271951132	-0.01004388	288.4
0.232837908226667	0.0270613814	-0.0100439013	288.6
0.229331562373334	0.0269350121	-0.0100439102	288.8
0.225822516473334	0.0268012489	-0.0100439239	289
0.222312213653334	0.0266670012	-0.0100439425	289.2
0.218797953868889	0.0265316991	-0.0100439492	289.4
0.215279308837778	0.0263951991	-0.0100439598	289.6
0.211763391784445	0.0262606373	-0.0100439665	289.8
0.208246087466667	0.026120068	-0.010043998	290
0.204727488986667	0.0259866144	-0.0100440109	290.2
0.201206050802223	0.0258494863	-0.0100440029	290.4
0.197688485788889	0.0257062474	-0.0100440423	290.6
0.194167392093334	0.0255649557	-0.0100440259	290.8
0.190644603884445	0.0254202587	-0.0100440397	291
0.187120586688889	0.0252800214	-0.0100440548	291.2
0.183595340508889	0.0251333727	-0.0100440765	291.4
0.180068567404445	0.0249937321	-0.0100440734	291.6
0.176540239446667	0.0248501209	-0.0100440916	291.8
0.173011827693334	0.0246991561	-0.0100441027	292
0.169482307988889	0.0245524626	-0.0100441155	292.2
0.165947444055556	0.0244016548	-0.0100441275	292.4
0.162419078853334	0.0242541313	-0.0100441404	292.6
0.158890946415556	0.024102018	-0.0100441519	292.8
0.155359601853334	0.0239441124	-0.0100441585	293
0.151827642795556	0.0237877548	-0.0100441789	293.2
0.148295739602223	0.0236289295	-0.0100441936	293.4
0.144764683664445	0.0234691441	-0.0100441962	293.6
0.141232799091111	0.0233074833	-0.0100442051	293.8
0.137700458304445	0.0231500444	-0.0100442215	294
0.13416725164	0.0229861134	-0.0100442424	294.2
0.130634882922223	0.0228191046	-0.0100442308	294.4
0.127103007662223	0.022650835	-0.0100442543	294.6
0.123571197573334	0.0224805779	-0.0100442619	294.8
0.120040681644445	0.0223092889	-0.0100442881	295
0.116512111613334	0.0221315392	-0.0100442991	295.2
0.11299142758	0.0219596445	-0.0100443102	295.4
0.109462987895556	0.0217832408	-0.0100443191	295.6
0.105930786766667	0.021596482	-0.0100443204	295.8
0.102399057009303	0.0214161884	-0.0100443453	296
0.0988643128073174	0.0212272671	-0.0100443484	296.2
0.0953287438948721	0.0210396962	-0.010044355	296.4
0.091792341094595	0.0208461089	-0.0100443683	296.6
0.088251226611429	0.0206574433	-0.0100443781	296.8
0.0847162877090913	0.0204658839	-0.0100443923	297
0.0811888818451617	0.0202609006	-0.0100444153	297.2
0.0776516415655177	0.0200568774	-0.0100444136	297.4
0.0741185506925931	0.0198550751	-0.0100444318	297.6
0.0705857785200005	0.0196550898	-0.0100444344	297.8
0.067058107965218	0.019451457	-0.0100444601	298
0.0635279986904768	0.0192336421	-0.0100444712	298.2
0.0600039861842112	0.0190238177	-0.010044481	298.4
0.0564892573588243	0.018815788	-0.0100444992	298.6
0.0529590634666676	0.0186068834	-0.0100445072	298.8
0.0494483896615395	0.0183927295	-0.0100445156	299
0.0459337941181831	0.0181951177	-0.010044532	299.2
0.0424190400333348	0.018008166	-0.0100445378	299.4
0.0389254788428591	0.0178165168	-0.0100445555	299.6
0.0354495490800027	0.0176078231	-0.010044575	299.8
0.0319226084000045	0.0174274398	-0.010044579	300
0.0281642830000135	0.0173257243	-0.0100445901	300.2
