Calibrated Field (T)	Sample Voltage (V)	Sample Current (A)	Acquisition Time (s)
Teslas	Volts	Amps	Seconds
0.0253156871	0.0083345315	-0.0050106616	0
0.0242330615	0.0083748199	-0.0050106443	0.2
0.0263714985	0.0084314615	-0.0050106323	0.4
0.029763502	0.008484487	-0.005010631	0.6
0.0313417725	0.0085377323	-0.005010639	0.8
0.0339787871	0.0086042261	-0.0050106168	1
0.036872213	0.0086768575	-0.0050106243	1.2
0.0397074017	0.008751759	-0.0050106235	1.4
0.0426276419	0.0088310258	-0.0050106106	1.6
0.0457292973	0.0089113289	-0.0050106013	1.8
0.0487484151	0.0089920359	-0.0050106106	2
0.0517746554	0.0090759641	-0.0050106031	2.2
0.0547841368	0.009159677	-0.0050105946	2.4
0.0578857922	0.0092401417	-0.005010592	2.6
0.0608659455	0.0093265599	-0.0050105999	2.8
0.0638775217	0.0094104074	-0.0050105973	3
0.067135035	0.0094916483	-0.0050105937	3.2
0.0701776153	0.0095771916	-0.0050106013	3.4
0.0733370889	0.0096571942	-0.0050105893	3.6
0.0763616533	0.0097389241	-0.0050105906	3.8
0.0794792297	0.0098244675	-0.0050105924	4
0.0827325532	0.0099064396	-0.0050105795	4.2
0.0858777818	0.0099888469	-0.0050105844	4.4
0.0891537299	0.0100690918	-0.0050105835	4.6
0.09229016	0.0101525086	-0.0050105875	4.8
0.0955426456	0.0102316901	-0.0050105995	5
0.0987884276	0.0103099609	-0.0050105787	5.2
0.1020497117	0.0103912063	-0.0050105751	5.4
0.1052770589	0.0104703654	-0.0050105689	5.6
0.1085504931	0.010547869	-0.0050105871	5.8
0.1119211291	0.0106258437	-0.0050105787	6
0.1152054566	0.0107046215	-0.0050105804	6.2
0.1185082189	0.0107769792	-0.0050105711	6.4
0.121707076	0.0108527196	-0.0050105733	6.6
0.124906771	0.0109294246	-0.0050105804	6.8
0.1284114782	0.0110053311	-0.0050105685	7
0.1316723433	0.0110803672	-0.0050105698	7.2
0.135123422	0.011153474	-0.0050105849	7.4
0.1384169669	0.0112310988	-0.0050105782	7.6
0.1418345278	0.0113005851	-0.0050105738	7.8
0.1451276537	0.0113719468	-0.005010564	8
0.148430835	0.0114450537	-0.0050105702	8.2
0.1519267438	0.0115160878	-0.0050105702	8.4
0.1551959883	0.0115885935	-0.0050105738	8.6
0.1586893833	0.0116576088	-0.0050105574	8.8
0.1618719004	0.0117271624	-0.0050105742	9
0.1652002201	0.0117972185	-0.0050105667	9.2
0.1686839786	0.011868284	-0.0050105756	9.4
0.1721384091	0.0119384837	-0.0050105711	9.6
0.1755572269	0.0120080194	-0.0050105654	9.8
0.1790347009	0.0120771423	-0.0050105778	10
0.1825084041	0.012143367	-0.0050105547	10.2
0.1859083681	0.0122104171	-0.0050105671	10.4
0.1892312411	0.0122811731	-0.0050105583	10.6
0.192741395	0.0123474337	-0.0050105609	10.8
0.1961505764	0.0124159374	-0.0050105676	11
0.1996020741	0.012481036	-0.0050105503	11.2
0.2030368128	0.0125502172	-0.0050105543	11.4
0.2065607928	0.0126123772	-0.0050105578	11.6
0.2098585274	0.0126784179	-0.0050105441	11.8
0.2132702227	0.0127450508	-0.0050105481	12
0.2167204634	0.0128096738	-0.0050105463	12.2
0.2202398347	0.0128769483	-0.0050105498	12.4
0.2237696803	0.0129417777	-0.0050105556	12.6
0.2272391937	0.0130062526	-0.0050105427	12.8
0.2307816085	0.0130688388	-0.0050105583	13
0.234112442	0.0131313621	-0.0050105481	13.2
0.2374960661	0.0132006106	-0.0050105418	13.4
0.2411063544	0.013261954	-0.0050105436	13.6
0.2445549193	0.0133255945	-0.0050105534	13.8
0.2480407727	0.0133871487	-0.0050105458	14
0.2514114086	0.0134493042	-0.0050105325	14.2
0.2547828825	0.013513963	-0.0050105356	14.4
0.2583709653	0.0135765312	-0.0050105379	14.6
0.2617990005	0.0136397051	-0.0050105454	14.8
0.265299099	0.0137029732	-0.0050105303	15
0.2689022648	0.0137655907	-0.0050105467	15.2
0.2723248533	0.013824996	-0.0050105463	15.4
0.2757005169	0.0138859042	-0.0050105441	15.6
0.279098805	0.0139468976	-0.005010529	15.8
0.282638706	0.0140071912	-0.0050105281	16
0.2860487253	0.0140697325	-0.0050105321	16.2
0.289499804	0.0141311252	-0.0050105308	16.4
0.2929898472	0.0141911316	-0.005010533	16.6
0.2964283567	0.014249671	-0.0050105277	16.8
0.299793127	0.0143092781	-0.0050105237	17
0.3031817787	0.0143700248	-0.0050105241	17.2
0.3066127467	0.0144303946	-0.0050105268	17.4
0.3100525131	0.0144911548	-0.0050105347	17.6
0.3135735603	0.0145511747	-0.0050105316	17.8
0.3169881883	0.0146109702	-0.0050105347	18
0.320502113	0.0146681277	-0.0050105277	18.2
0.3238375552	0.0147262454	-0.0050105347	18.4
0.3271315191	0.0147870683	-0.0050105161	18.6
0.3306592698	0.014845509	-0.0050105272	18.8
0.3341153761	0.0149045329	-0.0050105219	19
0.3375538856	0.0149604656	-0.0050105263	19.2
0.3407778811	0.0150192203	-0.0050105197	19.4
0.3441506119	0.0150787467	-0.0050105188	19.6
0.3476632796	0.0151356529	-0.005010521	19.8
0.3510485795	0.0151944615	-0.0050105143	20
0.3544665594	0.0152512332	-0.0050105166	20.2
0.3578216933	0.015310598	-0.0050105143	20.4
0.3612463767	0.0153661494	-0.0050105059	20.6
0.3645922932	0.0154224051	-0.0050105024	20.8
0.3678850002	0.0154809579	-0.005010509	21
0.3713155492	0.0155346115	-0.0050105055	21.2
0.3746635606	0.0155912845	-0.0050105161	21.4
0.3780136669	0.0156491958	-0.0050105214	21.6
0.3813872356	0.0157056041	-0.0050105214	21.8
0.3847377608	0.0157596704	-0.0050105192	22
0.3879852188	0.0158164331	-0.0050105201	22.2
0.3913319732	0.0158734426	-0.0050105121	22.4
0.3947545618	0.0159307796	-0.0050105175	22.6
0.3980305099	0.0159867123	-0.0050105166	22.8
0.4014091063	0.016041492	-0.0050105179	23
0.4047395208	0.0160975593	-0.0050105081	23.2
0.4080959116	0.0161500823	-0.0050105059	23.4
0.4112277331	0.0162051222	-0.0050105081	23.6
0.4145049381	0.01626005	-0.0050105055	23.8
0.4178793447	0.0163135735	-0.0050104904	24
0.4211397908	0.0163692415	-0.005010501	24.2
0.4244459049	0.0164214773	-0.0050104926	24.4
0.427645181	0.0164731883	-0.0050104877	24.6
0.4308821646	0.0165287845	-0.0050104931	24.8
0.4341752906	0.0165850986	-0.0050104975	25
0.4374638078	0.0166381017	-0.0050104882	25.2
0.4407783014	0.0166919168	-0.0050104873	25.4
0.4439038382	0.0167463959	-0.0050104904	25.6
0.4472447271	0.0167988964	-0.0050104851	25.8
0.4504259873	0.016852384	-0.0050104891	26
0.453585042	0.0169054948	-0.0050104935	26.2
0.4568446501	0.0169600187	-0.0050104944	26.4
0.4600690645	0.0170128513	-0.0050104806	26.6
0.463323645	0.0170641719	-0.0050104939	26.8
0.4664408024	0.0171166411	-0.0050104913	27
0.4697041813	0.0171668581	-0.0050104771	27.2
0.4728334889	0.0172188651	-0.0050104793	27.4
0.4758957609	0.0172725546	-0.0050104895	27.6
0.47921612	0.0173226191	-0.0050104718	27.8
0.4824158151	0.0173751466	-0.005010486	28
0.48563185	0.0174264358	-0.0050104882	28.2
0.4887200983	0.0174766752	-0.005010478	28.4
0.491894236	0.0175258647	-0.0050104735	28.6
0.4950134883	0.0175773604	-0.0050104731	28.8
0.4981076022	0.0176287662	-0.0050104758	29
0.5012821588	0.0176794184	-0.0050104713	29.2
0.5043817194	0.0177320087	-0.0050104837	29.4
0.5075491535	0.01778127	-0.0050104749	29.6
0.5106043029	0.0178318369	-0.0050104727	29.8
0.5136879425	0.0178837363	-0.0050104629	30
0.5168624991	0.0179353172	-0.0050104846	30.2
0.5199465577	0.0179865032	-0.0050104784	30.4
0.5231806085	0.0180372855	-0.0050104815	30.6
0.526157829	0.0180875742	-0.0050104691	30.8
0.5291828124	0.0181352339	-0.0050104571	31
0.5322027681	0.0181859399	-0.00501047	31.2
0.5351992613	0.0182362287	-0.005010466	31.4
0.5383206084	0.018285333	-0.0050104727	31.6
0.541327157	0.0183336118	-0.0050104727	31.8
0.5443810495	0.0183814913	-0.0050104762	32
0.5473687443	0.0184303578	-0.0050104669	32.2
0.5504368819	0.0184757205	-0.0050104682	32.4
0.5534308613	0.0185243941	-0.0050104651	32.6
0.55634356	0.0185724576	-0.0050104576	32.8
0.5594326462	0.0186183765	-0.0050104744	33
0.5624530209	0.0186681538	-0.0050104735	33.2
0.5654796802	0.0187147053	-0.0050104638	33.4
0.5684682129	0.0187620016	-0.005010474	33.6
0.5714998999	0.0188070771	-0.0050104607	33.8
0.5744469543	0.0188535927	-0.0050104691	34
0.5772880087	0.0189011896	-0.0050104558	34.2
0.5803540514	0.0189476244	-0.0050104633	34.4
0.5833073904	0.0189942119	-0.0050104602	34.6
0.5863327928	0.019041055	-0.0050104478	34.8
0.589222867	0.0190873284	-0.0050104611	35
0.5920869648	0.0191364327	-0.0050104629	35.2
0.5950738217	0.019182078	-0.005010458	35.4
0.5979831686	0.0192293069	-0.0050104722	35.6
0.6009989345	0.0192770967	-0.005010466	35.8
0.6039221075	0.0193257075	-0.0050104554	36
0.6068943004	0.0193700607	-0.0050104536	36.2
0.6096410858	0.0194168366	-0.0050104642	36.4
0.6125504327	0.019465057	-0.0050104496	36.6
0.615499582	0.0195134929	-0.0050104474	36.8
0.6183217826	0.0195601252	-0.0050104545	37
0.6212839201	0.0196063043	-0.00501045	37.2
0.6240738597	0.0196538159	-0.0050104403	37.4
0.6270649063	0.0196986402	-0.0050104376	37.6
0.6297995416	0.0197437157	-0.0050104487	37.8
0.6326837501	0.0197928918	-0.0050104323	38
0.6356157216	0.019837043	-0.0050104412	38.2
0.638455938	0.0198823832	-0.0050104438	38.4
0.6412948974	0.0199275574	-0.0050104301	38.6
0.6441082996	0.0199734898	-0.0050104523	38.8
0.6469820338	0.0200159362	-0.0050104376	39
0.6496944635	0.0200591992	-0.0050104292	39.2
0.6524982293	0.0201039202	-0.0050104434	39.4
0.6553070227	0.0201474524	-0.0050104354	39.6
0.6581292233	0.0201885259	-0.0050104434	39.8
0.6609250285	0.0202311563	-0.0050104256	40
0.6636592448	0.0202711576	-0.0050104438	40.2
0.6663318721	0.0203141289	-0.0050104319	40.4
0.6692336775	0.0203560773	-0.0050104336	40.6
0.6720349294	0.0203973528	-0.0050104421	40.8
0.6747574145	0.0204400055	-0.0050104434	41
0.6778150777	0.0204808323	-0.0050104323	41.2
0.6807202349	0.0205186667	-0.0050104305	41.4
0.6834490046	0.0205593634	-0.0050104292	41.6
0.6861308492	0.0206019803	-0.0050104292	41.8
0.688919113	0.0206413983	-0.0050104296	42
0.6916826574	0.0206834768	-0.0050104319	42.2
0.6944922888	0.0207244562	-0.0050104194	42.4
0.6971745524	0.0207645562	-0.0050104221	42.6
0.6999096067	0.0208044677	-0.0050104194	42.8
0.7025922893	0.0208430962	-0.0050104274	43
0.7051584975	0.0208857714	-0.0050104319	43.2
0.7079832119	0.0209250324	-0.0050104208	43.4
0.7105955071	0.0209663303	-0.0050104203	43.6
0.7132375494	0.0210069373	-0.005010431	43.8
0.715828477	0.0210474276	-0.0050104177	44
0.7185585035	0.0210859842	-0.0050104185	44.2
0.7211485932	0.0211264521	-0.0050104212	44.4
0.7237323983	0.0211673731	-0.0050104177	44.6
0.7264092153	0.0212081551	-0.0050104261	44.8
0.7290215105	0.021248605	-0.0050104336	45
0.7316861773	0.0212881487	-0.0050104092	45.2
0.7342272471	0.0213281276	-0.005010419	45.4
0.7367394078	0.0213704125	-0.0050104248	45.6
0.7394543514	0.0214104003	-0.0050104052	45.8
0.7418864883	0.0214514514	-0.0050104146	46
0.7444652657	0.0214911611	-0.0050104181	46.2
0.7471047941	0.0215312207	-0.0050104221	46.4
0.7495633263	0.0215695126	-0.0050104199	46.6
0.7520415503	0.0216096844	-0.0050104061	46.8
0.7545340193	0.0216520187	-0.0050104123	47
0.7570683855	0.0216913605	-0.0050104008	47.2
0.7595139296	0.0217302671	-0.0050104181	47.4
0.7619888017	0.0217698197	-0.0050104132	47.6
0.7644423062	0.0218099197	-0.0050104052	47.8
0.7669565618	0.02184792	-0.0050104083	48
0.7692739002	0.0218860191	-0.0050104079	48.2
0.7717429067	0.0219266395	-0.0050104057	48.4
0.7742445931	0.0219653621	-0.0050104075	48.6
0.7767010305	0.0220018371	-0.0050104079	48.8
0.7790745112	0.0220414391	-0.0050103977	49
0.7813474385	0.0220789997	-0.005010399	49.2
0.7837841841	0.022113698	-0.0050104012	49.4
0.786046637	0.0221503031	-0.0050104048	49.6
0.7883979122	0.0221879669	-0.0050104052	49.8
0.790848065	0.0222239259	-0.0050104021	50
0.7933120438	0.0222585703	-0.0050104066	50.2
0.7956612241	0.0222938429	-0.0050103955	50.4
0.7977749417	0.0223287027	-0.0050103999	50.6
0.7998811178	0.0223635087	-0.0050104052	50.8
0.8024142272	0.022397045	-0.0050103906	51
0.8048304431	0.0224305723	-0.005010399	51.2
0.8069219552	0.0224641445	-0.0050103955	51.4
0.8089933566	0.0224964605	-0.0050103968	51.6
0.8113806634	0.0225290546	-0.0050103977	51.8
0.8138253695	0.0225600381	-0.005010415	52
0.8158309921	0.0225931662	-0.0050103942	52.2
0.8178403855	0.0226237863	-0.005010395	52.4
0.8199163956	0.0226556716	-0.005010399	52.6
0.8221792675	0.022686848	-0.0050104012	52.8
0.8245695072	0.0227172213	-0.005010395	53
0.8268131063	0.0227461904	-0.0050103924	53.2
0.8287894009	0.0227753524	-0.0050104004	53.4
0.8306253396	0.0228062238	-0.0050103977	53.6
0.8327449228	0.0228347756	-0.0050103973	53.8
0.835003605	0.0228646779	-0.0050103999	54
0.8372568405	0.0228938937	-0.0050103981	54.2
0.8394627322	0.0229233608	-0.0050103977	54.4
0.8413137538	0.0229504411	-0.0050103977	54.6
0.8429661824	0.0229789346	-0.0050103919	54.8
0.845034232	0.0230065891	-0.0050103968	55
0.847004242	0.0230341315	-0.0050103968	55.2
0.8490333271	0.0230632128	-0.005010391	55.4
0.8514369739	0.0230881351	-0.0050104008	55.6
0.8532523829	0.0231164267	-0.0050103973	55.8
0.8553371914	0.0231437941	-0.0050103915	56
0.8573654385	0.0231708789	-0.0050103942	56.2
0.8592529109	0.023198659	-0.0050103946	56.4
0.8613477747	0.0232244248	-0.0050103906	56.6
0.862973389	0.0232518685	-0.0050103875	56.8
0.8650699288	0.0232780739	-0.0050103742	57
0.8666947052	0.0233030231	-0.0050103968	57.2
0.868697395	0.0233288831	-0.0050103786	57.4
0.8705295629	0.0233551962	-0.0050103897	57.6
0.8724539048	0.023381258	-0.0050103879	57.8
0.8743526894	0.0234068712	-0.0050103879	58
0.8761370944	0.0234330632	-0.0050103853	58.2
0.8780836419	0.0234583893	-0.0050103928	58.4
0.879912458	0.023482504	-0.0050103942	58.6
0.8815992424	0.0235067489	-0.0050103888	58.8
0.8832634022	0.0235334612	-0.0050103871	59
0.8850013013	0.0235569703	-0.0050103777	59.2
0.8864044411	0.0235825297	-0.0050103888	59.4
0.887991091	0.0236063932	-0.0050103928	59.6
0.8899020258	0.023630472	-0.0050103786	59.8
0.8918971741	0.0236549815	-0.0050103848	60
0.8938650892	0.0236796705	-0.00501038	60.2
0.8956511701	0.0237042653	-0.0050103751	60.4
0.8969185627	0.0237286717	-0.0050103769	60.6
0.8983983745	0.0237519968	-0.0050103795	60.8
0.9004505031	0.0237766499	-0.0050103751	61
0.9024959282	0.0238005762	-0.0050103786	61.2
0.9038110837	0.023823677	-0.0050103702	61.4
0.9050080889	0.02384654	-0.0050103822	61.6
0.9070287946	0.0238707355	-0.0050103826	61.8
0.9091504727	0.0238960571	-0.0050103769	62
0.9100960942	0.0239167576	-0.0050103879	62.2
0.9116936374	0.0239412716	-0.0050103782	62.4
0.9140306675	0.0239632598	-0.0050103902	62.6
0.9150370401	0.0239865625	-0.0050103786	62.8
0.9163982826	0.0240105561	-0.0050103937	63
0.9188400559	0.0240328538	-0.0050103848	63.2
0.9194928155	0.0240556854	-0.005010376	63.4
0.9216609995	0.0240773819	-0.0050103715	63.6
0.9230431907	0.0241010525	-0.0050103733	63.8
0.9242309785	0.024124077	-0.0050103724	64
0.9266258268	0.0241470118	-0.0050103689	64.2
0.9272509342	0.0241692646	-0.005010376	64.4
0.9296721778	0.0241914592	-0.0050103547	64.6
0.9304778625	0.024214865	-0.005010364	64.8
0.9325840386	0.0242349599	-0.0050103689	65
0.9334102529	0.0242575268	-0.0050103631	65.2
0.9353195118	0.0242685007	-0.0050103693	65.4
0.9364205722	0.0242895153	-0.0050103578	65.6
0.9383093014	0.0243134595	-0.005010372	65.8
0.9393642749	0.0243333749	-0.00501038	66
0.9416108069	0.024348759	-0.0050103769	66.2
0.9421793529	0.024368984	-0.0050103689	66.4
0.9446822962	0.0243900075	-0.0050103751	66.6
0.9451972137	0.0244122828	-0.0050103729	66.8
0.9472191763	0.0244332077	-0.0050103742	67
0.9482896517	0.0244559854	-0.0050103618	67.2
0.949500902	0.0244759771	-0.0050103622	67.4
0.9517491099	0.0244989254	-0.0050103578	67.6
0.952362486	0.024519765	-0.005010368	67.8
0.9540802744	0.0245411116	-0.0050103729	68
0.9560159286	0.0245625299	-0.0050103689	68.2
0.9565220477	0.0245850834	-0.005010368	68.4
0.9582008715	0.0246056852	-0.0050103733	68.6
0.9601411344	0.0246266011	-0.0050103667	68.8
0.9607461311	0.0246474003	-0.0050103635	69
0.9619892233	0.0246686617	-0.0050103702	69.2
0.9641934391	0.0246888866	-0.0050103671	69.4
0.9652794165	0.0247110004	-0.0050103587	69.6
0.9661445952	0.02473136	-0.0050103715	69.8
0.9673596163	0.0247521099	-0.005010364	70
0.9696635475	0.0247714286	-0.0050103662	70.2
0.9710071932	0.024792986	-0.0050103653	70.4
0.9716138657	0.0248126502	-0.0050103715	70.6
0.9726189814	0.0248336827	-0.0050103671	70.8
0.974364003	0.0248537192	-0.0050103631	71
0.9764148747	0.0248725355	-0.0050103675	71.2
0.9773743223	0.0248936667	-0.0050103573	71.4
0.9782612877	0.0249131604	-0.0050103693	71.6
0.9792856761	0.0249345025	-0.0050103737	71.8
0.9805082386	0.0249544582	-0.0050103644	72
0.9822113629	0.0249730322	-0.005010372	72.2
0.9841579104	0.0249926246	-0.0050103627	72.4
0.9854701331	0.025012531	-0.0050103729	72.6
0.9861668848	0.0250311678	-0.0050103573	72.8
0.9872067753	0.0250517158	-0.0050103635	73
0.9880011476	0.025070864	-0.0050103547	73.2
0.9892496865	0.0250907345	-0.0050103689	73.4
0.9906448658	0.0251088105	-0.0050103618	73.6
0.9919047169	0.0251288919	-0.0050103622	73.8
0.9935093826	0.0251460346	-0.0050103511	74
0.9948161587	0.0251666275	-0.0050103591	74.2
0.9965435834	0.0251858385	-0.0050103538	74.4
0.9979563596	0.0252035645	-0.0050103458	74.6
0.9991202659	0.0252224167	-0.0050103613	74.8
1.0003257	0.0252408919	-0.0050103569	75
1.001503	0.0252582411	-0.0050103573	75.2
1.0026183	0.0252764875	-0.0050103609	75.4
1.0037432	0.0252949179	-0.0050103702	75.6
1.0049796	0.025313429	-0.0050103556	75.8
1.0060291	0.0253321465	-0.0050103658	76
1.0072668	0.025349545	-0.0050103618	76.2
1.0083058	0.0253669121	-0.0050103622	76.4
1.0096382	0.0253844183	-0.0050103569	76.6
1.0108917	0.0254016822	-0.0050103596	76.8
1.0120506	0.0254187128	-0.0050103494	77
1.0131973	0.0254369054	-0.0050103502	77.2
1.0144756	0.0254542052	-0.0050103822	77.4
1.015588	0.0254705943	-0.0050103565	77.6
1.0166773	0.0254865212	-0.0050103631	77.8
1.0175211	0.0255040049	-0.0050103684	78
1.0183641	0.0255216816	-0.0050103667	78.2
1.0191648	0.0255378373	-0.0050103644	78.4
1.0199696	0.0255547109	-0.0050103604	78.6
1.0210007	0.0255718761	-0.0050103635	78.8
1.0220992	0.0255881754	-0.0050103613	79
1.0234546	0.0256027654	-0.0050103573	79.2
1.0250044	0.0256205273	-0.005010352	79.4
1.0264943	0.0256362165	-0.0050103529	79.6
1.0279854	0.0256518967	-0.0050103556	79.8
1.0288045	0.0256677563	-0.0050103489	80
1.0292339	0.0256844908	-0.0050103529	80.2
1.0298921	0.0256998524	-0.0050103631	80.4
1.0308675	0.0257147385	-0.0050103587	80.6
1.0322086	0.0257306027	-0.0050103436	80.8
1.0340396	0.0257456144	-0.0050103533	81
1.0354381	0.0257611196	-0.0050103507	81.2
1.0360376	0.0257755615	-0.005010348	81.4
1.0367151	0.0257904835	-0.0050103609	81.6
1.0371743	0.0258057823	-0.0050103494	81.8
1.0387077	0.0258203005	-0.0050103538	82
1.0405512	0.025835541	-0.0050103387	82.2
1.0417621	0.0258493728	-0.0050103485	82.4
1.0420428	0.0258645549	-0.0050103485	82.6
1.0423788	0.0258789026	-0.0050103538	82.8
1.0437438	0.0258921063	-0.005010344	83
1.0453824	0.0259078044	-0.0050103321	83.2
1.0468203	0.0259213042	-0.0050103529	83.4
1.0467047	0.0259351898	-0.0050103445	83.6
1.047437	0.0259498516	-0.0050103485	83.8
1.0491343	0.0259636699	-0.0050103511	84
1.0509744	0.0259784348	-0.0050103507	84.2
1.0510109	0.0259908982	-0.0050103485	84.4
1.0513389	0.0260046312	-0.00501034	84.6
1.0529608	0.0260191405	-0.0050103436	84.8
1.0549186	0.0260320525	-0.0050103445	85
1.0548545	0.0260442961	-0.0050103338	85.2
1.0552601	0.0260587828	-0.005010329	85.4
1.0571689	0.0260712328	-0.0050103418	85.6
1.0587891	0.0260836558	-0.0050103436	85.8
1.0583044	0.0260980708	-0.0050103436	86
1.0595009	0.0261109245	-0.0050103423	86.2
1.0616582	0.0261236616	-0.0050103392	86.4
1.0618602	0.0261367486	-0.0050103565	86.6
1.0620139	0.0261480051	-0.0050103449	86.8
1.0639374	0.0261608902	-0.0050103445	87
1.0651541	0.0261733087	-0.0050103436	87.2
1.0648068	0.0261865842	-0.0050103374	87.4
1.0662112	0.0261982535	-0.0050103414	87.6
1.0683463	0.026210183	-0.0050103405	87.8
1.0678121	0.0262241359	-0.0050103392	88
1.0689572	0.0262359039	-0.0050103409	88.2
1.0710767	0.026247802	-0.00501034	88.4
1.0704521	0.0262598481	-0.0050103538	88.6
1.0714953	0.0262719616	-0.0050103325	88.8
1.0738189	0.0262823881	-0.005010344	89
1.0731599	0.02629434	-0.005010348	89.2
1.0742262	0.0263059286	-0.0050103405	89.4
1.0765221	0.026318051	-0.0050103374	89.6
1.075747	0.0263291505	-0.0050103458	89.8
1.0770538	0.0263408557	-0.0050103303	90
1.0789585	0.0263532114	-0.0050103325	90.2
1.0783568	0.0263638398	-0.0050103312	90.4
1.0800419	0.026375693	-0.0050103423	90.6
1.0814379	0.0263872591	-0.0050103423	90.8
1.0808384	0.026396905	-0.0050103396	91
1.0830405	0.0264098619	-0.0050103405	91.2
1.0829366	0.0264187945	-0.0050103538	91.4
1.0835739	0.0264318815	-0.0050103329	91.6
1.0858941	0.0264425637	-0.0050103467	91.8
1.0850298	0.0264528961	-0.0050103369	92
1.0870874	0.0264629368	-0.0050103316	92.2
1.0876559	0.0264743593	-0.0050103303	92.4
1.0876333	0.0264854184	-0.0050103436	92.6
1.0901027	0.0264934806	-0.0050103334	92.8
1.0891994	0.0265063119	-0.0050103285	93
1.0911229	0.0265164244	-0.0050103241	93.2
1.0918423	0.0265260254	-0.0050103307	93.4
1.0915876	0.0265363128	-0.005010325	93.6
1.0940691	0.0265456581	-0.0050103347	93.8
1.0931817	0.0265571749	-0.0050103325	94
1.0952511	0.0265672291	-0.0050103338	94.2
1.0954203	0.0265771172	-0.0050103392	94.4
1.0960718	0.026588284	-0.0050103272	94.6
1.0978215	0.0265964673	-0.0050103285	94.8
1.0971532	0.0266080917	-0.0050103196	95
1.0996947	0.0266187067	-0.0050103347	95.2
1.0986443	0.0266279982	-0.005010321	95.4
1.1005733	0.0266376127	-0.0050103117	95.6
1.1009026	0.0266473797	-0.005010336	95.8
1.1015625	0.0266556258	-0.0050103201	96
1.1032543	0.0266666805	-0.0050103338	96.2
1.1025123	0.0266755502	-0.0050103405	96.4
1.105063	0.0266866721	-0.0050103352	96.6
1.1039657	0.0266954701	-0.0050103196	96.8
1.1064716	0.026704268	-0.0050103272	97
1.1054459	0.0267130525	-0.0050103494	97.2
1.1075169	0.02672382	-0.0050103418	97.4
1.1072961	0.0267323219	-0.0050103533	97.6
1.1083452	0.0267428965	-0.0050103494	97.8
1.1092552	0.0267511426	-0.0050103276	98
1.109347	0.0267605103	-0.0050103258	98.2
1.1110371	0.0267699139	-0.0050103294	98.4
1.1106244	0.026778344	-0.0050103241	98.6
1.1128961	0.026788784	-0.0050103241	98.8
1.1118499	0.0267974967	-0.0050103196	99
1.1145104	0.0268049308	-0.0050103285	99.2
1.1133067	0.0268133205	-0.0050103254	99.4
1.1158909	0.0268235541	-0.0050103276	99.6
1.1146876	0.0268320335	-0.0050103174	99.8
1.117183	0.0268415627	-0.0050103316	100
1.1160443	0.0268504908	-0.0050103329	100.2
1.1184806	0.0268588446	-0.0050103316	100.4
1.1174323	0.0268683783	-0.0050103121	100.6
1.1196495	0.0268764584	-0.0050103392	100.8
1.1188949	0.0268846597	-0.0050103263	101
1.1210958	0.0268931391	-0.0050103298	101.2
1.1201887	0.0269026997	-0.0050103232	101.4
1.1223691	0.0269120181	-0.0050103263	101.6
1.1215219	0.0269191426	-0.0050103108	101.8
1.1237626	0.0269268773	-0.0050103245	102
1.1228463	0.026935931	-0.0050103121	102.2
1.1252667	0.0269439303	-0.0050103236	102.4
1.1241329	0.0269527193	-0.0050103201	102.6
1.1264675	0.0269610237	-0.0050103294	102.8
1.1254167	0.0269688167	-0.0050103294	103
1.1280353	0.0269773679	-0.0050103245	103.2
1.1266598	0.0269867401	-0.0050103165	103.4
1.1293416	0.0269939499	-0.0050103329	103.6
1.1280038	0.0270015544	-0.005010329	103.8
1.1306086	0.0270115009	-0.0050103272	104
1.1294212	0.0270178896	-0.0050103205	104.2
1.1315529	0.0270248526	-0.0050103174	104.4
1.1308151	0.0270336102	-0.0050103223	104.6
1.1326222	0.0270416589	-0.0050103325	104.8
1.1323331	0.0270507485	-0.0050103352	105
1.1334144	0.0270581197	-0.0050103219	105.2
1.1338125	0.0270650334	-0.0050103276	105.4
1.1340789	0.0270733558	-0.005010321	105.6
1.1357946	0.0270808257	-0.0050103294	105.8
1.1350568	0.0270894038	-0.0050103227	106
1.1372673	0.0270963938	-0.0050103329	106.2
1.1362346	0.0271043393	-0.0050103227	106.4
1.1388502	0.0271135948	-0.0050103245	106.6
1.1373913	0.0271208629	-0.0050103205	106.8
1.1395331	0.0271277003	-0.0050103214	107
1.1390756	0.0271370904	-0.0050103236	107.2
1.1401809	0.0271434029	-0.0050103223	107.4
1.1407201	0.0271507383	-0.0050103188	107.6
1.1406962	0.0271581364	-0.0050103112	107.8
1.1425929	0.0271648168	-0.0050103219	108
1.1415735	0.0271726322	-0.0050103125	108.2
1.144211	0.0271801919	-0.0050103267	108.4
1.1429452	0.02718794	-0.0050103148	108.6
1.1450099	0.0271948357	-0.0050103276	108.8
1.1445101	0.0272028754	-0.0050103161	109
1.1451541	0.0272099147	-0.0050103409	109.2
1.1466615	0.0272176404	-0.0050103312	109.4
1.1456807	0.0272253526	-0.0050103276	109.6
1.1483642	0.0272332308	-0.0050103352	109.8
1.1468915	0.027240131	-0.0050103245	110
1.1490568	0.027247906	-0.0050103125	110.2
1.148355	0.0272539134	-0.0050103183	110.4
1.1490233	0.0272619218	-0.0050103179	110.6
1.1503661	0.0272680458	-0.0050103236	110.8
1.1497267	0.0272769469	-0.0050103179	111
1.1524287	0.0272830395	-0.0050103241	111.2
1.1509531	0.0272910344	-0.005010325	111.4
1.1528012	0.0272978493	-0.005010325	111.6
1.1530647	0.027304247	-0.0050103108	111.8
1.1526005	0.0273126726	-0.0050103183	112
1.1550938	0.027319658	-0.0050103205	112.2
1.1536906	0.027326141	-0.0050103139	112.4
1.1558672	0.0273335885	-0.0050103383	112.6
1.1553343	0.0273414533	-0.0050103285	112.8
1.1556141	0.0273484162	-0.0050103285	113
1.1576868	0.0273540782	-0.0050103121	113.2
1.1564504	0.027360929	-0.0050103174	113.4
1.1588725	0.0273685739	-0.0050103121	113.6
1.1581171	0.0273751017	-0.0050103001	113.8
1.1587326	0.0273821275	-0.0050103156	114
1.1605463	0.0273894629	-0.005010325	114.2
1.1591708	0.0273971572	-0.0050103303	114.4
1.1614563	0.0274022448	-0.0050103236	114.6
1.1607302	0.0274107287	-0.0050103356	114.8
1.1610608	0.0274170277	-0.0050103343	115
1.16311	0.0274234344	-0.0050103285	115.2
1.16191	0.0274287508	-0.0050103165	115.4
1.1642081	0.0274367143	-0.0050103188	115.6
1.1635512	0.0274443144	-0.0050103276	115.8
1.1638428	0.0274507794	-0.0050103174	116
1.1661174	0.0274573386	-0.0050103165	116.2
1.1646229	0.0274643419	-0.0050103254	116.4
1.1665083	0.0274718298	-0.0050103254	116.6
1.1667798	0.0274782724	-0.005010321	116.8
1.1661304	0.027485684	-0.0050103263	117
1.1686832	0.0274920144	-0.0050103201	117.2
1.1676521	0.0274965368	-0.0050103272	117.4
1.1680585	0.0275063262	-0.0050103152	117.6
1.1700788	0.0275114229	-0.005010329	117.8
1.1687783	0.0275189781	-0.0050103374	118
1.1707215	0.0275253713	-0.0050103201	118.2
1.1706821	0.0275325945	-0.0050103281	118.4
1.1702811	0.0275384134	-0.0050103223	118.6
1.1727757	0.0275446406	-0.005010305	118.8
1.1719046	0.0275519984	-0.0050103272	119
1.172342	0.0275573642	-0.0050103232	119.2
1.1743778	0.0275652155	-0.0050103001	119.4
1.1729567	0.0275714921	-0.0050103112	119.6
1.1740062	0.0275765797	-0.0050103285	119.8
1.1757014	0.0275840048	-0.0050103201	120
1.1744403	0.0275899449	-0.0050103205	120.2
1.1765691	0.0275967643	-0.0050103334	120.4
1.1765812	0.0276039023	-0.005010336	120.6
1.1759398	0.0276094251	-0.0050103325	120.8
1.1784783	0.0276162984	-0.0050103192	121
1.1775101	0.0276232793	-0.0050103285	121.2
1.177425	0.0276290534	-0.0050103201	121.4
1.1801588	0.0276350653	-0.0050103112	121.6
1.1789446	0.0276430063	-0.0050103152	121.8
1.1791876	0.0276486009	-0.0050103232	122
1.1816453	0.0276555684	-0.0050103077	122.2
1.1802342	0.0276631729	-0.0050103179	122.4
1.1806021	0.0276667711	-0.0050103148	122.6
1.183092	0.0276740975	-0.0050103201	122.8
1.181771	0.0276792165	-0.0050103125	123
1.182456	0.0276860315	-0.0050103183	123.2
1.1844428	0.0276926625	-0.005010313	123.4
1.1829513	0.0276982212	-0.0050103125	123.6
1.1840645	0.0277059738	-0.0050103241	123.8
1.1859172	0.0277108775	-0.005010325	124
1.1843175	0.027717984	-0.0050103294	124.2
1.1857215	0.0277235652	-0.0050103174	124.4
1.1871175	0.0277293931	-0.0050103263	124.6
1.1858233	0.0277361452	-0.0050103223	124.8
1.1872407	0.0277414572	-0.0050103241	125
1.1886744	0.0277482407	-0.005010329	125.2
1.1872617	0.0277546788	-0.005010321	125.4
1.1887222	0.0277610945	-0.0050103307	125.6
1.1898032	0.027766218	-0.0050103312	125.8
1.1886987	0.0277733425	-0.005010325	126
1.1897751	0.027779139	-0.0050103245	126.2
1.1913647	0.0277849714	-0.0050103156	126.4
1.1901488	0.0277917101	-0.0050103152	126.6
1.1913383	0.0277973406	-0.005010317	126.8
1.1932538	0.0278050797	-0.0050103356	127
1.1915683	0.0278095348	-0.0050103192	127.2
1.1923308	0.0278152371	-0.0050103258	127.4
1.1945949	0.0278230704	-0.0050103232	127.6
1.1931864	0.027828185	-0.0050103258	127.8
1.1938596	0.0278347801	-0.0050103125	128
1.1960551	0.0278398498	-0.0050103099	128.2
1.194561	0.0278451259	-0.0050103188	128.4
1.1947215	0.027850227	-0.0050103063	128.6
1.197405	0.0278581321	-0.0050103063	128.8
1.1963483	0.0278635293	-0.0050103125	129
1.1961502	0.027869106	-0.0050103121	129.2
1.198716	0.0278762305	-0.0050102975	129.4
1.1979044	0.0278807977	-0.0050103165	129.6
1.1974113	0.0278878505	-0.0050103139	129.8
1.1996691	0.0278934899	-0.0050103272	130
1.199595	0.0278989814	-0.0050103156	130.2
1.1987327	0.0279061911	-0.0050103112	130.4
1.2003969	0.0279097803	-0.0050103236	130.6
1.201301	0.0279171785	-0.0050103334	130.8
1.2001417	0.0279220911	-0.0050103139	131
1.2011674	0.0279278069	-0.0050103148	131.2
1.203181	0.0279337873	-0.0050103232	131.4
1.2016442	0.0279386148	-0.0050103174	131.6
1.2021587	0.027945986	-0.0050103077	131.8
1.2046436	0.0279505846	-0.005010309	132
1.2032166	0.0279575162	-0.0050103125	132.2
1.2034814	0.0279625141	-0.0050103143	132.4
1.2057576	0.0279677947	-0.0050103152	132.6
1.20474	0.0279745558	-0.0050103214	132.8
1.2044048	0.0279798229	-0.005010321	133
1.2065059	0.0279854355	-0.0050103156	133.2
1.2070162	0.0279907654	-0.0050103219	133.4
1.2058448	0.0279962164	-0.0050103143	133.6
1.2072052	0.0280022821	-0.0050103161	133.8
1.2085987	0.0280075717	-0.0050103192	134
1.2072722	0.028014916	-0.0050103161	134.2
1.2077092	0.0280218297	-0.0050103165	134.4
1.2103408	0.0280264642	-0.0050103156	134.6
1.2088371	0.0280308789	-0.005010313	134.8
1.2087499	0.0280365004	-0.0050103108	135
1.2112818	0.0280425751	-0.0050103121	135.2
1.2107044	0.0280477973	-0.0050103232	135.4
1.2099993	0.0280547199	-0.0050103125	135.6
1.2118717	0.0280601081	-0.0050103214	135.8
1.212974	0.0280650791	-0.0050103192	136
1.2115483	0.0280714499	-0.0050103232	136.2
1.2124897	0.0280758467	-0.0050103236	136.4
1.2145594	0.0280824148	-0.0050103303	136.6
1.2132275	0.028087341	-0.0050103108	136.8
1.2130189	0.0280924555	-0.0050103041	137
1.2156328	0.028098252	-0.0050103148	137.2
1.2158364	0.028104237	-0.0050103059	137.4
1.2144371	0.0281090824	-0.0050103117	137.6
1.2152122	0.0281145693	-0.0050103112	137.8
1.2178907	0.0281209939	-0.0050103103	138
1.2168721	0.0281252336	-0.0050103046	138.2
1.2165324	0.0281314608	-0.0050103258	138.4
1.219006	0.0281370599	-0.0050103125	138.6
1.2189888	0.0281421745	-0.0050103028	138.8
1.2178877	0.028147639	-0.0050103161	139
1.2188882	0.0281537765	-0.005010305	139.2
1.2211235	0.0281589673	-0.0050103112	139.4
1.2197987	0.0281641223	-0.0050103245	139.6
1.2195946	0.0281701925	-0.0050102983	139.8
1.2218391	0.0281762851	-0.0050103117	140
1.2224705	0.0281807177	-0.0050103006	140.2
1.2209844	0.0281872006	-0.0050103179	140.4
1.2214729	0.0281927638	-0.0050103125	140.6
1.2240994	0.0281989327	-0.0050103041	140.8
1.2231953	0.028201656	-0.0050103125	141
1.2225978	0.0282092875	-0.0050103134	141.2
1.2240089	0.0282138502	-0.0050103219	141.4
1.2256685	0.0282176906	-0.0050103077	141.6
1.2242762	0.0282206203	-0.0050103188	141.8
1.2240445	0.0282210689	-0.0050103037	142
1.2258147	0.0282218765	-0.0050102992	142.2
1.2261654	0.028222693	-0.0050103108	142.4
1.2243458	0.0282226213	-0.0050103117	142.6
1.2243739	0.0282217195	-0.0050103077	142.8
1.2263782	0.0282214727	-0.0050103028	143
1.2254104	0.0282222982	-0.0050102988	143.2
1.2241903	0.0282212529	-0.0050103152	143.4
1.2247245	0.0282211497	-0.0050103143	143.6
1.2264955	0.0282216522	-0.0050103041	143.8
1.2250605	0.0282211138	-0.0050102952	144
1.2241413	0.0282219752	-0.0050103037	144.2
1.2251443	0.0282215849	-0.0050103121	144.4
1.2264779	0.0282215669	-0.0050103099	144.6
1.224867	0.0282210106	-0.0050103165	144.8
1.2240596	0.0282207997	-0.0050103023	145
1.2258922	0.0282201492	-0.005010301	145.2
1.2259567	0.0282211721	-0.005010313	145.4
1.2243584	0.0282209747	-0.0050103041	145.6
1.2242167	0.0282201761	-0.0050103037	145.8
1.2261277	0.0282194987	-0.0050103015	146
1.2257188	0.0282204184	-0.0050103205	146.2
1.2241401	0.0282188033	-0.0050103227	146.4
1.2245821	0.0282211542	-0.0050103054	146.6
1.2264163	0.0282200056	-0.005010309	146.8
1.2252441	0.0282191577	-0.0050103103	147
1.2240244	0.0282210016	-0.0050103099	147.2
1.2248938	0.0282191801	-0.0050103134	147.4
1.2264872	0.028220055	-0.005010305	147.6
1.2247283	0.028218404	-0.005010301	147.8
1.2239871	0.0282202883	-0.0050103121	148
1.2254359	0.028217583	-0.0050103006	148.2
1.2261587	0.0282186148	-0.005010325	148.4
1.2242687	0.0282181482	-0.0050103174	148.6
1.2239603	0.0282175022	-0.0050103086	148.8
1.2259978	0.0282186866	-0.0050103023	149
1.2253635	0.0282191353	-0.0050103196	149.2
1.2240148	0.0282179374	-0.0050103214	149.4
1.2243831	0.0282197409	-0.0050103054	149.6
1.2263925	0.0282183771	-0.0050103077	149.8
1.2246533	0.0282186777	-0.0050103037	150
1.2246533	0.0282194314	-0.0050103019	150.2
1.2249537	0.0282165556	-0.0050103072	150.4
1.2263246	0.0282175381	-0.0050103023	150.6
1.2242352	0.0282185431	-0.0050103023	150.8
1.223913	0.0282183098	-0.0050103023	151
1.225741	0.0282185072	-0.0050103072	151.2
1.2257824	0.0282176503	-0.005010297	151.4
1.224182	0.0282170805	-0.0050103148	151.6
1.224218	0.0282172554	-0.0050103117	151.8
1.2263585	0.0282164165	-0.0050103019	152
1.2247534	0.0282177086	-0.005010297	152.2
1.2238656	0.028216421	-0.005010301	152.4
1.2251184	0.0282182784	-0.0050102975	152.6
1.2258579	0.0282169504	-0.0050103077	152.8
1.2243194	0.0282165197	-0.0050102966	153
1.2239863	0.0282164927	-0.0050102926	153.2
1.2261323	0.0282176906	-0.005010305	153.4
1.2248255	0.0282163626	-0.0050102921	153.6
1.2238531	0.0282169145	-0.0050103019	153.8
1.22481	0.0282158871	-0.0050103028	154
1.2260862	0.0282164389	-0.0050103103	154.2
1.2242138	0.0282160262	-0.0050103037	154.4
1.2239612	0.0282160262	-0.0050103139	154.6
1.2259865	0.0282166363	-0.0050102983	154.8
1.2252043	0.028215739	-0.0050103152	155
1.2238254	0.0282164479	-0.0050103068	155.2
1.224629	0.0282151917	-0.0050103103	155.4
1.2262932	0.0282154384	-0.0050103068	155.6
1.2242926	0.0282146219	-0.0050103068	155.8
1.2238141	0.0282151333	-0.0050103006	156
1.2258201	0.0282151019	-0.005010285	156.2
1.2252725	0.0282162191	-0.0050103054	156.4
1.2238891	0.0282157884	-0.0050103117	156.6
1.2245704	0.0282161697	-0.0050103139	156.8
1.2262374	0.0282158198	-0.0050103037	157
1.2242599	0.0282146309	-0.0050103094	157.2
1.2237022	0.0282146174	-0.0050103006	157.4
1.2258025	0.0282143662	-0.0050102975	157.6
1.2252294	0.0282150975	-0.0050103046	157.8
1.2238418	0.0282139399	-0.005010309	158
1.2240864	0.0282139669	-0.0050103059	158.2
1.2260983	0.0282135272	-0.0050103041	158.4
1.2242503	0.0282134868	-0.0050102997	158.6
1.2237073	0.0282133343	-0.0050103103	158.8
1.2250861	0.0282141822	-0.0050103179	159
1.2256689	0.0282127959	-0.0050102992	159.2
1.2238409	0.0281898746	-0.0050102944	159.4
1.2220343	0.028186411	-0.0050103165	159.6
1.2242138	0.0281823911	-0.0050102917	159.8
1.2217021	0.0281776893	-0.0050103099	160
1.2209148	0.0281715698	-0.0050102992	160.2
1.2222329	0.0281661502	-0.0050103037	160.4
1.2222991	0.0281617759	-0.005010309	160.6
1.2198921	0.0281556877	-0.005010301	160.8
1.2196269	0.0281509545	-0.0050103032	161
1.2213254	0.0281446196	-0.0050103077	161.2
1.2193847	0.0281404966	-0.0050102926	161.4
1.2181291	0.0281354314	-0.0050103019	161.6
1.2195008	0.0281282351	-0.005010293	161.8
1.2192398	0.0281243408	-0.0050102992	162
1.2169668	0.0281191365	-0.0050103015	162.2
1.2170238	0.0281138066	-0.0050102988	162.4
1.2184735	0.0281074089	-0.0050103006	162.6
1.2159802	0.0281028103	-0.0050102899	162.8
1.2153048	0.0280973009	-0.0050102966	163
1.2170548	0.0280912935	-0.0050103019	163.2
1.2155595	0.0280876102	-0.005010301	163.4
1.2140072	0.02807988	-0.0050102957	163.6
1.2147459	0.0280760082	-0.0050103188	163.8
1.2152528	0.0280701533	-0.0050102904	164
1.2129129	0.0280641908	-0.0050103041	164.2
1.2128244	0.0280586949	-0.0050103068	164.4
1.2143629	0.0280535759	-0.0050103046	164.6
1.2117485	0.0280488382	-0.0050103054	164.8
1.2111477	0.0280418079	-0.0050103125	165
1.2130201	0.0280375906	-0.0050102944	165.2
1.2109252	0.0280317851	-0.0050103054	165.4
1.2098347	0.0280261411	-0.0050103072	165.6
1.2112256	0.0280216951	-0.005010305	165.8
1.2101753	0.0280160107	-0.0050103046	166
1.2084772	0.0280105013	-0.005010305	166.2
1.2098384	0.0280044177	-0.0050102979	166.4
1.2089544	0.0279993121	-0.0050102913	166.6
1.207224	0.0279940091	-0.005010301	166.8
1.2081056	0.027987414	-0.005010305	167
1.2082803	0.0279814739	-0.0050103054	167.2
1.2060354	0.02797631	-0.0050102979	167.4
1.2067695	0.02797168	-0.005010309	167.6
1.2072215	0.0279654393	-0.0050102975	167.8
1.2047257	0.0279594634	-0.005010301	168
1.2049352	0.0279545462	-0.005010305	168.2
1.2060413	0.0279492567	-0.0050103072	168.4
1.2034051	0.0279435185	-0.0050103068	168.6
1.2038463	0.0279363177	-0.005010301	168.8
1.2046507	0.0279310237	-0.0050102992	169
1.2021453	0.0279269724	-0.005010301	169.2
1.202382	0.0279204984	-0.005010317	169.4
1.2033242	0.0279152582	-0.0050103139	169.6
1.2008908	0.0279080844	-0.005010305	169.8
1.2014146	0.0279036922	-0.0050103081	170
1.2020606	0.0278972675	-0.0050103112	170.2
1.1994575	0.0278906814	-0.0050103094	170.4
1.200169	0.0278854906	-0.0050103227	170.6
1.2001895	0.0278802324	-0.0050103019	170.8
1.1981403	0.027874907	-0.0050103188	171
1.1991886	0.0278679575	-0.0050102939	171.2
1.1985861	0.0278640229	-0.0050103072	171.4
1.1967028	0.0278551397	-0.0050102988	171.6
1.1985195	0.0278509673	-0.0050103015	171.8
1.1964887	0.0278455476	-0.0050103032	172
1.195391	0.0278399216	-0.0050103001	172.2
1.1971369	0.0278347038	-0.0050102992	172.4
1.195003	0.0278276152	-0.0050102957	172.6
1.1947521	0.0278215226	-0.0050103081	172.8
1.1958653	0.0278164439	-0.0050103117	173
1.1930644	0.0278099116	-0.005010309	173.2
1.1936317	0.0278045997	-0.0050103196	173.4
1.1933674	0.0277984487	-0.0050103134	173.6
1.1916663	0.0277928451	-0.005010313	173.8
1.1933267	0.027785272	-0.0050103063	174
1.1916617	0.0277808349	-0.0050103183	174.2
1.1905137	0.0277744596	-0.0050103054	174.4
1.1922604	0.0277686003	-0.0050103192	174.6
1.1897072	0.0277620635	-0.0050103196	174.8
1.1893213	0.0277562895	-0.0050103099	175
1.1905171	0.0277508384	-0.0050103121	175.2
1.1880661	0.0277431486	-0.0050102944	175.4
1.1891659	0.0277392947	-0.0050103112	175.6
1.1883472	0.0277325157	-0.0050103214	175.8
1.1866089	0.027725795	-0.0050103179	176
1.1883682	0.0277202587	-0.0050103121	176.2
1.1860014	0.0277143994	-0.0050103183	176.4
1.1855368	0.0277086073	-0.0050103032	176.6
1.1863713	0.0277015053	-0.0050103046	176.8
1.1842312	0.0276961529	-0.0050103143	177
1.1858267	0.0276908948	-0.0050103143	177.2
1.1844177	0.0276840126	-0.0050103077	177.4
1.1828641	0.0276781263	-0.0050103117	177.6
1.1847642	0.0276707057	-0.0050103334	177.8
1.1820928	0.0276660263	-0.0050103312	178
1.1825273	0.0276602298	-0.0050103183	178.2
1.1820253	0.027652724	-0.0050103232	178.4
1.1803771	0.0276479235	-0.0050103196	178.6
1.1821473	0.027640126	-0.0050103148	178.8
1.1795982	0.0276352223	-0.0050103307	179
1.1798731	0.027628349	-0.005010329	179.2
1.1797667	0.0276216777	-0.0050103258	179.4
1.1780489	0.0276168547	-0.0050103263	179.6
1.1797407	0.027610116	-0.0050103232	179.8
1.1769658	0.0276039247	-0.0050103205	180
1.1776022	0.0275967868	-0.0050103201	180.2
1.1768577	0.0275912774	-0.005010317	180.4
1.175525	0.0275848348	-0.0050103232	180.6
1.1771908	0.0275786974	-0.0050103201	180.8
1.1745542	0.0275723086	-0.0050103223	181
1.1755313	0.0275650406	-0.0050103143	181.2
1.1742852	0.0275596613	-0.0050103179	181.4
1.1733308	0.0275515049	-0.0050103112	181.6
1.1744532	0.027546655	-0.0050103312	181.8
1.1718644	0.0275389338	-0.0050103134	182
1.1736555	0.0275324778	-0.0050103285	182.2
1.1713114	0.0275287944	-0.0050103272	182.4
1.1712527	0.0275209566	-0.0050103334	182.6
1.1708957	0.0275147339	-0.0050103245	182.8
1.1694511	0.027508879	-0.0050103321	183
1.1709888	0.0275034863	-0.005010329	183.2
1.1683605	0.0274960522	-0.0050103285	183.4
1.1699996	0.0274895828	-0.0050103325	183.6
1.1675624	0.0274838221	-0.0050103205	183.8
1.1676219	0.0274752979	-0.0050103227	184
1.167916	0.0274695193	-0.0050103307	184.2
1.1658153	0.0274634805	-0.0050103219	184.4
1.1675121	0.0274560285	-0.0050103409	184.6
1.1647984	0.0274498058	-0.0050103179	184.8
1.1661911	0.0274434754	-0.0050103347	185
1.1643292	0.0274368982	-0.005010313	185.2
1.1639559	0.0274308101	-0.0050103258	185.4
1.1640238	0.0274234433	-0.0050103214	185.6
1.1621874	0.0274160676	-0.0050103378	185.8
1.1636597	0.0274103563	-0.0050103201	186
1.1610407	0.0274031421	-0.005010317	186.2
1.1626931	0.0273951113	-0.0050103338	186.4
1.1601357	0.0273901493	-0.0050103205	186.6
1.1605073	0.027381302	-0.0050103188	186.8
1.1597817	0.027375187	-0.0050103312	187
1.159007	0.027368224	-0.0050103312	187.2
1.1592584	0.0273616872	-0.0050103232	187.4
1.1573043	0.0273547781	-0.0050103338	187.6
1.1590066	0.0273474068	-0.0050103263	187.8
1.1561609	0.0273397843	-0.0050103267	188
1.1576638	0.0273322874	-0.0050103321	188.2
1.1553699	0.027326132	-0.0050103245	188.4
1.156155	0.0273201829	-0.005010329	188.6
1.1547586	0.0273137135	-0.0050103369	188.8
1.1541796	0.0273063467	-0.005010321	189
1.1536081	0.0272978852	-0.0050103392	189.2
1.1527978	0.02729199	-0.0050103236	189.4
1.1536634	0.0272831652	-0.0050103192	189.6
1.1512128	0.0272786607	-0.0050103196	189.8
1.1529821	0.0272704236	-0.0050103316	190
1.1500925	0.0272635189	-0.005010325	190.2
1.1517458	0.0272551382	-0.0050103325	190.4
1.1490597	0.0272484624	-0.0050103272	190.6
1.1502463	0.0272425851	-0.0050103219	190.8
1.1480751	0.0272343121	-0.005010317	191
1.1485666	0.0272268556	-0.0050103312	191.2
1.1472012	0.0272204489	-0.0050103303	191.4
1.1472732	0.0272127501	-0.0050103272	191.6
1.1464235	0.0272056526	-0.0050103245	191.8
1.1459614	0.0271979897	-0.0050103329	192
1.1457884	0.02719043	-0.0050103272	192.2
1.144265	0.0271827043	-0.0050103329	192.4
1.1448315	0.0271769437	-0.0050103152	192.6
1.1426809	0.0271683566	-0.0050103214	192.8
1.14389	0.0271612545	-0.0050103307	193
1.1414512	0.0271541255	-0.005010325	193.2
1.1430089	0.0271469337	-0.0050103396	193.4
1.1402236	0.0271385844	-0.0050103307	193.6
1.1419841	0.0271323438	-0.0050103387	193.8
1.1390534	0.0271240842	-0.0050103369	194
1.1407356	0.0271172379	-0.0050103378	194.2
1.1378832	0.027109409	-0.0050103347	194.4
1.1394849	0.0271020871	-0.0050103369	194.6
1.1367675	0.0270922483	-0.0050103418	194.8
1.138293	0.0270864787	-0.005010348	195
1.1356061	0.0270776269	-0.0050103321	195.2
1.1369229	0.0270695154	-0.0050103272	195.4
1.1342298	0.0270626376	-0.0050103254	195.6
1.1357565	0.0270541672	-0.0050103263	195.8
1.1329737	0.0270472984	-0.0050103236	196
1.134487	0.0270391465	-0.005010329	196.2
1.1317344	0.0270305415	-0.0050103498	196.4
1.1332892	0.0270228606	-0.0050103356	196.6
1.1305495	0.0270152292	-0.0050103414	196.8
1.1319686	0.0270076695	-0.0050103352	197
1.1291971	0.0269982031	-0.0050103343	197.2
1.1307372	0.026990437	-0.0050103436	197.4
1.1279929	0.0269821415	-0.0050103232	197.6
1.1294803	0.0269739717	-0.0050103356	197.8
1.1267008	0.0269675695	-0.0050103325	198
1.1282774	0.0269590901	-0.0050103263	198.2
1.1254393	0.0269503505	-0.0050103258	198.4
1.1269132	0.0269430106	-0.005010348	198.6
1.1241091	0.0269342126	-0.00501034	198.8
1.1253559	0.026924993	-0.0050103423	199
1.1229322	0.0269182184	-0.0050103343	199.2
1.1241078	0.0269077425	-0.0050103325	199.4
1.1216183	0.0268998957	-0.0050103334	199.6
1.1223238	0.0268911157	-0.0050103343	199.8
1.1207112	0.0268819768	-0.0050103445	200
1.1207418	0.0268743902	-0.0050103445	200.2
1.1195016	0.0268666465	-0.0050103272	200.4
1.1191614	0.0268571487	-0.0050103387	200.6
1.1187973	0.0268493108	-0.0050103329	200.8
1.1173887	0.0268397547	-0.0050103281	201
1.117659	0.0268307459	-0.005010336	201.2
1.1157983	0.026821589	-0.0050103365	201.4
1.1164683	0.0268140966	-0.0050103347	201.6
1.1142305	0.0268055499	-0.0050103267	201.8
1.1155348	0.0267960565	-0.0050103298	202
1.1127205	0.026787299	-0.0050103254	202.2
1.1141396	0.0267774108	-0.0050103343	202.4
1.1112851	0.0267682405	-0.0050103427	202.6
1.1122718	0.0267595367	-0.005010352	202.8
1.1099038	0.0267510394	-0.0050103338	203
1.11035	0.0267421024	-0.0050103436	203.2
1.1090667	0.0267329275	-0.0050103387	203.4
1.1086092	0.0267241879	-0.0050103449	203.6
1.1081583	0.026713057	-0.0050103338	203.8
1.1063899	0.0267057261	-0.0050103423	204
1.1074763	0.0266954476	-0.0050103414	204.2
1.1048221	0.0266863895	-0.005010344	204.4
1.1060103	0.0266772999	-0.0050103467	204.6
1.1035212	0.0266669721	-0.0050103431	204.8
1.1038362	0.0266587304	-0.0050103502	205
1.1023623	0.0266474111	-0.0050103463	205.2
1.1017682	0.0266403629	-0.005010344	205.4
1.1018536	0.0266289538	-0.0050103538	205.6
1.0997056	0.0266199629	-0.0050103604	205.8
1.1009441	0.0266101241	-0.0050103587	206
1.0981093	0.0266006981	-0.0050103511	206.2
1.0988865	0.0265889301	-0.005010348	206.4
1.0971322	0.0265805628	-0.005010348	206.6
1.0963664	0.026569737	-0.0050103476	206.8
1.0968926	0.0265607551	-0.0050103467	207
1.094313	0.0265489422	-0.0050103494	207.2
1.095445	0.0265391259	-0.0050103436	207.4
1.092847	0.026527165	-0.0050103343	207.6
1.0927347	0.0265172005	-0.0050103551	207.8
1.0921938	0.0265070342	-0.0050103431	208
1.0905003	0.0264965628	-0.0050103392	208.2
1.0914895	0.0264871816	-0.0050103463	208.4
1.0887448	0.0264767999	-0.0050103423	208.6
1.0889376	0.0264666022	-0.0050103383	208.8
1.0882307	0.0264543497	-0.0050103423	209
1.0865234	0.0264462471	-0.0050103458	209.2
1.0874506	0.0264329986	-0.0050103498	209.4
1.0846531	0.0264220965	-0.0050103387	209.6
1.0849724	0.0264129576	-0.0050103476	209.8
1.0840251	0.0264002878	-0.0050103396	210
1.0822218	0.0263895697	-0.0050103316	210.2
1.0832693	0.0263798071	-0.0050103445	210.4
1.0804253	0.026368748	-0.0050103507	210.6
1.0804383	0.026358142	-0.0050103489	210.8
1.080078	0.0263441622	-0.0050103547	211
1.0779684	0.0263342471	-0.005010344	211.2
1.0787435	0.0263217972	-0.0050103502	211.4
1.0766939	0.0263118821	-0.0050103578	211.6
1.0757718	0.0262996475	-0.005010352	211.8
1.0762883	0.0262886916	-0.0050103569	212
1.0734444	0.0262769909	-0.0050103498	212.2
1.0732336	0.0262646441	-0.0050103414	212.4
1.0733153	0.0262528268	-0.0050103502	212.6
1.070827	0.0262405025	-0.005010352	212.8
1.0712414	0.02622908	-0.0050103476	213
1.0703892	0.0262175139	-0.0050103458	213.2
1.0681163	0.0262041218	-0.0050103591	213.4
1.0686966	0.0261928069	-0.0050103378	213.6
1.0671702	0.0261805005	-0.0050103507	213.8
1.0654122	0.0261696074	-0.0050103409	214
1.0662028	0.0261566685	-0.005010352	214.2
1.0643053	0.0261432315	-0.0050103471	214.4
1.062758	0.0261323204	-0.0050103471	214.6
1.0633718	0.0261187848	-0.0050103467	214.8
1.0617202	0.0261060791	-0.0050103489	215
1.0599748	0.026094531	-0.0050103578	215.2
1.0604968	0.0260809863	-0.0050103533	215.4
1.0590242	0.0260677154	-0.0050103502	215.6
1.056993	0.0260556872	-0.0050103431	215.8
1.0573361	0.0260422233	-0.0050103556	216
1.0567726	0.026028064	-0.0050103507	216.2
1.0542089	0.0260167133	-0.0050103542	216.4
1.0539529	0.0260018362	-0.0050103596	216.6
1.0540111	0.0259878743	-0.0050103662	216.8
1.0514801	0.025975707	-0.0050103582	217
1.0505362	0.0259601704	-0.0050103463	217.2
1.0509753	0.0259471148	-0.0050103529	217.4
1.0493015	0.0259326864	-0.0050103533	217.6
1.0472808	0.0259184373	-0.005010344	217.8
1.0470545	0.0259059022	-0.0050103538	218
1.0471572	0.0258905405	-0.0050103618	218.2
1.0448897	0.0258763902	-0.0050103653	218.4
1.0434899	0.0258630116	-0.005010344	218.6
1.0437802	0.0258487357	-0.0050103622	218.8
1.0427186	0.0258337958	-0.0050103538	219
1.0404796	0.0258180169	-0.005010364	219.2
1.0397535	0.0258037903	-0.0050103591	219.4
1.0395976	0.0257891196	-0.0050103658	219.6
1.0385531	0.0257748123	-0.0050103635	219.8
1.0363112	0.0257596704	-0.0050103582	220
1.035573	0.0257449818	-0.005010364	220.2
1.0355696	0.0257305533	-0.0050103596	220.4
1.0346039	0.0257153038	-0.0050103573	220.6
1.0320457	0.0256984931	-0.0050103507	220.8
1.0310317	0.025683921	-0.0050103565	221
1.0306756	0.0256681242	-0.0050103542	221.2
1.0305508	0.0256520716	-0.0050103649	221.4
1.0284559	0.0256374413	-0.0050103667	221.6
1.0266443	0.025620617	-0.0050103746	221.8
1.0259144	0.0256037031	-0.0050103618	222
1.0259115	0.0255872647	-0.0050103538	222.2
1.0250895	0.0255716742	-0.0050103609	222.4
1.0228077	0.0255569317	-0.0050103573	222.6
1.0213472	0.025540426	-0.0050103675	222.8
1.0203986	0.0255249702	-0.0050103622	223
1.0200392	0.0255071679	-0.0050103658	223.2
1.0196022	0.0254920485	-0.0050103587	223.4
1.0178542	0.0254743898	-0.0050103631	223.6
1.0159517	0.025458243	-0.0050103649	223.8
1.0145795	0.0254420828	-0.0050103658	224
1.0136276	0.0254244375	-0.0050103675	224.2
1.0131106	0.0254065724	-0.0050103706	224.4
1.0125538	0.0253894117	-0.0050103551	224.6
1.0117347	0.025370434	-0.0050103533	224.8
1.0102126	0.0253544039	-0.0050103573	225
1.008747	0.0253361036	-0.0050103596	225.2
1.0068604	0.0253184897	-0.0050103596	225.4
1.0055934	0.0253013245	-0.0050103667	225.6
1.004406	0.0252827012	-0.005010352	225.8
1.0033632	0.0252647913	-0.0050103591	226
1.0023602	0.0252460334	-0.0050103573	226.2
1.0015151	0.0252298732	-0.0050103653	226.4
1.0007442	0.0252119901	-0.0050103742	226.6
0.9998773497	0.0251934431	-0.005010364	226.8
0.9987716806	0.0251743308	-0.0050103675	227
0.9976035845	0.025154523	-0.0050103769	227.2
0.9962482076	0.0251373309	-0.0050103613	227.4
0.9950545542	0.0251169848	-0.0050103604	227.6
0.9936539282	0.0250998645	-0.0050103706	227.8
0.992549935	0.0250801599	-0.0050103698	228
0.9910307397	0.0250618238	-0.0050103769	228.2
0.9899543987	0.0250428505	-0.005010368	228.4
0.9884469347	0.0250229217	-0.0050103737	228.6
0.9870848542	0.0250043387	-0.0050103702	228.8
0.9861136753	0.0249846656	-0.0050103751	229
0.9849074527	0.0249664057	-0.0050103769	229.2
0.9836819574	0.0249456558	-0.0050103653	229.4
0.9827401066	0.0249259602	-0.005010372	229.6
0.9814785796	0.0249066595	-0.0050103662	229.8
0.9802338115	0.0248863717	-0.0050103808	230
0.9787405925	0.0248676048	-0.005010372	230.2
0.9769235076	0.024847676	-0.0050103733	230.4
0.9754055693	0.0248278638	-0.005010368	230.6
0.9739006191	0.024807917	-0.0050103706	230.8
0.972410752	0.0247878041	-0.0050103698	231
0.9712179365	0.0247667761	-0.0050103755	231.2
0.9702698011	0.0247475516	-0.0050103764	231.4
0.9695294762	0.0247296955	-0.0050103888	231.6
0.9686328745	0.0247080349	-0.0050103737	231.8
0.9665970858	0.0246866838	-0.0050103826	232
0.9647737163	0.0246679528	-0.0050103724	232.2
0.9631690506	0.0246458031	-0.005010368	232.4
0.9620340534	0.0246266101	-0.0050103831	232.6
0.961763816	0.0246057076	-0.0050103724	232.8
0.9603422414	0.0245860345	-0.0050103764	233
0.9582716779	0.0245643604	-0.0050103755	233.2
0.9565023559	0.0245435567	-0.0050103808	233.4
0.9554834142	0.0245226857	-0.0050103782	233.6
0.9550179354	0.0245012897	-0.0050103835	233.8
0.9528895538	0.0244813429	-0.0050103698	234
0.9509111644	0.0244588702	-0.0050103773	234.2
0.9501511478	0.0244393407	-0.0050103702	234.4
0.9494560719	0.0244164866	-0.0050103729	234.6
0.9470733738	0.0243957771	-0.0050103764	234.8
0.9454297436	0.0243752785	-0.0050103773	235
0.9451540596	0.0243529359	-0.0050103866	235.2
0.9426670372	0.0243315714	-0.0050103871	235.4
0.9415404194	0.0243112746	-0.0050103822	235.6
0.9406605766	0.0242893493	-0.0050103826	235.8
0.9381647558	0.0242681597	-0.0050103853	236
0.9379921391	0.0242461716	-0.0050103835	236.2
0.9354154565	0.0242241565	-0.0050103866	236.4
0.9347220566	0.0242013518	-0.0050103835	236.6
0.9325945129	0.0241817998	-0.0050103826	236.8
0.9315893972	0.02415904	-0.0050103897	237
0.9298355772	0.0241368769	-0.0050103888	237.2
0.9283134491	0.0241149471	-0.0050103751	237.4
0.926915337	0.0240936139	-0.0050103769	237.6
0.9260434547	0.0240707061	-0.0050103839	237.8
0.9239297371	0.0240486641	-0.0050103835	238
0.9235233335	0.0240265054	-0.0050103875	238.2
0.9209533545	0.02400362	-0.0050103848	238.4
0.9204015674	0.0239812011	-0.0050103888	238.6
0.9185254073	0.0239607294	-0.0050103893	238.8
0.916576765	0.0239365923	-0.0050103737	239
0.9160157604	0.0239144067	-0.0050103822	239.2
0.9134332123	0.0238924903	-0.0050103751	239.4
0.9120204361	0.0238691204	-0.0050103773	239.6
0.9112939374	0.0238458625	-0.0050103782	239.8
0.9088718558	0.023822497	-0.0050103804	240
0.9073229135	0.0237986874	-0.0050103751	240.2
0.9064200271	0.023776273	-0.0050103822	240.4
0.9045438671	0.0237538273	-0.0050103764	240.6
0.9024464894	0.0237301702	-0.0050103808	240.8
0.9007865193	0.0237068495	-0.0050103786	241
0.8994730397	0.023683816	-0.0050103933	241.2
0.898406754	0.0236592033	-0.0050103862	241.4
0.8965871552	0.0236365108	-0.0050103973	241.6
0.8944386629	0.0236110232	-0.0050103871	241.8
0.8923785738	0.0235888107	-0.0050103888	242
0.8907986275	0.0235645165	-0.0050103782	242.2
0.8890841909	0.0235390424	-0.005010391	242.4
0.887621557	0.0235154167	-0.0050103955	242.6
0.8859226224	0.0234904854	-0.0050103919	242.8
0.8844088738	0.0234667655	-0.0050103902	243
0.8825859233	0.023442588	-0.0050104075	243.2
0.8809171547	0.0234186033	-0.005010395	243.4
0.8790962991	0.0233943495	-0.0050103862	243.6
0.8772578466	0.0233681935	-0.0050103937	243.8
0.8751956626	0.02334315	-0.0050103919	244
0.8735889021	0.0233176041	-0.0050103999	244.2
0.8715857933	0.0232926953	-0.0050103946	244.4
0.8697997123	0.0232671359	-0.0050103995	244.6
0.8682432285	0.0232411234	-0.0050104035	244.8
0.8668765393	0.0232153442	-0.0050103946	245
0.8649823635	0.023190377	-0.0050103968	245.2
0.8625971515	0.0231622021	-0.0050103915	245.4
0.8606028411	0.0231366247	-0.0050103942	245.6
0.8591209344	0.0231114422	-0.0050104004	245.8
0.8576532728	0.0230845459	-0.0050103981	246
0.8550606693	0.0230577079	-0.0050103942	246.2
0.8531216634	0.0230321709	-0.0050103959	246.4
0.8518743814	0.0230036595	-0.0050103822	246.6
0.8492754934	0.0229766285	-0.0050103959	246.8
0.8476456893	0.0229483863	-0.0050103964	247
0.8457628257	0.0229212835	-0.0050103955	247.2
0.84340359	0.0228934451	-0.005010395	247.4
0.8420515649	0.0228640049	-0.0050104008	247.6
0.8393051984	0.0228362113	-0.0050104004	247.8
0.8376607303	0.0228075248	-0.0050104057	248
0.8357937876	0.022777977	-0.0050104039	248.2
0.8332259035	0.022749138	-0.0050104172	248.4
0.8313924787	0.0227198773	-0.0050104137	248.6
0.8297685402	0.0226919536	-0.0050104035	248.8
0.8272706246	0.0226596466	-0.0050104048	249
0.8249587329	0.0226304397	-0.0050104052	249.2
0.8228965489	0.0225975629	-0.0050104168	249.4
0.8207505704	0.0225676023	-0.0050104141	249.6
0.818572331	0.0225374488	-0.0050104137	249.8
0.8164192299	0.0225075376	-0.0050104075	250
0.8143109589	0.0224746742	-0.005010415	250.2
0.8121230831	0.0224422506	-0.0050104075	250.4
0.8098287883	0.0224097865	-0.0050104097	250.6
0.8076346279	0.0223745992	-0.0050104243	250.8
0.8053478745	0.0223414846	-0.0050104154	251
0.8033301017	0.0223083566	-0.0050104075	251.2
0.801063878	0.0222724559	-0.0050104026	251.4
0.7988286582	0.0222383095	-0.0050104021	251.6
0.7966294702	0.022201193	-0.0050104106	251.8
0.7942450962	0.0221658217	-0.0050104208	252
0.7918887933	0.0221295173	-0.0050104128	252.2
0.7894457631	0.0220939531	-0.0050104239	252.4
0.7871418318	0.0220570699	-0.005010431	252.6
0.7848697425	0.0220184459	-0.0050104216	252.8
0.7823630285	0.0219818005	-0.0050104314	253
0.7801718009	0.021943854	-0.0050104372	253.2
0.777724162	0.0219042969	-0.0050104274	253.4
0.7754382465	0.0218657806	-0.0050104057	253.6
0.7729378171	0.0218287045	-0.0050104327	253.8
0.7706217356	0.0217899819	-0.0050104066	254
0.7681418358	0.0217498639	-0.0050104261	254.2
0.7655768845	0.0217098267	-0.0050104159	254.4
0.7631476804	0.0216692691	-0.0050104044	254.6
0.7606371956	0.0216292992	-0.0050104199	254.8
0.7581543629	0.0215880597	-0.0050104137	255
0.7555726527	0.0215476815	-0.0050104265	255.2
0.75306133	0.0215085596	-0.0050104279	255.4
0.7505650902	0.0214664272	-0.0050104159	255.6
0.7479544709	0.021425892	-0.0050104101	255.8
0.745399575	0.0213844865	-0.0050104274	256
0.7428585051	0.0213447275	-0.0050104066	256.2
0.7402922969	0.0213053318	-0.005010423	256.4
0.7379037332	0.0212626521	-0.005010423	256.6
0.7352482838	0.0212227585	-0.0050104239	256.8
0.7326112692	0.0211820573	-0.0050104327	257
0.7300144759	0.0211407325	-0.0050104345	257.2
0.7273338882	0.021099143	-0.0050104314	257.4
0.7246549763	0.0210592718	-0.0050104168	257.6
0.7220988234	0.0210186828	-0.0050104248	257.8
0.7194450499	0.0209769498	-0.0050104319	258
0.7166383513	0.0209362665	-0.0050104376	258.2
0.7140558032	0.0208939727	-0.0050104203	258.4
0.711320749	0.0208523428	-0.0050104279	258.6
0.7086615288	0.0208114577	-0.0050104248	258.8
0.7060064984	0.0207736772	-0.0050104292	259
0.703304124	0.0207323434	-0.0050104296	259.2
0.7007266036	0.0206911083	-0.0050104305	259.4
0.6978637626	0.020650277	-0.005010435	259.6
0.6950960285	0.0206076108	-0.0050104301	259.8
0.6923756383	0.0205684933	-0.0050104287	260
0.6896841573	0.020526666	-0.0050104243	260.2
0.6868045575	0.0204864853	-0.005010423	260.4
0.684118942	0.0204456764	-0.0050104239	260.6
0.6813771842	0.0204034274	-0.0050104367	260.8
0.6785512129	0.0203619905	-0.0050104248	261
0.6757658819	0.0203196024	-0.0050104292	261.2
0.6729390727	0.020278143	-0.0050104434	261.4
0.6702522003	0.0202364054	-0.0050104416	261.6
0.6675116994	0.0201930752	-0.0050104367	261.8
0.664548724	0.0201512255	-0.0050104518	262
0.6617768002	0.0201066614	-0.0050104407	262.2
0.6588653584	0.0200618058	-0.0050104314	262.4
0.6560033554	0.0200174706	-0.0050104341	262.6
0.6530919137	0.0199746922	-0.0050104323	262.8
0.6502935945	0.0199311017	-0.0050104416	263
0.647455473	0.0198848553	-0.0050104425	263.2
0.6444485055	0.0198380839	-0.0050104403	263.4
0.6416627555	0.0197916445	-0.0050104301	263.6
0.6387563414	0.0197460262	-0.0050104491	263.8
0.6358495084	0.0196989542	-0.0050104416	264
0.6329024539	0.0196530263	-0.0050104478	264.2
0.6300643324	0.0196052141	-0.0050104443	264.4
0.6271880843	0.0195580793	-0.0050104412	264.6
0.6242334884	0.0195100697	-0.0050104292	264.8
0.6212520782	0.0194613019	-0.0050104398	265
0.6182928735	0.0194134582	-0.0050104447	265.2
0.6153449811	0.0193650583	-0.0050104407	265.4
0.6122923455	0.0193181299	-0.0050104474	265.6
0.609453805	0.0192697973	-0.0050104496	265.8
0.6065180628	0.0192222138	-0.0050104518	266
0.6034583047	0.0191737107	-0.0050104456	266.2
0.6004618115	0.0191260779	-0.0050104478	266.4
0.5974297055	0.0190794367	-0.0050104536	266.6
0.5945702164	0.0190326474	-0.0050104505	266.8
0.5916307035	0.0189836059	-0.0050104523	267
0.5885198306	0.0189362468	-0.0050104598	267.2
0.5855103493	0.0188868105	-0.0050104443	267.4
0.5824279666	0.0188395232	-0.0050104664	267.6
0.5794088488	0.0187918231	-0.0050104607	267.8
0.5762556598	0.0187447377	-0.0050104527	268
0.5732725737	0.0186978586	-0.0050104629	268.2
0.570314207	0.0186503021	-0.0050104558	268.4
0.5671777768	0.0186032481	-0.0050104585	268.6
0.5641967856	0.0185556243	-0.0050104514	268.8
0.5610532329	0.0185069776	-0.005010462	269
0.558051712	0.0184581649	-0.0050104523	269.2
0.5549324597	0.0184106533	-0.0050104558	269.4
0.5518898795	0.0183630609	-0.005010458	269.6
0.5489034416	0.0183126331	-0.0050104496	269.8
0.5457414541	0.018263273	-0.0050104576	270
0.5425790477	0.0182125446	-0.0050104638	270.2
0.5394543487	0.0181603716	-0.0050104562	270.4
0.5362936182	0.0181107199	-0.0050104656	270.6
0.5331295358	0.0180603683	-0.0050104731	270.8
0.5300718726	0.0180094649	-0.005010458	271
0.5270045729	0.0179564484	-0.0050104691	271.2
0.5237738739	0.0179051996	-0.0050104616	271.4
0.5205712461	0.0178517613	-0.0050104664	271.6
0.5174130294	0.0178019571	-0.0050104576	271.8
0.5143323226	0.0177504974	-0.0050104616	272
0.5111766197	0.0176974405	-0.0050104673	272.2
0.5079199444	0.0176451463	-0.0050104762	272.4
0.5047906368	0.0175925291	-0.0050104771	272.6
0.5015205543	0.0175411815	-0.0050104753	272.8
0.4983166696	0.0174871062	-0.0050104682	273
0.4950771721	0.0174377147	-0.0050104744	273.2
0.4919478645	0.0173862281	-0.0050104846	273.4
0.4887980272	0.0173340775	-0.0050104895	273.6
0.4854604902	0.0172821557	-0.0050104784	273.8
0.4822922181	0.0172288116	-0.0050104891	274
0.4789341514	0.0171761002	-0.0050104877	274.2
0.4757759346	0.0171225184	-0.0050104775	274.4
0.4724438442	0.0170714849	-0.0050104793	274.6
0.469262584	0.0170188991	-0.0050104766	274.8
0.4660205727	0.0169651154	-0.0050104784	275
0.462677589	0.0169112374	-0.0050104837	275.2
0.4594737042	0.0168548516	-0.0050104868	275.4
0.4560527916	0.0168009826	-0.0050104806	275.6
0.4527529621	0.0167444443	-0.0050104953	275.8
0.4494384685	0.0166925808	-0.0050104802	276
0.4463196352	0.0166387477	-0.0050104966	276.2
0.4429154815	0.0165832861	-0.0050104771	276.4
0.4396500077	0.0165277526	-0.0050104877	276.6
0.4363204311	0.0164735517	-0.0050104846	276.8
0.4329732577	0.0164195347	-0.0050104895	277
0.4297333413	0.0163658676	-0.0050104948	277.2
0.4264850454	0.0163094863	-0.0050104731	277.4
0.4229970971	0.0162536568	-0.0050104873	277.6
0.4196880502	0.0161968223	-0.0050104749	277.8
0.4162826395	0.0161414234	-0.0050104913	278
0.4129505491	0.0160860695	-0.0050104882	278.2
0.4094265691	0.0160306213	-0.0050104829	278.4
0.4061451744	0.0159761467	-0.0050104966	278.6
0.4028935268	0.015919384	-0.0050104877	278.8
0.3994696813	0.015861392	-0.0050105064	279
0.3960961126	0.0158047997	-0.005010509	279.2
0.3926224094	0.0157477319	-0.0050105033	279.4
0.3892727221	0.0156906776	-0.0050104931	279.6
0.3858522284	0.0156352294	-0.0050105019	279.8
0.3824547782	0.0155781885	-0.005010497	280
0.3791063479	0.015517729	-0.0050105028	280.2
0.3755982889	0.0154613252	-0.0050104988	280.4
0.3721405066	0.0154034678	-0.0050105015	280.6
0.3687292303	0.0153461757	-0.0050104953	280.8
0.36530329	0.0152889284	-0.0050104962	281
0.3618840533	0.0152318965	-0.0050104944	281.2
0.3585062948	0.0151758875	-0.0050105033	281.4
0.3552010186	0.0151153293	-0.0050105037	281.6
0.3516586039	0.0150557087	-0.0050105024	281.8
0.3482012406	0.0149966534	-0.0050105006	282
0.344671814	0.0149397516	-0.005010509	282.2
0.3413908382	0.0148823877	-0.0050104944	282.4
0.3379364078	0.0148204341	-0.005010497	282.6
0.3343520957	0.0147613295	-0.0050105055	282.8
0.3308938945	0.0147014801	-0.0050105108	283
0.327393377	0.0146412269	-0.0050105139	283.2
0.3239879664	0.0145822524	-0.005010525	283.4
0.3204832592	0.0145243008	-0.0050105143	283.6
0.3170497773	0.0144656358	-0.0050105024	283.8
0.3136837501	0.0144041443	-0.0050105072	284
0.3100814223	0.0143443577	-0.0050105099	284.2
0.306624478	0.0142826824	-0.0050105117	284.4
0.303069075	0.014222999	-0.0050105033	284.6
0.2996800043	0.0141607897	-0.0050105361	284.8
0.2961547675	0.0141025778	-0.0050105002	285
0.2928214201	0.0140423606	-0.005010505	285.2
0.2893732742	0.013979429	-0.0050105104	285.4
0.2857965037	0.0139156584	-0.0050105188	285.6
0.2823102313	0.0138534222	-0.0050105223	285.8
0.2786781564	0.0137919397	-0.0050105245	286
0.2752103188	0.0137289812	-0.0050105143	286.2
0.2717077064	0.0136694548	-0.0050105095	286.4
0.2682046751	0.0136056618	-0.005010521	286.6
0.2647380944	0.0135420393	-0.0050105228	286.8
0.2611537824	0.0134793141	-0.0050105277	287
0.2576867827	0.01341422	-0.0050105308	287.2
0.2541154589	0.0133512929	-0.0050105161	287.4
0.2506438505	0.0132905283	-0.0050105312	287.6
0.2472376019	0.01322368	-0.0050105268	287.8
0.2435971475	0.0131594518	-0.0050105339	288
0.2400681399	0.0130935188	-0.0050105272	288.2
0.2364486342	0.0130275678	-0.0050105232	288.4
0.2329288439	0.0129610336	-0.0050105299	288.6
0.2293638047	0.0128984609	-0.0050105285	288.8
0.2259148208	0.0128333175	-0.0050105343	289
0.2225299398	0.012764374	-0.0050105361	289.2
0.2188995408	0.0126991857	-0.0050105445	289.4
0.215311458	0.0126308704	-0.0050105489	289.6
0.2117430669	0.0125632998	-0.0050105365	289.8
0.2082580515	0.0124950607	-0.005010533	290
0.2046414785	0.0124283919	-0.0050105277	290.2
0.2011388662	0.0123610411	-0.005010533	290.4
0.1976697717	0.0122906036	-0.0050105392	290.6
0.1940242896	0.0122209558	-0.0050105405	290.8
0.1904424914	0.0121501505	-0.0050105272	291
0.1868862506	0.0120800226	-0.0050105387	291.2
0.1834347529	0.0120092801	-0.0050105432	291.4
0.1798232076	0.011939713	-0.0050105339	291.6
0.176279117	0.0118688493	-0.0050105277	291.8
0.1727568129	0.0117956393	-0.005010533	292
0.1691373072	0.0117233444	-0.0050105245	292.2
0.1656615091	0.0116492056	-0.0050105241	292.4
0.1620612761	0.0115776331	-0.0050105347	292.6
0.1586520947	0.0115027585	-0.0050105423	292.8
0.1550992056	0.011424748	-0.0050105427	293
0.1513921346	0.0113498824	-0.0050105334	293.2
0.1479460835	0.0112727377	-0.0050105352	293.4
0.1442691785	0.0111958577	-0.0050105627	293.6
0.1406802578	0.0111159269	-0.0050105321	293.8
0.137123179	0.0110420169	-0.0050105636	294
0.1336943059	0.0109612516	-0.0050105498	294.2
0.1301405788	0.01088041	-0.0050105343	294.4
0.1265064091	0.0108011657	-0.0050105467	294.6
0.1229589666	0.0107188615	-0.0050105485	294.8
0.1193830341	0.0106364363	-0.0050105418	295
0.1158050066	0.0105506372	-0.0050105445	295.2
0.1121624574	0.0104674537	-0.0050105552	295.4
0.1086564932	0.0103863115	-0.0050105454	295.6
0.1053051301	0.0102982647	-0.0050105445	295.8
0.1016219405	0.0102110165	-0.0050105458	296
0.0981105297	0.0101220141	-0.0050105552	296.2
0.0948760599	0.0100322624	-0.0050105565	296.4
0.0914358745	0.0099414071	-0.00501056	296.6
0.0878243293	0.0098524989	-0.0050105525	296.8
0.0844055115	0.009762487	-0.0050105609	297
0.081043255	0.0096670914	-0.0050105472	297.2
0.0773315753	0.0095746388	-0.005010556	297.4
0.0738268681	0.0094795079	-0.0050105489	297.6
0.0702664375	0.0093855659	-0.0050105645	297.8
0.0667726236	0.0092918886	-0.0050105636	298
0.063365956	0.0091925538	-0.0050105543	298.2
0.0596894699	0.009098042	-0.0050105671	298.4
0.0562019406	0.009001296	-0.0050105503	298.6
0.0526222373	0.0089060035	-0.0050105525	298.8
0.0491313562	0.0088094818	-0.0050105574	299
0.0455713446	0.0087213273	-0.0050105596	299.2
0.0421227797	0.0086405979	-0.0050105667	299.4
0.0389251796	0.0085526094	-0.0050105583	299.6
0.0355214448	0.0084615387	-0.005010568	299.8
0.0315655039	0.0083856996	-0.0050105698	300
0.0279149942	0.0083430468	-0.0050105707	300.2
