Calibrated Field (T)	Sample Voltage (V)	Sample Current (A)	Acquisition Time (s)
Teslas	Volts	Amps	Seconds
0.00582104236077	0.0061344955	0.0101500384	0
0.005931511510041	0.0061342218	0.0101496804	0.3333333333
0.0075259263467934	0.0061344192	0.0101479354	0.6666666667
0.00952027263556199	0.0061348096	0.0101498594	1
0.01173693784458	0.0061345942	0.0101493225	1.3333333
0.0140855849179429	0.0061356485	0.0101500384	1.6666667
0.016445869472196	0.0061357383	0.0101492777	2
0.0188424925401726	0.0061360075	0.0101504411	2.3333333
0.0212286426788991	0.0061353435	0.0101504858	2.6666667
0.0236061496993633	0.0061359312	0.010149054	3
0.026133779857536	0.0061382821	0.010149054	3.3333333
0.0286495387095518	0.0061456579	0.0101480696	3.6666667
0.0311370864166487	0.0061540477	0.0101499936	4
0.033637653071308	0.0061629534	0.0101491435	4.3333333
0.0361422316123225	0.0061755785	0.0101485618	4.6666667
0.0386594927053618	0.0061883605	0.0101482933	5
0.0412297513896486	0.0062036281	0.0101480249	5.3333333
0.0437668672857791	0.0062192501	0.0101487408	5.6666667
0.04633368211134	0.0062368417	0.0101478906	6
0.04890709531197	0.0062530604	0.0101489645	6.3333333
0.0514860595208576	0.0062740035	0.0101495015	6.6666667
0.0541617598300314	0.0062933313	0.0101487408	7
0.0568217129207988	0.0063148262	0.0101485171	7.3333333
0.0594602895092559	0.0063367024	0.0101476669	7.6666667
0.0621081868519949	0.0063598707	0.0101482486	8
0.0647609976832971	0.006383214	0.010148696	8.3333333
0.0674174226756243	0.0064086884	0.0101501279	8.6666667
0.0700959213311632	0.0064310312	0.0101478011	9
0.0727764335928261	0.0064586905	0.010149412	9.3333333
0.0755348017948607	0.0064838643	0.0101479354	9.6666667
0.0783211272789647	0.0065107968	0.0101482933	10
0.081107329765605	0.0065365404	0.0101493672	10.3333333
0.0838894500357408	0.0065654021	0.0101484723	10.6666667
0.086683999745648	0.0065946496	0.0101478459	11
0.089475895883322	0.0066220667	0.0101477564	11.3333333
0.0922647135817279	0.0066512469	0.0101482039	11.6666667
0.0950574898066742	0.0066808848	0.0101478011	12
0.0978469415507095	0.0067109174	0.0101475327	12.3333333
0.100628675981444	0.0067411116	0.0101482933	12.6666667
0.10341519586499	0.0067727864	0.0101506201	13
0.106195563921694	0.0068005579	0.010148875	13.3333333
0.10899831605587	0.0068364275	0.0101487855	13.6666667
0.111801357491426	0.0068657513	0.0101485618	14
0.11459466082275	0.0068975158	0.0101482933	14.3333333
0.117393961187856	0.0069294462	0.0101496804	14.6666667
0.120199631837068	0.006963925	0.0101484276	15
0.122868856696027	0.0069948146	0.0101476669	15.3333333
0.125577796502569	0.0070298318	0.010148696	15.6666667
0.128308914218858	0.0070613181	0.0101485171	16
0.131042992422411	0.0070970711	0.0101492777	16.3333333
0.13378179899686	0.0071323126	0.0101497699	16.6666667
0.136528054957038	0.0071670786	0.0101482039	17
0.139275236411794	0.0071996596	0.0101489198	17.3333333
0.142031639828643	0.007237261	0.0101489198	17.6666667
0.144789972301648	0.0072723858	0.0101482933	18
0.147551113397505	0.0073076274	0.0101490988	18.3333333
0.150313962596691	0.0073438828	0.010148875	18.6666667
0.153082322807491	0.007382404	0.0101478906	19
0.15585485894704	0.0074158509	0.0101491882	19.3333333
0.158642492008555	0.0074544079	0.0101498594	19.6666667
0.161433412403304	0.0074917177	0.0101487408	20
0.164227118266081	0.0075275739	0.0101486066	20.3333333
0.167055345641362	0.0075654445	0.0101474879	20.6666667
0.169889282038192	0.0076036605	0.0101484723	21
0.172728342752575	0.0076423881	0.0101484276	21.3333333
0.175559921870472	0.0076793838	0.0101497699	21.6666667
0.178394120768538	0.0077200316	0.010149233	22
0.181231022161832	0.0077562781	0.0101489645	22.3333333
0.18407525330561	0.0077999452	0.0101498594	22.6666667
0.1869243602567	0.0078372281	0.0101498147	23
0.189779701076538	0.0078782662	0.0101486066	23.3333333
0.192637928659581	0.0079164957	0.0101491882	23.6666667
0.195500695872592	0.0079600148	0.0101491882	24
0.198365129748273	0.0079977149	0.0101481144	24.3333333
0.201234471610482	0.008040247	0.0101495462	24.6666667
0.204103633944257	0.0080783509	0.0101501279	25
0.206976272423264	0.0081203267	0.0101494567	25.3333333
0.209846208274318	0.0081628229	0.0101491882	25.6666667
0.212724845855789	0.0082033226	0.0101494567	26
0.215605449423306	0.0082442081	0.0101486513	26.3333333
0.218495307155252	0.0082877766	0.010149233	26.6666667
0.221375174069731	0.0083307439	0.0101483381	27
0.22426151887826	0.0083714858	0.0101486513	27.3333333
0.227155188764664	0.0084145159	0.0101484276	27.6666667
0.230040345731081	0.0084571243	0.010149412	28
0.232926989764086	0.0085017157	0.0101485171	28.3333333
0.235814462640132	0.0085423051	0.0101491435	28.6666667
0.238685512610524	0.0085873093	0.0101497252	29
0.241557828713801	0.008627616	0.0101493672	29.3333333
0.244433777504468	0.0086747199	0.0101495909	29.6666667
0.247312631431805	0.0087166597	0.0101489645	30
0.250195702705146	0.0087623324	0.0101492777	30.3333333
0.253080758421914	0.0088051381	0.0101497252	30.6666667
0.255968571972374	0.0088507659	0.0101493225	31
0.258854631425544	0.0088928852	0.010149054	31.3333333
0.261743177082021	0.0089413216	0.0101505753	31.6666667
0.264628301848242	0.0089829474	0.0101496804	32
0.26751662647069	0.009029459	0.0101490093	32.3333333
0.270400733659507	0.0090727134	0.0101500831	32.6666667
0.273285066454349	0.0091210645	0.0101486066	33
0.276168602784739	0.0091638389	0.0101492777	33.3333333
0.27905389786519	0.0092109696	0.0101481591	33.6666667
0.281935615604705	0.0092549105	0.0101491435	34
0.28479577233367	0.0093004665	0.0101490093	34.3333333
0.287650988902598	0.0093469242	0.0101477564	34.6666667
0.290503885015876	0.009392063	0.0101498594	35
0.293352282902312	0.0094366095	0.0101486513	35.3333333
0.296200266374434	0.009485831	0.0101499042	35.6666667
0.299045915650089	0.0095318401	0.0101510228	36
0.301892398201492	0.0095751663	0.0101510228	36.3333333
0.304737379895682	0.0096236161	0.0101494567	36.6666667
0.307579405717989	0.0096680998	0.0101507991	37
0.310420635009481	0.0097178776	0.0101501279	37.3333333
0.313258991403604	0.0097626215	0.0101499042	37.6666667
0.31609689188167	0.0098110758	0.0101492777	38
0.318932766670311	0.0098554698	0.0101494567	38.3333333
0.321767867893435	0.0099064186	0.010149412	38.6666667
0.324601712218286	0.0099522213	0.010149233	39
0.327436638454286	0.0099999353	0.0101489198	39.3333333
0.330267434967	0.0100447062	0.0101501726	39.6666667
0.333098272866857	0.0100945333	0.0101496804	40
0.335928406329	0.010139681	0.0101496357	40.3333333
0.338759768989286	0.0101896473	0.0101497252	40.6666667
0.341586753318	0.0102345662	0.0101495909	41
0.344415809287286	0.0102838101	0.0101496357	41.3333333
0.347238723547286	0.0103311876	0.0101500384	41.6666667
0.350067033691714	0.0103813378	0.0101507991	42
0.352877406363	0.010426638	0.0101503516	42.3333333
0.355689593075572	0.0104763844	0.0101496804	42.6666667
0.358497055945286	0.0105219987	0.0101499489	43
0.361307654105143	0.010572943	0.0101500831	43.3333333
0.364118464195714	0.0106219088	0.0101500384	43.6666667
0.366923882826	0.0106688286	0.0101495015	44
0.369724720470429	0.0107158293	0.0101490988	44.3333333
0.372522781751143	0.0107667422	0.0101506201	44.6666667
0.375316308	0.0108149228	0.0101510675	45
0.378110377562143	0.0108616363	0.0101504411	45.3333333
0.380902398318	0.0109116833	0.0101501279	45.6666667
0.383690537816143	0.0109591999	0.0101505306	46
0.386476034531143	0.0110102473	0.0101504411	46.3333333
0.389258612168143	0.0110568218	0.0101497699	46.6666667
0.392038349077286	0.0111075911	0.0101507096	47
0.394813702945286	0.0111530843	0.0101499042	47.3333333
0.397588297145143	0.0112066487	0.0101493225	47.6666667
0.400358425386857	0.0112527116	0.0101496804	48
0.403126329854571	0.0113038623	0.0101492777	48.3333333
0.405888571276714	0.0113519038	0.0101500384	48.6666667
0.408648869786571	0.0114025699	0.0101491882	49
0.411404103794571	0.0114503827	0.0101504858	49.3333333
0.414158785355571	0.0115015109	0.0101495015	49.6666667
0.416898208761429	0.0115474034	0.0101492777	50
0.419636812701857	0.0115976792	0.0101497699	50.3333333
0.422372074131	0.0116461155	0.0101487855	50.6666667
0.425075332452429	0.011696647	0.0101494567	51
0.427774157069143	0.0117445988	0.0101505753	51.3333333
0.430468262552572	0.011796723	0.0101477564	51.6666667
0.433157257437429	0.0118422117	0.0101495462	52
0.435844870990714	0.0118935463	0.0101500384	52.3333333
0.438526444019143	0.0119451008	0.0101493672	52.6666667
0.441205121089286	0.011993573	0.0101499489	53
0.443876781468857	0.0120416325	0.0101489645	53.3333333
0.446544901392429	0.0120944028	0.0101490988	53.6666667
0.449206994491714	0.0121440235	0.0101503964	54
0.451867991830714	0.0121905217	0.010150978	54.3333333
0.454523335400571	0.012242803	0.0101482486	54.6666667
0.457173549961714	0.0122904183	0.0101497252	55
0.459818690744571	0.0123426502	0.0101486513	55.3333333
0.462460949412429	0.0123913108	0.0101486513	55.6666667
0.46509569874	0.0124413444	0.0101495015	56
0.467725342178571	0.0124890718	0.0101495015	56.3333333
0.470350344691286	0.0125433182	0.0101499042	56.6666667
0.472971700854	0.0125891299	0.010149233	57
0.475592389256571	0.0126408862	0.010149412	57.3333333
0.478203828060857	0.0126891476	0.0101499489	57.6666667
0.480812430846857	0.0127420345	0.0101499489	58
0.483417621905143	0.0127899504	0.0101491882	58.3333333
0.486020151912857	0.0128425772	0.0101495462	58.6666667
0.488624601713143	0.0128899771	0.0101500831	59
0.491217679468286	0.0129414598	0.0101514702	59.3333333
0.493804569274714	0.0129921483	0.010148696	59.6666667
0.496390717823143	0.0130407507	0.0101503069	60
0.498968146243286	0.0130905329	0.0101496357	60.3333333
0.501542577378	0.0131409792	0.0101504858	60.6666667
0.504113670568286	0.0131889445	0.0101501726	61
0.506681490178286	0.0132409566	0.0101512913	61.3333333
0.509244475484572	0.0132925424	0.0101498594	61.6666667
0.511811038209857	0.0133407051	0.0101502621	62
0.514364746231286	0.0133906982	0.0101495909	62.3333333
0.516913187239286	0.0134426744	0.0101500831	62.6666667
0.519460928519143	0.013494009	0.0101500831	63
0.522001828076143	0.0135426338	0.0101497699	63.3333333
0.524538123527572	0.0135946907	0.0101491435	63.6666667
0.527069372887286	0.0136421265	0.0101494567	64
0.529596414030857	0.0136953186	0.0101492777	64.3333333
0.532118413649572	0.013743387	0.0101490988	64.6666667
0.534638737374429	0.0137942236	0.0101499936	65
0.537150815210572	0.0138410762	0.0101496357	65.3333333
0.539660798143715	0.0138957488	0.0101501279	65.6666667
0.542166743404286	0.0139420585	0.0101493225	66
0.544669764877286	0.0139943218	0.0101503964	66.3333333
0.547165198945286	0.0140422961	0.0101487855	66.6666667
0.549659178041143	0.0140924417	0.0101501726	67
0.552146849593715	0.0141415331	0.0101506201	67.3333333
0.554631569957572	0.0141939938	0.0101501726	67.6666667
0.557111741303572	0.0142412951	0.0101506201	68
0.559586364917143	0.0142929303	0.0101497699	68.3333333
0.562056356595858	0.0143450411	0.0101500384	68.6666667
0.564524552786143	0.0143930377	0.0101504411	69
0.566985350239715	0.0144430533	0.0101502621	69.3333333
0.569442515043857	0.0144949532	0.0101503964	69.6666667
0.571895204613429	0.0145454578	0.0101495909	70
0.574343009215714	0.0145931763	0.0101494567	70.3333333
0.576784579915286	0.014646799	0.0101503069	70.6666667
0.579222343140429	0.0146932658	0.0101503069	71
0.581653623711857	0.0147432096	0.0101501279	71.3333333
0.584082735739714	0.0147959126	0.0101501279	71.6666667
0.586509264781714	0.0148464037	0.0101499936	72
0.588926866617	0.0148946292	0.0101495015	72.3333333
0.591340646991857	0.0149465874	0.0101507991	72.6666667
0.593751043325572	0.0149955307	0.0101502621	73
0.596159220452143	0.0150488484	0.0101496357	73.3333333
0.598558792620857	0.0150968136	0.0101504858	73.6666667
0.600954354660857	0.0151492115	0.0101500384	74
0.603343567627714	0.0151981593	0.0101500831	74.3333333
0.605729622042	0.0152520782	0.0101512465	74.6666667
0.608109985866857	0.0152982084	0.0101495462	75
0.610490455585715	0.0153497494	0.0101493672	75.3333333
0.612859028356286	0.0153993433	0.0101518282	75.6666667
0.615228696887143	0.0154509202	0.0101507096	76
0.617588245548	0.0155003076	0.0101500384	76.3333333
0.619946058517715	0.0155514448	0.0101505306	76.6666667
0.622301440635	0.0155976469	0.0101499936	77
0.624649400895857	0.015651983	0.0101493225	77.3333333
0.626990197185	0.0157017967	0.0101496357	77.6666667
0.629331642538715	0.0157502913	0.0101491435	78
0.631659344792143	0.0158000601	0.0101499489	78.3333333
0.63398932605	0.0158514979	0.0101499042	78.6666667
0.636309661677429	0.0159031511	0.0101495909	79
0.638627290014857	0.0159512285	0.0101497252	79.3333333
0.640937542735286	0.0160020068	0.0101499489	79.6666667
0.643243739230286	0.0160488414	0.0101500384	80
0.645547113407572	0.0161029532	0.010149233	80.3333333
0.647840768313858	0.0161487604	0.0101497699	80.6666667
0.650136702224572	0.0161991394	0.0101497699	81
0.652421788850572	0.0162462612	0.0101500831	81.3333333
0.654697897606286	0.0162973401	0.0101492777	81.6666667
0.656976151785857	0.0163434614	0.0101497252	82
0.659244221731286	0.0163963079	0.0101498147	82.3333333
0.661503166382572	0.0164419043	0.0101497699	82.6666667
0.663764344084286	0.0164938042	0.0101497252	83
0.666011525225143	0.0165397909	0.0101501279	83.3333333
0.668262131794286	0.0165923817	0.0101501726	83.6666667
0.670498856973	0.0166382653	0.0101504411	84
0.672732552755572	0.0166901966	0.0101483381	84.3333333
0.674963739335572	0.0167365467	0.0101497699	84.6666667
0.677185073064001	0.0167862303	0.0101494567	85
0.679397755737858	0.016836349	0.0101501279	85.3333333
0.681613242319286	0.0168853955	0.0101489645	85.6666667
0.683817494860286	0.0169318937	0.0101496804	86
0.686015306277429	0.0169837128	0.0101507543	86.3333333
0.688203812865858	0.017034047	0.0101498594	86.6666667
0.690395592891858	0.0170785486	0.0101501279	87
0.692576613117	0.0171283309	0.0101493672	87.3333333
0.694752103877143	0.0171769691	0.0101496804	87.6666667
0.696920987822143	0.0172269668	0.0101499936	88
0.699081077855572	0.0172739315	0.0101499936	88.3333333
0.701232751742143	0.0173255981	0.0101505306	88.6666667
0.703378651979572	0.0173705843	0.0101494567	89
0.705516389102572	0.017424732	0.0101489645	89.3333333
0.707649439345715	0.017470279	0.0101499489	89.6666667
0.709778134091572	0.0175201151	0.0101485618	90
0.711908297510144	0.0175664159	0.0101492777	90.3333333
0.714027797888143	0.0176178492	0.010149233	90.6666667
0.716140069787572	0.0176642397	0.0101498147	91
0.718247171291143	0.0177153948	0.0101491435	91.3333333
0.720345396108858	0.0177606682	0.0101500384	91.6666667
0.722431489070572	0.0178110965	0.0101498147	92
0.724510698922286	0.0178570742	0.0101499489	92.3333333
0.726584554276715	0.0179086915	0.0101510228	92.6666667
0.728656328571429	0.017953893	0.0101507096	93
0.730727739087429	0.0180052635	0.0101496357	93.3333333
0.732775208283001	0.0180514387	0.0101498594	93.6666667
0.734827843307572	0.0181013645	0.0101495015	94
0.736863309660858	0.0181500521	0.0101508885	94.3333333
0.738891566088429	0.018197959	0.0101501279	94.6666667
0.740918132778858	0.0182418909	0.0101499936	95
0.742938520797001	0.0182939389	0.0101504411	95.3333333
0.744952412318143	0.0183397551	0.0101495462	95.6666667
0.746952975038572	0.0183859437	0.0101501279	96
0.748944370935001	0.0184333257	0.0101495462	96.3333333
0.750926471279143	0.0184818831	0.0101502174	96.6666667
0.752903382817286	0.0185292562	0.0101498594	97
0.754881233558144	0.0185735649	0.0101493225	97.3333333
0.756839774628001	0.0186225262	0.0101505753	97.6666667
0.758793255762858	0.0186666779	0.0101493672	98
0.760748049298286	0.018715841	0.0101500384	98.3333333
0.762683818591286	0.0187587006	0.010148875	98.6666667
0.764612981069144	0.018806787	0.0101501279	99
0.766535550432429	0.0188511855	0.0101497699	99.3333333
0.768456655689858	0.0189010979	0.0101496804	99.6666667
0.770368152137143	0.0189415437	0.0101501726	100
0.772272677990572	0.0189910837	0.0101507096	100.3333333
0.774160210283144	0.0190328711	0.0101502174	100.6666667
0.776041596014143	0.0190806075	0.0101491882	101
0.777914887704429	0.0191252796	0.0101496804	101.3333333
0.779788635081429	0.0191698037	0.0101482486	101.6666667
0.781647014127858	0.0192103528	0.0101499936	102
0.783497883976715	0.0192592467	0.0101499489	102.3333333
0.785346253614001	0.0192993741	0.0101501279	102.6666667
0.787183849749858	0.0193454774	0.0101495015	103
0.789007896020572	0.0193875249	0.010149412	103.3333333
0.790824672425572	0.0194310934	0.0101495909	103.6666667
0.792634174398001	0.0194719161	0.0101485618	104
0.794441912992715	0.0195187373	0.010149054	104.3333333
0.796237243579286	0.0195616418	0.0101495462	104.6666667
0.798034323700286	0.0196022447	0.0101500831	105
0.799821739780715	0.0196450729	0.0101491882	105.3333333
0.801592917258858	0.0196885202	0.0101495909	105.6666667
0.803356083613286	0.01973116	0.0101497252	106
0.805117974530143	0.0197713187	0.0101499489	106.3333333
0.806875081949572	0.0198140078	0.0101489198	106.6666667
0.808613294140286	0.0198518694	0.0101499042	107
0.810342776783572	0.0198969723	0.0101498594	107.3333333
0.812071734666429	0.0199343404	0.0101500384	107.6666667
0.813788385868286	0.0199777249	0.0101479801	108
0.815495258001858	0.020016282	0.0101505753	108.3333333
0.817205711978572	0.0200600658	0.0101502174	108.6666667
0.818889397750286	0.0200970436	0.0101496357	109
0.820584073521	0.0201399705	0.0101498147	109.3333333
0.822258058574572	0.0201776123	0.0101490988	109.6666667
0.823927034214	0.0202190541	0.010149412	110
0.825584057674715	0.020258347	0.0101498147	110.3333333
0.827229580219286	0.020297752	0.0101495909	110.6666667
0.828872285013	0.0203336889	0.0101489645	111
0.830509211590715	0.020376203	0.0101490988	111.3333333
0.832129020160715	0.0204141275	0.0101499936	111.6666667
0.833759399720572	0.0204513027	0.0101494567	112
0.835363080149143	0.0204910486	0.0101496357	112.3333333
0.836968219974001	0.0205292961	0.0101498147	112.6666667
0.838569524637858	0.0205639947	0.0101504858	113
0.840148724999572	0.0206056699	0.0101493225	113.3333333
0.841735416291429	0.0206427778	0.0101491882	113.6666667
0.843306218916429	0.0206784366	0.0101495909	114
0.844867122735858	0.020718537	0.0101499936	114.3333333
0.846426939928715	0.0207555237	0.0101497252	114.6666667
0.847977774541715	0.0207928963	0.010149412	115
0.849520404653143	0.0208289275	0.0101506201	115.3333333
0.851055728078572	0.0208674217	0.0101503516	115.6666667
0.852587446541143	0.0209019454	0.0101512018	116
0.854122051685572	0.0209414132	0.0101493672	116.3333333
0.855644096973858	0.0209753177	0.0101498594	116.6666667
0.857155106166429	0.0210132511	0.0101500831	117
0.858648721056429	0.0210490176	0.0101483381	117.3333333
0.860139688596429	0.0210863094	0.0101496804	117.6666667
0.861631857790715	0.0211190295	0.0101495909	118
0.863125141155429	0.0211575731	0.010149412	118.3333333
0.864608037774429	0.0211915314	0.0101492777	118.6666667
0.866083977500143	0.0212284689	0.0101491882	119
0.867548167558715	0.0212648769	0.0101485618	119.3333333
0.869005212198429	0.0212999165	0.0101496804	119.6666667
0.870449995968429	0.021332484	0.0101486066	120
0.871890157365429	0.0213710007	0.010149412	120.3333333
0.873315115980429	0.0214059102	0.010148875	120.6666667
0.874732666582286	0.0214389399	0.010149412	121
0.876144540438	0.0214749217	0.0101501726	121.3333333
0.877554567856286	0.021508566	0.0101496357	121.6666667
0.878950410188143	0.0215445478	0.0101502174	122
0.880350138344572	0.0215779498	0.0101488303	122.3333333
0.881741556105429	0.0216120428	0.0101507543	122.6666667
0.883128945327429	0.0216448257	0.0101483828	123
0.884507153882143	0.0216806056	0.0101492777	123.3333333
0.885884091708857	0.0217142768	0.0101502621	123.6666667
0.887269330797429	0.0217485223	0.0101503069	124
0.888637709620286	0.0217824538	0.0101492777	124.3333333
0.890007497318572	0.021816789	0.0101500384	124.6666667
0.891358389788143	0.0218477997	0.0101495015	125
0.892696100880857	0.0218847372	0.0101499042	125.3333333
0.894033213287143	0.0219142898	0.0101497252	125.6666667
0.895363474836857	0.0219495717	0.0101493672	126
0.896702714399572	0.0219814079	0.0101486066	126.3333333
0.898041346284857	0.0220151823	0.0101476669	126.6666667
0.899357915255143	0.0220452778	0.0101487408	127
0.900663986876143	0.0220819236	0.0101487408	127.3333333
0.901960035387429	0.0221104354	0.0101502621	127.6666667
0.903272732376429	0.0221455378	0.0101494567	128
0.904575392412429	0.0221786976	0.010148696	128.3333333
0.905854037344715	0.022209825	0.0101496804	128.6666667
0.907135569101572	0.0222397141	0.0101495015	129
0.908424274106571	0.0222755388	0.0101495909	129.3333333
0.909705879646714	0.0223069623	0.0101489198	129.6666667
0.910960583401286	0.0223388434	0.0101482933	130
0.912217722717857	0.0223711373	0.0101490988	130.3333333
0.913483485545143	0.0224015469	0.010149412	130.6666667
0.914732806973143	0.0224339529	0.0101496804	131
0.915979761912857	0.0224671127	0.010147309	131.3333333
0.917237393879143	0.0224973248	0.0101504411	131.6666667
0.918465195990857	0.0225279946	0.0101486066	132
0.919692316641857	0.0225614325	0.0101487408	132.3333333
0.920932848867857	0.0225898904	0.010148875	132.6666667
0.922143215147143	0.0226229156	0.010148696	133
0.923359884402857	0.0226540654	0.0101490988	133.3333333
0.924588331012286	0.0226842192	0.0101485171	133.6666667
0.925788793919143	0.0227143147	0.0101485618	134
0.926998492581	0.0227476898	0.0101482933	134.3333333
0.928205635943572	0.0227746358	0.0101502621	134.6666667
0.929393396137286	0.0228084237	0.0101496357	135
0.930584273353714	0.0228368726	0.0101487408	135.3333333
0.931761563884714	0.0228688121	0.0101489645	135.6666667
0.932939802752143	0.0228964849	0.010149233	136
0.934127042609572	0.022930515	0.0101478459	136.3333333
0.935282661690858	0.0229564739	0.0101483381	136.6666667
0.936450711614572	0.0229904099	0.0101486066	137
0.937606947507	0.0230189261	0.010149412	137.3333333
0.938767981025572	0.0230484922	0.0101486513	137.6666667
0.939907720573715	0.0230763803	0.0101483828	138
0.941058403881429	0.023109244	0.0101486066	138.3333333
0.942206656194	0.0231372577	0.0101480249	138.6666667
0.943337307125572	0.0231663258	0.0101483381	139
0.944484408590143	0.0231971526	0.0101495462	139.3333333
0.945602619260143	0.0232248927	0.0101487855	139.6666667
0.946737004168286	0.0232561457	0.0101495462	140
0.947854022460429	0.023284635	0.0101482933	140.3333333
0.948989291340857	0.0233135505	0.010148875	140.6666667
0.950102925449143	0.0233421745	0.0101478906	141
0.951228074459572	0.0233737505	0.0101481591	141.3333333
0.952324696596857	0.0233979373	0.0101477117	141.6666667
0.953441318856857	0.0234282167	0.0101482039	142
0.954527236423715	0.0234575898	0.0101490988	142.3333333
0.955638831002143	0.0234858952	0.0101487408	142.6666667
0.956729007448715	0.0235112036	0.010149054	143
0.957819639582	0.023543336	0.0101482039	143.3333333
0.958906468807715	0.0235676169	0.0101503069	143.6666667
0.959977225122429	0.0235980624	0.0101477117	144
0.961055205206143	0.0236255288	0.0101495015	144.3333333
0.962134101515572	0.0236534663	0.0101488303	144.6666667
0.963214263986143	0.0236799636	0.0101491435	145
0.964266769569857	0.0237109743	0.0101489645	145.3333333
0.965342562699858	0.023734524	0.010149233	145.6666667
0.966397282923858	0.0237648662	0.0101480696	146
0.967449033406286	0.0237923909	0.0101478011	146.3333333
0.968482381452429	0.0238185742	0.0101476669	146.6666667
0.969510738637286	0.023843757	0.0101484276	147
0.970562696340857	0.0238741216	0.0101480696	147.3333333
0.971594000147572	0.0238998293	0.0101491435	147.6666667
0.972630552557572	0.0239272688	0.0101477117	148
0.973647910609715	0.0239532367	0.0101498147	148.3333333
0.974658178330715	0.0239789534	0.0101482933	148.6666667
0.975680849350286	0.0240076266	0.0101484276	149
0.976681982500715	0.0240340252	0.0101492777	149.3333333
0.977700445446858	0.0240598047	0.0101481144	149.6666667
0.978715759116857	0.0240858713	0.0101478906	150
0.979711523926715	0.0241139254	0.0101486066	150.3333333
0.980727643361572	0.0241366989	0.0101489645	150.6666667
0.981726041678143	0.0241656908	0.010149054	151
0.982716668202858	0.0241898999	0.0101491435	151.3333333
0.983717175123	0.0242163075	0.0101478906	151.6666667
0.98469762669	0.0242408083	0.0101478011	152
0.985682898717429	0.0242694143	0.010148875	152.3333333
0.986662217703858	0.0242902138	0.0101486066	152.6666667
0.987624621194143	0.0243194164	0.0101481591	153
0.988597830439286	0.0243439442	0.0101483381	153.3333333
0.989559354524143	0.0243694769	0.0101480696	153.6666667
0.990500114251286	0.0243940405	0.0101483828	154
0.991452241456715	0.0244201654	0.0101480249	154.3333333
0.992389571046	0.0244421448	0.0101480249	154.6666667
0.993323327925858	0.0244708585	0.0101477564	155
0.994278967900715	0.0244956195	0.0101491435	155.3333333
0.995224230263572	0.0245186846	0.0101486513	155.6666667
0.996154354494001	0.0245422747	0.0101498147	156
0.997091997198429	0.0245687271	0.010148875	156.3333333
0.998013419710715	0.0245929453	0.0101473537	156.6666667
0.998920735201286	0.0246167417	0.0101484723	157
0.999847908100286	0.0246408343	0.0101481591	157.3333333
1.00077722642314	0.0246640026	0.0101493672	157.6666667
1.00169056859529	0.0246905672	0.0101488303	158
1.00258954600371	0.0247125062	0.0101495462	158.3333333
1.00350123996857	0.0247352394	0.0101493225	158.6666667
1.00441199016386	0.0247603773	0.0101490093	159
1.00530839386286	0.0247837205	0.0101485618	159.3333333
1.00621230233529	0.0248048251	0.0101496357	159.6666667
1.00711901000572	0.0248324934	0.0101493225	160
1.00801811171829	0.0248550919	0.0101485618	160.3333333
1.00893201561386	0.0248781032	0.0101478906	160.6666667
1.00983295434472	0.0249006972	0.0101479801	161
1.01072362606714	0.0249266696	0.0101481144	161.3333333
1.01162115792257	0.0249459078	0.0101483828	161.6666667
1.01250615261343	0.0249722122	0.0101493225	162
1.01339249638243	0.0249947255	0.0101479801	162.3333333
1.01427400584772	0.0250161889	0.010149233	162.6666667
1.01514774823072	0.0250385227	0.0101486066	163
1.01603939140929	0.0250632927	0.0101488303	163.3333333
1.016903506572	0.0250847652	0.0101482486	163.6666667
1.01776822027843	0.0251093602	0.0101491435	164
1.01865666822686	0.0251300026	0.0101495909	164.3333333
1.01951507895686	0.0251521929	0.0101504411	164.6666667
1.02035794624586	0.0251739524	0.0101489198	165
1.02121958445943	0.0251969099	0.0101499489	165.3333333
1.02207683948914	0.0252193021	0.0101487855	165.6666667
1.02292388259814	0.0252415237	0.0101479801	166
1.02375995897057	0.0252628705	0.0101490988	166.3333333
1.02460882539729	0.0252843026	0.0101497699	166.6666667
1.02546428479586	0.025308606	0.0101484276	167
1.026289145538	0.025328387	0.0101482933	167.3333333
1.02712472455114	0.0253491999	0.0101499936	167.6666667
1.02797136249429	0.0253720586	0.0101496357	168
1.02882106679657	0.0253944912	0.0101483828	168.3333333
1.029640563765	0.0254122936	0.010148696	168.6666667
1.03045605973843	0.0254377905	0.0101491435	169
1.03127858624572	0.0254567818	0.0101495462	169.3333333
1.03210066605729	0.0254774332	0.0101488303	169.6666667
1.03291296680057	0.0254993094	0.0101491882	170
1.03370680959172	0.0255211318	0.0101500831	170.3333333
1.03452551007172	0.025540536	0.010149412	170.6666667
1.035328220415	0.0255641395	0.0101490988	171
1.03613729367472	0.0255836333	0.0101490988	171.3333333
1.03691430402943	0.0256043475	0.0101482486	171.6666667
1.03772006232172	0.0256227961	0.0101491882	172
1.03851161697472	0.0256457086	0.0101493225	172.3333333
1.039310243406	0.0256654403	0.0101496804	172.6666667
1.04007526932857	0.0256863519	0.0101490093	173
1.04084399226472	0.0257061374	0.0101495462	173.3333333
1.04162226421372	0.0257264164	0.0101496357	173.6666667
1.04240600568772	0.025748333	0.0101489198	174
1.04318455378886	0.0257662745	0.0101495909	174.3333333
1.04393652706286	0.0257856922	0.0101486513	174.6666667
1.04470581172243	0.0258067428	0.0101496357	175
1.045460929563	0.0258256086	0.0101497252	175.3333333
1.04623247025	0.0258440706	0.010148875	175.6666667
1.04696567259943	0.0258674767	0.0101495462	176
1.047710035206	0.0258850055	0.0101503516	176.3333333
1.04845402033329	0.025904127	0.0101485618	176.6666667
1.04921510049129	0.0259249354	0.0101493672	177
1.04997512156657	0.0259443485	0.0101495909	177.3333333
1.05069388551171	0.0259606928	0.0101477117	177.6666667
1.051429339179	0.025982578	0.0101495462	178
1.05215062160314	0.026000551	0.0101497699	178.3333333
1.05289719885	0.0260201211	0.0101504858	178.6666667
1.05362470590043	0.0260392606	0.0101503516	179
1.05433255819671	0.0260589159	0.0101482933	179.3333333
1.05505004213743	0.0260746546	0.0101493672	179.6666667
1.055764330848	0.0260969346	0.0101500831	180
1.05647882677971	0.0261153158	0.0101502621	180.3333333
1.05720966264086	0.0261324991	0.0101486513	180.6666667
1.05789649711886	0.0261527467	0.0101491435	181
1.05859513649443	0.0261705851	0.010150978	181.3333333
1.05931036455043	0.0261889529	0.010150978	181.6666667
1.060031112795	0.0262078725	0.0101506201	182
1.06076520839314	0.0262254506	0.010151157	182.3333333
1.061472945519	0.0262431409	0.0101498594	182.6666667
1.06216989059057	0.0262631462	0.010149412	183
1.06287503088729	0.0262789746	0.0101496357	183.3333333
1.063582984368	0.0262978852	0.0101489198	183.6666667
1.06429730076514	0.0263157999	0.0101498147	184
1.06501589887629	0.0263349842	0.0101508885	184.3333333
1.06569661904614	0.0263493903	0.0101500831	184.6666667
1.06638768015043	0.0263703737	0.0101504858	185
1.06708408647557	0.0263857355	0.0101491882	185.3333333
1.06778243585571	0.0264036502	0.0101498147	185.6666667
1.068474767688	0.0264223365	0.0101504858	186
1.06917223295314	0.026439282	0.0101493225	186.3333333
1.06984049916086	0.0264534055	0.0101501726	186.6666667
1.07052047807271	0.0264752907	0.0101496357	187
1.071208431288	0.0264898494	0.0101502174	187.3333333
1.07190005411571	0.0265067815	0.0101504858	187.6666667
1.07257093085314	0.0265248576	0.0101484723	188
1.07325019619357	0.026542521	0.0101496357	188.3333333
1.073914083927	0.0265562183	0.0101488303	188.6666667
1.07457495125529	0.026576264	0.0101497252	189
1.07524439599757	0.0265923168	0.010149054	189.3333333
1.07593425088071	0.0266082124	0.0101491435	189.6666667
1.07658178469871	0.0266248215	0.0101495015	190
1.07722203038357	0.0266419779	0.0101505306	190.3333333
1.07786762599886	0.0266566622	0.0101497699	190.6666667
1.07849879705314	0.0266759946	0.0101500831	191
1.07912450757343	0.0266914596	0.0101507096	191.3333333
1.07978799927471	0.0267070457	0.0101499489	191.6666667
1.08041895839829	0.0267252116	0.0101491882	192
1.08104476567886	0.0267389627	0.0101507991	192.3333333
1.08166839970629	0.0267552084	0.0101503069	192.6666667
1.08229729161343	0.0267728762	0.010149412	193
1.08291192465086	0.0267885969	0.0101504411	193.3333333
1.08354118490357	0.0268019623	0.0101508885	193.6666667
1.08417741118329	0.026821012	0.0101501726	194
1.084781975157	0.026834974	0.0101498594	194.3333333
1.08537327455143	0.0268507396	0.0101496357	194.6666667
1.08597718004143	0.0268681158	0.0101493672	195
1.08660750851057	0.0268824906	0.0101503069	195.3333333
1.08722168571857	0.0268971839	0.0101491882	195.6666667
1.08782976260443	0.0269159779	0.0101493672	196
1.08843868207543	0.0269286702	0.0101519624	196.3333333
1.08905096246786	0.0269449921	0.0101499936	196.6666667
1.08962726187729	0.0269609371	0.0101499489	197
1.09021408617986	0.0269741903	0.010150978	197.3333333
1.09080254498914	0.0269892874	0.0101501279	197.6666667
1.09141666239986	0.02700687	0.0101499489	198
1.09200013491471	0.0270207916	0.0101509333	198.3333333
1.09258557802843	0.0270353414	0.0101502621	198.6666667
1.093170261474	0.0270513178	0.0101497252	199
1.09374616485129	0.0270663835	0.0101502621	199.3333333
1.09431385445057	0.0270812428	0.0101507096	199.6666667
1.094879103921	0.02709647	0.0101501279	200
1.09548050477529	0.0271098174	0.0101521862	200.3333333
1.09608089278629	0.0271243447	0.0101512018	200.6666667
1.09665381272143	0.0271429996	0.0101514255	201
1.09720667259386	0.0271543639	0.010151336	201.3333333
1.09776443127686	0.0271693219	0.0101501279	201.6666667
1.09833021021729	0.0271848228	0.0101498594	202
1.09889264650371	0.0271977709	0.0101509333	202.3333333
1.09944360956057	0.0272108042	0.0101507991	202.6666667
1.10001676440343	0.0272279337	0.0101495909	203
1.10059226718171	0.0272405721	0.0101508885	203.3333333
1.10117178008871	0.0272544758	0.0101490988	203.6666667
1.10171527519243	0.0272701248	0.0101508885	204
1.10225336984486	0.0272832972	0.0101499042	204.3333333
1.10279074621629	0.0272961196	0.010148875	204.6666667
1.10334402038829	0.0273125043	0.0101484723	205
1.103901742251	0.0273260805	0.0101501279	205.3333333
1.10444570246057	0.0273400335	0.0101502174	205.6666667
1.10500022909314	0.0273552966	0.0101503964	206
1.10555541406671	0.0273679665	0.0101499936	206.3333333
1.10611164884657	0.0273808832	0.0101501726	206.6666667
1.10664190263343	0.0273969987	0.0101496357	207
1.107156069666	0.0274101711	0.0101510675	207.3333333
1.10766945405343	0.0274238729	0.0101508438	207.6666667
1.10821779730414	0.0274375074	0.0101498147	208
1.10878619605071	0.0274501503	0.0101511123	208.3333333
1.10934291877071	0.0274637983	0.0101508438	208.6666667
1.10988742215086	0.0274786083	0.0101502174	209
1.11042907566943	0.0274895733	0.0101498594	209.3333333
1.11098166852343	0.0275045358	0.0101503964	209.6666667
1.11152529720771	0.0275206737	0.0101492777	210
1.11204746166343	0.0275312395	0.0101493225	210.3333333
1.112566642677	0.0275454572	0.0101489645	210.6666667
1.11308513752029	0.0275588629	0.0101493225	211
1.11363849931886	0.0275705951	0.0101501726	211.3333333
1.114182026676	0.0275842745	0.0101492777	211.6666667
1.11472835794071	0.0275989184	0.0101511123	212
1.115246783853	0.0276101796	0.0101508438	212.3333333
1.11576673366843	0.0276243121	0.010149233	212.6666667
1.116286641954	0.0276381081	0.0101490093	213
1.11680483752543	0.0276499255	0.0101501726	213.3333333
1.11732452959886	0.027662748	0.0101507991	213.6666667
1.11781557491914	0.0276772573	0.0101501279	214
1.11830689182471	0.0276894741	0.0101507991	214.3333333
1.11879627509443	0.0277030413	0.0101497699	214.6666667
1.11931437875786	0.0277160207	0.0101501279	215
1.11984766194086	0.0277268916	0.0101499042	215.3333333
1.12037184751629	0.0277417284	0.0101497699	215.6666667
1.120876290711	0.0277558968	0.0101503516	216
1.12137569238086	0.0277656056	0.0101516492	216.3333333
1.12188407206371	0.0277784191	0.0101495909	216.6666667
1.12238739181157	0.0277917709	0.0101510228	217
1.12287685785557	0.0278026552	0.0101497699	217.3333333
1.12336474019914	0.0278176312	0.0101497252	217.6666667
1.12383224936486	0.0278306779	0.0101511123	218
1.12432752587829	0.0278409341	0.010149412	218.3333333
1.12481185377986	0.0278537296	0.010151515	218.6666667
1.12531782087772	0.0278686472	0.0101499489	219
1.12582416103071	0.0278778132	0.0101488303	219.3333333
1.12632209402786	0.0278921879	0.0101501726	219.6666667
1.126811449611	0.0279050418	0.0101516492	220
1.12730522976514	0.0279163298	0.010149233	220.3333333
1.12780904672957	0.0279279095	0.0101490093	220.6666667
1.12830546495729	0.0279423336	0.0101499489	221
1.128780363726	0.0279521232	0.0101499936	221.3333333
1.12926185560929	0.0279661211	0.0101512018	221.6666667
1.129715750403	0.0279796703	0.0101505753	222
1.13018811684943	0.0279896259	0.0101510675	222.3333333
1.13065749985371	0.0280021702	0.0101507096	222.6666667
1.13113628901386	0.02801554	0.0101508885	223
1.13162527639414	0.0280262896	0.0101511123	223.3333333
1.13209991727814	0.0280394082	0.0101506648	223.6666667
1.13256799273414	0.0280513692	0.0101502621	224
1.13305436030829	0.0280621054	0.0101507096	224.3333333
1.13354416244443	0.028075556	0.0101502174	224.6666667
1.13404366544143	0.0280878221	0.0101508438	225
1.13453598605657	0.0280985403	0.0101504858	225.3333333
1.13501548422129	0.028111466	0.0101496804	225.6666667
1.135486722654	0.0281243467	0.0101512018	226
1.135935018909	0.0281323058	0.0101504411	226.3333333
1.13640945257186	0.028147017	0.0101503516	226.6666667
1.13686905636514	0.0281603465	0.0101524994	227
1.13733378460029	0.0281686241	0.0101495909	227.3333333
1.13779358191414	0.0281825591	0.0101505306	227.6666667
1.13825347584557	0.0281947714	0.0101506648	228
1.13869160627657	0.0282045071	0.0101497699	228.3333333
1.13913397246757	0.0282183704	0.0101502174	228.6666667
1.13957358998143	0.0282292413	0.0101499489	229
1.140045385428	0.0282391205	0.0101502174	229.3333333
1.14053332756886	0.0282518847	0.0101502621	229.6666667
1.14100527043929	0.0282649808	0.0101519624	230
1.14148514165914	0.0282746133	0.0101522756	230.3333333
1.14194320313914	0.0282868884	0.0101500831	230.6666667
1.14239937708	0.0282993833	0.0101501726	231
1.14286907776629	0.02830946	0.0101504411	231.3333333
1.14333823513929	0.0283212954	0.0101505753	231.6666667
1.14381827205043	0.0283334987	0.0101501279	232
1.14429290836757	0.0283445086	0.0101503516	232.3333333
1.14474387965914	0.0283579277	0.0101504411	232.6666667
1.14521266411971	0.0283672148	0.0101492777	233
1.14565058276271	0.0283776908	0.0101497252	233.3333333
1.146088667097	0.0283916169	0.0101499936	233.6666667
1.14653200017729	0.0284025774	0.0101499489	234
1.146984366501	0.0284120081	0.0101505753	234.3333333
1.14743653473729	0.0284254541	0.0101510675	234.6666667
1.14789717906043	0.0284360244	0.0101503069	235
1.14834702690514	0.0284451275	0.0101499489	235.3333333
1.14877275846171	0.0284588652	0.0101502621	235.6666667
1.14921062187429	0.0284690271	0.0101499489	236
1.14963303846343	0.028481208	0.0101502174	236.3333333
1.15006784936014	0.0284912622	0.0101502621	236.6666667
1.150500266082	0.0285041565	0.0101499489	237
1.15094365910229	0.028511779	0.0101505306	237.3333333
1.15139078124686	0.0285258397	0.0101515597	237.6666667
1.151836826184	0.0285364324	0.0101494567	238
1.15226514058371	0.0285456791	0.0101510228	238.3333333
1.15267513075457	0.0285587214	0.0101507096	238.6666667
1.153087713045	0.0285699466	0.0101508438	239
1.153489461894	0.0285799156	0.0101495909	239.3333333
1.153914037893	0.0285920965	0.0101504858	239.6666667
1.154321021502	0.0286031019	0.0101495462	240
1.15474489763014	0.0286121736	0.0101505306	240.3333333
1.155179409255	0.0286244442	0.0101503069	240.6666667
1.15560247961829	0.0286358265	0.0101506648	241
1.15602597370029	0.0286454859	0.0101506201	241.3333333
1.15643722075586	0.02865825	0.0101503964	241.6666667
1.15684795689429	0.0286682774	0.0101503516	242
1.15724023508057	0.0286769991	0.010151336	242.3333333
1.15764369207686	0.0286910554	0.0101490988	242.6666667
1.15803383853986	0.0287010917	0.010151694	243
1.158439735665	0.0287104864	0.0101499489	243.3333333
1.15886023702843	0.0287232505	0.010151336	243.6666667
1.159268390181	0.0287331747	0.0101495462	244
1.15968392366014	0.0287424842	0.0101504411	244.3333333
1.16009756032371	0.0287555265	0.0101496357	244.6666667
1.16051103572014	0.0287647552	0.0101494567	245
1.16090953867543	0.0287747736	0.0101500384	245.3333333
1.16129209773343	0.0287866718	0.0101501279	245.6666667
1.16167981791086	0.0287981214	0.0101497252	246
1.16206170935143	0.0288067085	0.0101500384	246.3333333
1.16246028138043	0.028819531	0.0101501279	246.6666667
1.16285074110129	0.028828993	0.0101499936	247
1.16325264650786	0.0288391011	0.0101493672	247.3333333
1.16365720854086	0.0288509141	0.0101497699	247.6666667
1.16406707897443	0.0288614843	0.0101502621	248
1.16447359762029	0.0288691024	0.0101505306	248.3333333
1.16486676434571	0.028882203	0.0101508885	248.6666667
1.16528029511529	0.0288926072	0.0101502174	249
1.16567431826914	0.0289008938	0.0101501279	249.3333333
1.16604921142929	0.0289123119	0.0101498147	249.6666667
1.16644836359186	0.0289227879	0.0101507096	250
1.16683298058986	0.0289328915	0.0101497699	250.3333333
1.16722146043543	0.0289446552	0.0101496804	250.6666667
1.16762058034457	0.0289545883	0.0101506648	251
1.16802791859857	0.0289629825	0.0101501726	251.3333333
1.16843667015214	0.0289761549	0.0101499489	251.6666667
1.16884995673757	0.0289851728	0.0101520072	252
1.16927209260771	0.0289931184	0.0101502174	252.3333333
1.16969175595286	0.0290059274	0.0101510675	252.6666667
1.17009432883414	0.0290159547	0.0101511123	253
1.17050283192214	0.0290244836	0.0101509333	253.3333333
1.17090097566557	0.0290376156	0.0101508438	253.6666667
1.171284225318	0.029045292	0.0101505753	254
1.17165411377357	0.0290559519	0.0101510675	254.3333333
1.17201555839572	0.0290664593	0.0101498147	254.6666667
1.17238033639543	0.0290766168	0.0101514255	255
1.17273356738229	0.0290854373	0.0101496357	255.3333333
1.17309279279729	0.0290979636	0.0101510228	255.6666667
1.17345141510171	0.0291072866	0.0101509333	256
1.17381835236857	0.029115793	0.0101509333	256.3333333
1.17419258247814	0.029127422	0.0101506201	256.6666667
1.17457952914414	0.0291370321	0.0101512913	257
1.17497137918757	0.0291469024	0.0101508885	257.3333333
1.17536440790829	0.0291589263	0.0101501279	257.6666667
1.17576713748986	0.0291676256	0.0101503516	258
1.17617059448614	0.0291770114	0.010151157	258.3333333
1.17657261492043	0.0291878508	0.0101501726	258.6666667
1.176944681196	0.0291975999	0.0101507991	259
1.17731544449014	0.0292066178	0.0101500384	259.3333333
1.17767278222329	0.0292197588	0.0101495462	259.6666667
1.17801972850114	0.029226668	0.0101496357	260
1.178374041405	0.0292358609	0.0101510675	260.3333333
1.17870993788657	0.0292487147	0.010149233	260.6666667
1.17904541079214	0.0292564719	0.0101502174	261
1.17939597116657	0.0292663332	0.0101495015	261.3333333
1.17974180784086	0.0292779712	0.0101505753	261.6666667
1.18010483173929	0.0292865674	0.0101496357	262
1.18047347258657	0.0292956615	0.0101507096	262.3333333
1.18084954899086	0.029306815	0.0101504858	262.6666667
1.18123775725114	0.0293155592	0.0101509333	263
1.18158070267672	0.0293251648	0.0101506201	263.3333333
1.181934140742	0.0293365336	0.0101499489	263.6666667
1.18229902463572	0.0293444254	0.0101512465	264
1.182649580586	0.0293526447	0.0101500831	264.3333333
1.18300649003357	0.0293661221	0.0101494567	264.6666667
1.183364665785	0.0293743818	0.0101498594	265
1.18373495954914	0.029383135	0.0101496804	265.3333333
1.184112417285	0.0293941762	0.0101500384	265.6666667
1.18449116401629	0.029403248	0.0101509333	266
1.18485043081843	0.0294127683	0.010149233	266.3333333
1.18521369404872	0.0294249896	0.0101496804	266.6666667
1.185576321915	0.0294316117	0.0101499042	267
1.18592389428043	0.0294397502	0.0101505306	267.3333333
1.18627067015743	0.0294525188	0.0101502174	267.6666667
1.18661730802972	0.0294598811	0.0101508438	268
1.18698878946214	0.0294688407	0.0101499042	268.3333333
1.18737178593943	0.0294806582	0.0101501726	268.6666667
1.18775296837543	0.0294883391	0.0101507543	269
1.188113855841	0.0294986042	0.0101496357	269.3333333
1.18847383635729	0.0295095243	0.0101510228	269.6666667
1.18882551104486	0.0295163393	0.0101504858	270
1.18918670249186	0.029526425	0.0101498594	270.3333333
1.18954639287	0.0295382963	0.0101504858	270.6666667
1.18990042020257	0.0295463406	0.0101507543	271
1.19027801594314	0.0295537299	0.0101499936	271.3333333
1.19064746241257	0.0295661665	0.0101508438	271.6666667
1.19100531577243	0.0295730981	0.0101503964	272
1.19133914489486	0.0295829774	0.0101500384	272.3333333
1.191667044096	0.0295937002	0.0101514702	272.6666667
1.191985569252	0.0296013766	0.0101500831	273
1.19233047129043	0.0296094523	0.0101501726	273.3333333
1.19267285499257	0.0296213101	0.0101519177	273.6666667
1.19300450187086	0.0296303639	0.0101499489	274
1.19331442192629	0.0296384531	0.0101513807	274.3333333
1.19361670848	0.0296492072	0.0101512465	274.6666667
1.19391241119557	0.0296568612	0.0101503069	275
1.19420643801729	0.0296668931	0.0101512018	275.3333333
1.19449837450286	0.0296776562	0.010149412	275.6666667
1.19478547211786	0.0296851711	0.0101517387	276
1.19508879463457	0.0296946421	0.0101504411	276.3333333
1.19538637575557	0.029705163	0.0101502174	276.6666667
1.19567681602457	0.029712458	0.0101507543	277
1.19593742158672	0.0297224674	0.0101505306	277.3333333
1.19619642503829	0.0297331857	0.0101512465	277.6666667
1.19645245874829	0.0297394444	0.010151157	278
1.19671156338429	0.029748866	0.0101513807	278.3333333
1.19697065888657	0.0297601631	0.0101507991	278.6666667
1.19722767347186	0.0297677497	0.0101513807	279
1.19745897864943	0.0297758479	0.010149233	279.3333333
1.19768587309929	0.0297872571	0.0101496804	279.6666667
1.19791400602372	0.029794763	0.0101502174	280
1.19811104749929	0.0298032066	0.0101507991	280.3333333
1.198311155334	0.029815033	0.0101491882	280.6666667
1.198516088196	0.0298200131	0.0101509333	281
1.19871860404886	0.0298303814	0.0101516045	281.3333333
1.19892183347314	0.0298410189	0.0101502174	281.6666667
1.199127820851	0.0298485338	0.010150978	282
1.19928697068472	0.0298581708	0.010151157	282.3333333
1.199439886473	0.0298682295	0.0101512018	282.6666667
1.19958951041357	0.0298752509	0.0101519177	283
1.19976899189529	0.0298859109	0.0101522309	283.3333333
1.19993888768657	0.0298943455	0.0101513807	283.6666667
1.20011338758343	0.0299016944	0.0101512465	284
1.20030088475571	0.0299122287	0.0101512018	284.3333333
1.20047537537614	0.0299217536	0.0101493225	284.6666667
1.20064244884971	0.0299288153	0.010151694	285
1.20080208662357	0.029938744	0.0101512018	285.3333333
1.20095697757757	0.0299482868	0.0101496804	285.6666667
1.20110681801571	0.029955039	0.010151157	286
1.201270534992	0.0299653624	0.0101516492	286.3333333
1.20143285707886	0.029974147	0.0101512913	286.6666667
1.20159455293543	0.0299822631	0.0101513807	287
1.20169748218886	0.0299925417	0.0101514702	287.3333333
1.20179969316129	0.0300029818	0.0101503069	287.6666667
1.20190171532271	0.0300084867	0.0101498594	288
1.20200612238257	0.030017868	0.0101509333	288.3333333
1.20210970070057	0.0300227897	0.010151515	288.6666667
1.20220869803271	0.0300222424	0.0101493225	289
1.20233388800314	0.0300207259	0.0101512913	289.3333333
1.20245933114871	0.0300202862	0.0101513807	289.6666667
1.20257755052529	0.0300189627	0.0101515597	290
1.20266687925	0.030017886	0.0101504858	290.3333333
1.20275742803914	0.0300175988	0.0101516492	290.6666667
1.202843008944	0.0300163022	0.0101503964	291
1.20295062507729	0.0300155664	0.0101512913	291.3333333
1.20304024394014	0.030013893	0.0101507543	291.6666667
1.203129660006	0.0300137359	0.0101495909	292
1.20318921396386	0.0300125919	0.0101511123	292.3333333
1.20322241401629	0.0300121432	0.0101502621	292.6666667
1.20325055884329	0.0300104832	0.0101507991	293
1.20327558664757	0.0300104249	0.0101500384	293.3333333
1.20332708795186	0.0300082175	0.0101508885	293.6666667
1.20337564734386	0.0300075894	0.0101508438	294
1.20344014606629	0.0300075266	0.0101499936	294.3333333
1.20350319452614	0.0300060775	0.0101507096	294.6666667
1.20357919445014	0.0300047674	0.0101506648	295
1.20365294277086	0.0300037624	0.0101509333	295.3333333
1.20366889594457	0.0300028337	0.0101508438	295.6666667
1.20368039686071	0.030001739	0.0101514255	296
1.20368967871243	0.0300001867	0.0101502174	296.3333333
1.20372272235	0.0299996348	0.0101507543	296.6666667
1.20375027320014	0.0299985446	0.0101507096	297
1.20377115272829	0.0299982261	0.0101509333	297.3333333
1.20380162265643	0.0299963776	0.0101509333	297.6666667
1.203825075894	0.0299955476	0.0101507543	298
1.20384221687871	0.0299943273	0.0101496804	298.3333333
1.20381341827757	0.0299943363	0.0101507096	298.6666667
1.20376891967786	0.0299932236	0.0101498594	299
1.20372011624443	0.0299923577	0.0101497699	299.3333333
1.20371434730486	0.0299919136	0.0101495015	299.6666667
1.20370655724557	0.0299894729	0.010149233	300
1.20369914923243	0.029989096	0.0101501279	300.3333333
1.20365770314857	0.0299881898	0.0101500384	300.6666667
1.20361005070586	0.0299874091	0.0101514702	301
1.203557145093	0.0299864849	0.010151157	301.3333333
1.203499501794	0.029985121	0.0101499042	301.6666667
1.20344287604786	0.029984946	0.0101505753	302
1.20338722175786	0.0299832187	0.0101502174	302.3333333
1.20338357997471	0.0299820388	0.010151157	302.6666667
1.20336851077329	0.0299817427	0.0101504858	303
1.20334684389043	0.0299799167	0.0101510228	303.3333333
1.20326370311443	0.029977965	0.0101506648	303.6666667
1.20317406127457	0.0299780592	0.0101514255	304
1.20308158798329	0.0299764351	0.0101499489	304.3333333
1.20300962145043	0.0299760089	0.0101501279	304.6666667
1.20295061537271	0.0299748693	0.0101516492	305
1.202888690217	0.029973649	0.0101507096	305.3333333
1.20284573864014	0.0299739092	0.010151157	305.6666667
1.202795171829	0.0299730343	0.0101500831	306
1.20273804415671	0.0299714775	0.0101505753	306.3333333
1.20263780835	0.0299701091	0.0101504858	306.6666667
1.20253795016529	0.0299699835	0.0101505753	307
1.202438027331	0.0299690189	0.0101505306	307.3333333
1.20233851908171	0.0299667802	0.0101508438	307.6666667
1.20223526301257	0.0299668699	0.0101506201	308
1.202137412247	0.0299655239	0.0101503516	308.3333333
1.20203028876343	0.0299647388	0.0101487855	308.6666667
1.20191690369057	0.0299622981	0.0101499042	309
1.20179623947557	0.0299621277	0.0101498594	309.3333333
1.20170276247471	0.0299601895	0.0101493672	309.6666667
1.20160540435886	0.0299604407	0.0101504411	310
1.20150178008686	0.0299594313	0.0101495909	310.3333333
1.20140069256129	0.0299582423	0.0101505306	310.6666667
1.20130089874071	0.0299580315	0.0101503516	311
1.20119848068986	0.0299560574	0.0101493672	311.3333333
1.201047125625	0.0299559273	0.0101517834	311.6666667
1.20089380923771	0.029954209	0.0101496804	312
1.200740506551	0.029953186	0.0101495909	312.3333333
1.20060134313943	0.029952854	0.0101495462	312.6666667
1.20045718429971	0.0299507319	0.0101502174	313
1.20031061758457	0.0299499378	0.0101506201	313.3333333
1.20014803318886	0.0299490719	0.0101503069	313.6666667
1.19997595044386	0.0299486008	0.0101498594	314
1.19978438320286	0.0299479458	0.0101502174	314.3333333
1.19961661000114	0.0299461602	0.010150978	314.6666667
1.19944570593343	0.0299444957	0.0101492777	315
1.19926854941014	0.0299435759	0.010149233	315.3333333
1.19911670626243	0.0299434369	0.0101491435	315.6666667
1.19895810901843	0.0299425575	0.0101497699	316
1.19878950236529	0.0299412205	0.0101498594	316.3333333
1.19860395281486	0.0299403905	0.0101495462	316.6666667
1.19841459093771	0.0299397804	0.0101506201	317
1.19821547767886	0.0299380486	0.0101504858	317.3333333
1.19804326606286	0.0299369583	0.0101504411	317.6666667
1.19787564014229	0.0299363078	0.0101515597	318
1.19770562004686	0.0299352266	0.0101502621	318.3333333
1.19749768518986	0.0299343427	0.0101497252	318.6666667
1.19729119602857	0.0299324315	0.0101494567	319
1.19708743713429	0.0299321847	0.0101494567	319.3333333
1.19685759606257	0.0299318392	0.0101492777	319.6666667
1.19662943088471	0.029929928	0.0101497699	320
1.19641014239271	0.0298956421	0.0101500831	320.3333333
1.19622086799943	0.0298930803	0.0101498594	320.6666667
1.19604328333329	0.0298854667	0.0101512018	321
1.19587914263829	0.0298731737	0.0101501279	321.3333333
1.19566714713171	0.0298651069	0.0101490988	321.6666667
1.19546423067986	0.0298563493	0.0101499936	322
1.19526654470657	0.0298440697	0.0101511123	322.3333333
1.19506802528186	0.0298350967	0.0101503069	322.6666667
1.19488400876829	0.0298271287	0.0101503069	323
1.19469946735157	0.0298150779	0.0101478011	323.3333333
1.19450092494986	0.0298064862	0.0101487855	323.6666667
1.19430715705457	0.029797594	0.0101502621	324
1.19410309888843	0.0297853727	0.0101495909	324.3333333
1.193878589337	0.0297757492	0.0101491435	324.6666667
1.19364524448686	0.0297673729	0.0101496804	325
1.19338051804971	0.0297555868	0.0101502174	325.3333333
1.19312940612729	0.0297469907	0.0101507543	325.6666667
1.19289157690886	0.0297389823	0.0101500384	326
1.19264122008771	0.0297266803	0.0101500831	326.3333333
1.19238340458986	0.0297178373	0.0101493672	326.6666667
1.19210854458214	0.0297081869	0.0101496804	327
1.19182810444586	0.0296976436	0.0101492777	327.3333333
1.19154933563657	0.0296877822	0.0101507543	327.6666667
1.19126382186471	0.0296800206	0.0101498147	328
1.19098182557186	0.0296666328	0.0101494567	328.3333333
1.19071457166471	0.0296593557	0.0101497252	328.6666667
1.19044552669329	0.0296490637	0.0101497252	329
1.19019225065143	0.0296383903	0.0101501279	329.3333333
1.18994254746171	0.029628991	0.0101504411	329.6666667
1.18966000785557	0.0296196098	0.0101502621	330
1.189374070365	0.0296078461	0.0101504411	330.3333333
1.18906609778871	0.0295988776	0.0101495909	330.6666667
1.18879133454129	0.0295892227	0.0101499042	331
1.18850262553929	0.0295776385	0.0101495462	331.3333333
1.18820077169529	0.0295685623	0.010148875	331.6666667
1.18788283123971	0.0295585574	0.0101489198	332
1.18755824243914	0.0295466278	0.0101496357	332.3333333
1.18723118582314	0.0295378611	0.010149054	332.6666667
1.186871435505	0.0295295701	0.0101494567	333
1.18653159782571	0.0295163304	0.0101481144	333.3333333
1.186213404195	0.0295074426	0.0101499042	333.6666667
1.18592334611486	0.0294974826	0.010149054	334
1.18563887287286	0.0294855933	0.0101487408	334.3333333
1.18533819784886	0.0294771677	0.0101498147	334.6666667
1.18504234770943	0.0294688721	0.0101487855	335
1.18471912639714	0.0294551838	0.0101497252	335.3333333
1.18438996574443	0.0294466594	0.010149233	335.6666667
1.18403613635657	0.0294358469	0.0101488303	336
1.183686579549	0.0294253216	0.0101499042	336.3333333
1.18335790241229	0.0294146078	0.0101496804	336.6666667
1.18303546374514	0.0294055092	0.0101491435	337
1.18273452156	0.0293933328	0.010149233	337.3333333
1.18241913640371	0.0293849879	0.0101503964	337.6666667
1.18212678547586	0.0293746106	0.0101487855	338
1.18181754673843	0.0293629412	0.0101492777	338.3333333
1.18149275999314	0.0293535464	0.0101477117	338.6666667
1.18115744364514	0.0293448067	0.0101488303	339
1.18082931895543	0.0293313831	0.0101487408	339.3333333
1.180528763526	0.0293228453	0.0101495462	339.6666667
1.18019893996543	0.0293123424	0.0101503516	340
1.17987907957457	0.0293016151	0.0101490988	340.3333333
1.17954212871986	0.0292918884	0.0101498147	340.6666667
1.17920642104929	0.0292791018	0.0101491882	341
1.17885708516343	0.0292686617	0.0101486513	341.3333333
1.17851388199586	0.0292595137	0.0101480249	341.6666667
1.17818818359171	0.0292495941	0.0101491435	342
1.17788584166486	0.0292370633	0.0101498147	342.3333333
1.17756640955957	0.0292287228	0.0101487408	342.6666667
1.17726183943457	0.0292182199	0.0101490093	343
1.17694232897914	0.029205061	0.0101493672	343.3333333
1.176619936266	0.0291961912	0.0101489645	343.6666667
1.17628998369171	0.0291868592	0.0101482486	344
1.17598538131329	0.0291744361	0.0101485618	344.3333333
1.17568472926629	0.0291649247	0.0101490093	344.6666667
1.17536701900886	0.0291536142	0.0101485171	345
1.17503282610771	0.0291419314	0.0101486066	345.3333333
1.17469622062157	0.0291326308	0.0101481144	345.6666667
1.17433839951514	0.029122092	0.0101493225	346
1.17400021931957	0.0291113917	0.0101485618	346.3333333
1.17368455330157	0.0291012657	0.010149412	346.6666667
1.17335245516071	0.0290904846	0.0101476669	347
1.17299935775443	0.0290794702	0.0101473537	347.3333333
1.172646264915	0.0290699005	0.0101482933	347.6666667
1.17229255512171	0.0290575133	0.0101482486	348
1.17195283261286	0.0290455253	0.0101499042	348.3333333
1.17161460189643	0.0290373374	0.0101496804	348.6666667
1.17128807489314	0.0290270319	0.0101479354	349
1.170934337556	0.0290146626	0.010148696	349.3333333
1.17057537915943	0.0290060171	0.0101494567	349.6666667
1.17023874141986	0.0289925531	0.0101494567	350
1.16991592527343	0.028981283	0.0101485618	350.3333333
1.16956362449829	0.0289730323	0.0101483381	350.6666667
1.16919586305643	0.0289622916	0.0101482039	351
1.16880358030329	0.0289493166	0.0101482933	351.3333333
1.16841121463314	0.0289407474	0.0101482039	351.6666667
1.168043885901	0.0289280506	0.0101470852	352
1.16766099089357	0.028916103	0.0101487855	352.3333333
1.16724834866314	0.0289083593	0.0101473984	352.6666667
1.166850393588	0.0288955907	0.0101496357	353
1.16644660049957	0.028882683	0.0101488303	353.3333333
1.16606115475971	0.0288750246	0.0101497699	353.6666667
1.16568044199643	0.0288614574	0.010148696	354
1.16526613771543	0.0288505866	0.0101483381	354.3333333
1.16485330224986	0.0288416988	0.0101471747	354.6666667
1.16443483142529	0.0288286565	0.0101484276	355
1.16404939952871	0.0288173505	0.0101473984	355.3333333
1.16365286717229	0.0288079468	0.0101482486	355.6666667
1.16323445143543	0.0287961024	0.010149054	356
1.16282803868357	0.0287847291	0.0101473984	356.3333333
1.16245819161514	0.0287755139	0.0101472642	356.6666667
1.16209049468014	0.0287635214	0.0101493672	357
1.16169720350786	0.0287507708	0.0101485618	357.3333333
1.16130021075514	0.0287417484	0.010148875	357.6666667
1.160904502431	0.0287296214	0.0101474432	358
1.160535958344	0.0287159151	0.0101478906	358.3333333
1.16014071969257	0.0287076689	0.0101478459	358.6666667
1.159724140974	0.0286950394	0.0101483381	359
1.15932295384843	0.0286832488	0.0101482039	359.3333333
1.158926315598	0.0286746123	0.0101493225	359.6666667
1.15851479224757	0.0286610451	0.0101477117	360
1.158084507249	0.0286495776	0.0101483381	360.3333333
1.15765835211643	0.0286402591	0.0101482039	360.6666667
1.15725704068671	0.0286266919	0.0101481591	361
1.15684230826286	0.028614529	0.0101491882	361.3333333
1.15642197730029	0.0286049817	0.0101485618	361.6666667
1.15602729580543	0.0285943128	0.0101495909	362
1.15563964013486	0.028580279	0.010149233	362.3333333
1.155236767839	0.0285720104	0.0101492777	362.6666667
1.15482167177914	0.0285578106	0.0101495462	363
1.15441286941929	0.0285472538	0.0101490093	363.3333333
1.154015508321	0.028536549	0.0101486513	363.6666667
1.15357317895029	0.0285240227	0.0101490988	364
1.15313114428457	0.0285115278	0.0101486513	364.3333333
1.15270233723514	0.0285007557	0.010147309	364.6666667
1.15228884328586	0.0284884492	0.0101478459	365
1.15185795517671	0.0284772823	0.0101476669	365.3333333
1.15142966832086	0.0284675645	0.0101497252	365.6666667
1.15103721973371	0.0284527276	0.0101484276	366
1.15063669094914	0.0284417985	0.0101496804	366.3333333
1.15021271820343	0.028430986	0.0101484723	366.6666667
1.14978233644457	0.0284179213	0.0101483381	367
1.14937601574343	0.0284060994	0.0101478459	367.3333333
1.14892681239643	0.0283962963	0.0101487855	367.6666667
1.14848184024257	0.0283837117	0.010149412	368
1.14804297783	0.0283714456	0.0101491882	368.3333333
1.147626956268	0.0283612971	0.0101510228	368.6666667
1.14719609099314	0.0283483221	0.0101483381	369
1.146766050036	0.0283354324	0.0101493672	369.3333333
1.14635634072686	0.0283255935	0.0101493225	369.6666667
1.14589552600286	0.0283119007	0.0101476669	370
1.14543747822343	0.0283007068	0.0101483381	370.3333333
1.14500050335	0.0282883958	0.0101484723	370.6666667
1.14456465192343	0.028276197	0.0101499489	371
1.14411944500457	0.0282639758	0.0101508885	371.3333333
1.143698962194	0.0282536479	0.0101489198	371.6666667
1.14326353434343	0.0282404351	0.0101482039	372
1.14281885689457	0.0282280837	0.0101504858	372.3333333
1.14236061131314	0.0282179083	0.0101487408	372.6666667
1.141921767168	0.0282045116	0.0101486513	373
1.14146345237014	0.0281921737	0.0101497252	373.3333333
1.14102667101729	0.0281807556	0.0101486066	373.6666667
1.14060233449286	0.0281669282	0.0101491435	374
1.14016213227857	0.0281548729	0.0101495462	374.3333333
1.13969682390986	0.0281448097	0.010149412	374.6666667
1.13924747328171	0.0281301478	0.0101501279	375
1.13877782311629	0.0281189764	0.0101502174	375.3333333
1.13832468342386	0.0281073877	0.0101499936	375.6666667
1.13789715623614	0.0280929771	0.0101496804	376
1.13745292077343	0.0280810699	0.0101493672	376.3333333
1.13698968433071	0.0280724064	0.0101487855	376.6666667
1.13653035654686	0.0280564255	0.0101482933	377
1.13605176076457	0.0280440741	0.0101496804	377.3333333
1.13559345067629	0.0280333065	0.0101495462	377.6666667
1.13515593263229	0.0280194118	0.0101496804	378
1.13470137949757	0.0280074867	0.0101506201	378.3333333
1.13423033900957	0.0279972664	0.0101497252	378.6666667
1.13376223130014	0.0279816623	0.0101498594	379
1.133281158426	0.0279708992	0.0101499936	379.3333333
1.13282884290857	0.0279589696	0.0101502174	379.6666667
1.13237169294471	0.0279465554	0.0101491435	380
1.13189975007429	0.0279332754	0.0101489198	380.3333333
1.13142421594157	0.0279221264	0.010148875	380.6666667
1.13095013207143	0.0279063653	0.0101482933	381
1.13047064775	0.0278954137	0.0101496357	381.3333333
1.13002790864657	0.0278849108	0.0101495015	381.6666667
1.12954226392029	0.0278696791	0.0101503964	382
1.12905069840643	0.0278567221	0.0101496357	382.3333333
1.12857794520429	0.0278444874	0.0101503069	382.6666667
1.12809974074457	0.0278309292	0.0101502621	383
1.12763366343128	0.0278184612	0.010148875	383.3333333
1.12715439089786	0.0278073212	0.0101497699	383.6666667
1.12664759034857	0.0277919055	0.0101501279	384
1.12616416026257	0.0277803259	0.010149412	384.3333333
1.125680067126	0.027768136	0.010151515	384.6666667
1.12521101093743	0.0277534876	0.0101504858	385
1.12474933507543	0.0277404049	0.0101499936	385.3333333
1.12423154466986	0.0277292829	0.0101505306	385.6666667
1.12376382371614	0.0277131673	0.0101498147	386
1.12328023707257	0.027702319	0.0101493672	386.3333333
1.12279430691771	0.0276901291	0.0101491435	386.6666667
1.12229013530828	0.0276748929	0.0101489198	387
1.12176862919357	0.0276640939	0.0101478011	387.3333333
1.12129461453986	0.0276513971	0.0101485171	387.6666667
1.12080221100771	0.0276366006	0.0101489645	388
1.12030397873871	0.0276232532	0.0101504411	388.3333333
1.11979662574243	0.0276118261	0.0101490093	388.6666667
1.11929013830828	0.0275973661	0.0101495462	389
1.11880709041114	0.0275842655	0.0101498594	389.3333333
1.11830448880157	0.0275723314	0.0101488303	389.6666667
1.11778707587529	0.0275573106	0.0101496804	390
1.11728164281428	0.027544874	0.0101498147	390.3333333
1.11677214425143	0.0275319842	0.0101506648	390.6666667
1.11628322608757	0.0275187939	0.0101503516	391
1.115760739383	0.0275049351	0.0101491435	391.3333333
1.11524613493114	0.0274900847	0.0101495015	391.6666667
1.11474350577771	0.0274757773	0.0101499936	392
1.11421122159471	0.0274647315	0.0101492777	392.3333333
1.11369257005114	0.0274516668	0.0101497252	392.6666667
1.11316515242528	0.0274349321	0.0101485171	393
1.11267318631243	0.0274233794	0.0101500831	393.3333333
1.11215461326171	0.0274097852	0.0101495015	393.6666667
1.11161871027257	0.0273942171	0.0101493225	394
1.11111061130871	0.0273820093	0.0101499936	394.3333333
1.110586237065	0.0273695817	0.0101489645	394.6666667
1.11006294916243	0.0273529322	0.0101504411	395
1.10951558193471	0.0273419134	0.0101512913	395.3333333
1.10900289741814	0.027326897	0.0101489198	395.6666667
1.10847437932243	0.0273120826	0.0101493225	396
1.107936579375	0.0272988384	0.0101504858	396.3333333
1.107387715788	0.02728633	0.0101502621	396.6666667
1.10685698319471	0.027269896	0.0101496357	397
1.106315016561	0.0272573921	0.0101504411	397.3333333
1.10574431569028	0.0272433179	0.0101501726	397.6666667
1.10521771767257	0.0272287188	0.010148696	398
1.10467200336171	0.0272152548	0.0101500831	398.3333333
1.10413764268586	0.0272007768	0.010149412	398.6666667
1.103569313013	0.0271837954	0.0101497699	399
1.103045877972	0.0271718254	0.0101500384	399.3333333
1.10249814239871	0.0271582313	0.0101488303	399.6666667
1.10193580729671	0.0271413172	0.010149054	400
1.10138322814328	0.0271284095	0.0101510675	400.3333333
1.10083149628457	0.0271133572	0.0101487855	400.6666667
1.100259557082	0.0270975109	0.0101506648	401
1.09969807840843	0.0270854287	0.0101498147	401.3333333
1.09915728131828	0.0270705604	0.0101499489	401.6666667
1.09857459144857	0.0270532156	0.0101499489	402
1.09801357773814	0.0270426589	0.0101495909	402.3333333
1.09744240277057	0.0270262741	0.0101498147	402.6666667
1.09688381077886	0.0270101541	0.0101503516	403
1.09629031972114	0.0269964703	0.0101497699	403.3333333
1.09573765322657	0.0269833248	0.0101498147	403.6666667
1.09515052037571	0.0269653788	0.0101510675	404
1.09457626520571	0.026953319	0.0101506201	404.3333333
1.09399102931314	0.026937724	0.010149412	404.6666667
1.09342986817886	0.0269219359	0.0101506648	405
1.09282041923786	0.0269075746	0.0101495015	405.3333333
1.09224702977271	0.0268937427	0.0101495909	405.6666667
1.091656973277	0.0268758864	0.0101493225	406
1.091068740099	0.0268618481	0.0101503516	406.3333333
1.09047227487557	0.0268464325	0.0101508438	406.6666667
1.08989207579828	0.0268307297	0.0101499936	407
1.08927253481657	0.0268169113	0.0101500831	407.3333333
1.08867880428428	0.0268004458	0.010151157	407.6666667
1.08807645495086	0.0267842002	0.0101510228	408
1.08747428986157	0.0267695876	0.010150978	408.3333333
1.08686829403543	0.0267542617	0.0101500384	408.6666667
1.086268569075	0.0267360241	0.010149233	409
1.08564140372528	0.0267228203	0.0101504411	409.3333333
1.08504158671414	0.0267061394	0.0101496804	409.6666667
1.08441393328157	0.0266907597	0.0101489645	410
1.08381063090214	0.0266761337	0.0101507543	410.3333333
1.083192010713	0.0266607764	0.0101510675	410.6666667
1.08257118972686	0.026642117	0.0101512018	411
1.08193962278314	0.0266283748	0.0101524546	411.3333333
1.08133779835286	0.0266114068	0.010148696	411.6666667
1.08068016293228	0.0265957803	0.0101505306	412
1.08006962294057	0.0265790681	0.0101489198	412.3333333
1.07943236997428	0.0265641953	0.0101490988	412.6666667
1.07879608846414	0.0265457827	0.0101513807	413
1.07816095337786	0.0265324982	0.0101504411	413.3333333
1.07752837359086	0.0265146777	0.0101489645	413.6666667
1.07688132300343	0.0264983334	0.0101496357	414
1.07623778547086	0.0264811815	0.0101498147	414.3333333
1.075571006346	0.0264661203	0.0101494567	414.6666667
1.07492167233	0.0264485332	0.010149412	415
1.07427851227671	0.0264323728	0.0101497699	415.3333333
1.07359856561828	0.0264150773	0.0101507096	415.6666667
1.07296756953171	0.026398208	0.0101514255	416
1.07227806929357	0.0263820476	0.010150978	416.3333333
1.07162878579843	0.0263641285	0.0101494567	416.6666667
1.07095784455414	0.0263469183	0.0101504411	417
1.07028390145757	0.0263317359	0.0101499042	417.3333333
1.06961941532314	0.0263121254	0.0101499042	417.6666667
1.06892425660629	0.0262946909	0.0101492777	418
1.068268624038	0.0262811102	0.0101477117	418.3333333
1.06758808340271	0.0262609433	0.010149233	418.6666667
1.06691025904843	0.0262437376	0.010149054	419
1.06622816682343	0.0262279406	0.0101506201	419.3333333
1.06553606062243	0.0262106496	0.0101497252	419.6666667
1.06485315806571	0.0261910391	0.0101506201	420
1.06414757564014	0.0261775661	0.0101500384	420.3333333
1.06345012864243	0.0261569282	0.0101503516	420.6666667
1.06275404456614	0.0261396865	0.0101497699	421
1.06204464082286	0.0261226288	0.0101503069	421.3333333
1.06133733654943	0.0261044674	0.010149054	421.6666667
1.06062848525314	0.026085171	0.010151336	422
1.05993019110343	0.0260702264	0.0101503964	422.3333333
1.05922052947543	0.0260486822	0.0101514702	422.6666667
1.058506213221	0.0260314989	0.0101503069	423
1.05779549721986	0.0260134362	0.0101510228	423.3333333
1.05705927917486	0.02599689	0.0101514702	423.6666667
1.05635079622414	0.0259759425	0.0101495909	424
1.05561261685671	0.0259595712	0.0101505753	424.3333333
1.05488778940971	0.0259399876	0.0101502621	424.6666667
1.05416561844643	0.0259218756	0.0101503069	425
1.053414497034	0.0259041314	0.0101495909	425.3333333
1.05270106475186	0.0258840588	0.010150978	425.6666667
1.05193774697657	0.025865386	0.0101508885	426
1.051206961779	0.025848436	0.0101502621	426.3333333
1.05045066069429	0.0258284665	0.0101509333	426.6666667
1.04969655583971	0.025807842	0.0101505753	427
1.04895948593314	0.0257920585	0.0101503516	427.3333333
1.048201670079	0.0257704874	0.0101503069	427.6666667
1.04745204959271	0.0257520389	0.0101492777	428
1.04669237360057	0.0257336128	0.010149233	428.3333333
1.04594580106329	0.0257142221	0.010149412	428.6666667
1.04516162217	0.0256926869	0.0101506201	429
1.04442059750786	0.0256769841	0.0101504858	429.3333333
1.04363218285457	0.0256544394	0.0101483828	429.6666667
1.04286272793686	0.025635273	0.0101506201	430
1.04209518353529	0.0256164207	0.0101514255	430.3333333
1.04132574246086	0.0255971557	0.0101512465	430.6666667
1.04054956541486	0.0255765626	0.0101503069	431
1.03977915730843	0.0255574815	0.0101492777	431.3333333
1.03899385953514	0.0255369153	0.0101499936	431.6666667
1.03818901746857	0.0255178028	0.0101503516	432
1.03742134890557	0.0254976629	0.0101492777	432.3333333
1.03662600504557	0.0254776127	0.0101490988	432.6666667
1.03583231866929	0.0254556557	0.0101502621	433
1.03502400964457	0.0254367137	0.0101505753	433.3333333
1.03424577009171	0.0254161924	0.0101498147	433.6666667
1.03341656769557	0.0253959403	0.0101491882	434
1.032618162186	0.0253763791	0.0101502621	434.3333333
1.031804664498	0.0253541261	0.0101502174	434.6666667
1.03099579845943	0.0253344393	0.0101498147	435
1.03015558765414	0.025313909	0.0101493225	435.3333333
1.02935153750914	0.0252924904	0.0101501726	435.6666667
1.02853249637014	0.0252712199	0.0101507543	436
1.02771195901457	0.0252535835	0.0101503069	436.3333333
1.02686182656943	0.0252291096	0.0101504858	436.6666667
1.02604459947171	0.0252098041	0.0101492777	437
1.02521565952714	0.0251893098	0.0101507991	437.3333333
1.02438654932443	0.0251673259	0.0101495909	437.6666667
1.02353777038157	0.025144853	0.0101496357	438
1.02270332851586	0.0251264672	0.010150978	438.3333333
1.02185818207971	0.0251021638	0.0101499489	438.6666667
1.02101839956	0.0250819207	0.0101490093	439
1.02015020048529	0.0250611527	0.0101507096	439.3333333
1.01929905505414	0.0250392854	0.0101498594	439.6666667
1.018442495043	0.0250167407	0.0101507096	440
1.01760444350486	0.024994721	0.0101492777	440.3333333
1.01673147920014	0.0249722525	0.0101506201	440.6666667
1.015867566549	0.0249520094	0.0101501726	441
1.01497652662371	0.0249297115	0.0101495909	441.3333333
1.01411681762186	0.0249055516	0.0101511123	441.6666667
1.01323860000429	0.0248853893	0.0101517834	442
1.01238536894657	0.0248634189	0.0101517387	442.3333333
1.01149847729743	0.0248395417	0.0101510228	442.6666667
1.01062319260114	0.0248191191	0.0101502174	443
1.00971644796772	0.0247967269	0.010149054	443.3333333
1.00882836850757	0.0247725895	0.0101503516	443.6666667
1.00792403645914	0.0247513818	0.0101506201	444
1.00703684553814	0.0247289268	0.0101508885	444.3333333
1.00615483885629	0.0247053099	0.010151694	444.6666667
1.005268858866	0.0246825498	0.0101513807	445
1.00438167707872	0.0246613915	0.0101503516	445.3333333
1.003465319211	0.0246353832	0.0101507096	445.6666667
1.00256249265557	0.0246148933	0.0101507096	446
1.00162862545757	0.0245901412	0.0101505306	446.3333333
1.00071839559857	0.0245676235	0.0101497252	446.6666667
0.999777783295286	0.0245437777	0.0101501726	447
0.998857258741286	0.0245221482	0.0101519177	447.3333333
0.997923170478858	0.0244956689	0.0101508885	447.6666667
0.996989915525143	0.0244734382	0.0101510228	448
0.996055629318	0.0244515665	0.0101505753	448.3333333
0.995100910135715	0.0244270971	0.0101500831	448.6666667
0.994164179090143	0.0244034667	0.0101504858	449
0.993201784876286	0.024378737	0.010150978	449.3333333
0.992259455292	0.0243545996	0.010151157	449.6666667
0.991298658621858	0.0243312204	0.010151515	450
0.990340937587286	0.0243088776	0.0101499936	450.3333333
0.989391273630429	0.0242801864	0.0101501726	450.6666667
0.988422295578429	0.0242607419	0.0101505306	451
0.987478354464429	0.024234931	0.0101491435	451.3333333
0.986519132361	0.0242107084	0.010151336	451.6666667
0.985570674625286	0.0241859967	0.0101508438	452
0.984606622927714	0.024162945	0.0101518282	452.3333333
0.983624012093572	0.0241349761	0.0101516492	452.6666667
0.982649647148143	0.0241127859	0.0101498147	453
0.981648444924	0.0240876973	0.0101507096	453.3333333
0.980669871905143	0.0240629363	0.0101514255	453.6666667
0.979693066830857	0.0240362461	0.0101510228	454
0.978704898702428	0.0240147557	0.0101507991	454.3333333
0.977722812771429	0.0239855261	0.0101521414	454.6666667
0.976706757843429	0.0239632147	0.0101512465	455
0.975708161582143	0.0239370763	0.0101514255	455.3333333
0.974722700743714	0.0239117186	0.0101494567	455.6666667
0.973701921830143	0.0238845169	0.0101507543	456
0.972694849482	0.0238621337	0.0101494567	456.3333333
0.971681091968571	0.0238326484	0.010149054	456.6666667
0.970665764455285	0.0238085289	0.0101508438	457
0.969647306076	0.0237831757	0.0101500384	457.3333333
0.968614409292428	0.023755956	0.0101512018	457.6666667
0.967596153567428	0.0237304368	0.0101518729	458
0.966565278046285	0.0237039664	0.0101507096	458.3333333
0.965522247692143	0.0236768185	0.0101514702	458.6666667
0.964478941043143	0.0236525959	0.0101505753	459
0.963437489822571	0.0236266863	0.0101505306	459.3333333
0.962389090985143	0.0235965056	0.0101499042	459.6666667
0.961334126719714	0.0235736154	0.0101499936	460
0.960292680066	0.0235450947	0.0101504411	460.3333333
0.959216320645714	0.0235185032	0.0101506201	460.6666667
0.958164929089714	0.0234918892	0.0101523204	461
0.957096336751714	0.0234683709	0.0101497252	461.3333333
0.956022946930285	0.0234370775	0.0101490093	461.6666667
0.954948861947571	0.0234132362	0.0101496804	462
0.953877751130571	0.0233847335	0.0101493225	462.3333333
0.952790051775857	0.0233572043	0.0101507543	462.6666667
0.951696565071428	0.0233287508	0.0101504411	463
0.950621029683428	0.0233045013	0.0101503516	463.3333333
0.949525954569	0.0232740154	0.0101501279	463.6666667
0.948417048727714	0.0232504703	0.0101505306	464
0.947329892686286	0.0232196928	0.0101494567	464.3333333
0.946234467636428	0.0231912304	0.0101502621	464.6666667
0.945109852662857	0.0231637281	0.0101509333	465
0.943997479863429	0.0231387562	0.0101503516	465.3333333
0.942895590712714	0.0231068886	0.010151336	465.6666667
0.941780045802857	0.0230805662	0.0101501279	466
0.940652244732857	0.0230533601	0.0101496804	466.3333333
0.939528882077143	0.023023278	0.0101497252	466.6666667
0.938399368293	0.0229955469	0.0101514702	467
0.937249835833286	0.0229662545	0.0101510675	467.3333333
0.936088880807572	0.0229363295	0.010151157	467.6666667
0.934942308813	0.0229091054	0.0101503516	468
0.933795957882857	0.0228813205	0.0101507991	468.3333333
0.932635794636	0.022850045	0.0101500384	468.6666667
0.931461717888	0.0228243194	0.0101503069	469
0.930301761862286	0.0227924921	0.0101508885	469.3333333
0.929151603315	0.0227650123	0.0101504411	469.6666667
0.927996513703714	0.0227343604	0.0101500384	470
0.926810171661857	0.0227082938	0.0101509333	470.3333333
0.925610334985286	0.0226750129	0.0101497252	470.6666667
0.924416073870429	0.0226493411	0.0101512913	471
0.923238834003	0.0226182272	0.0101503964	471.3333333
0.922054798509429	0.0225887194	0.0101505306	471.6666667
0.920850003082286	0.0225587451	0.0101522756	472
0.919641740839714	0.022530341	0.0101506201	472.3333333
0.918417276815143	0.0224977869	0.010151515	472.6666667
0.917195483117571	0.0224685887	0.0101515597	473
0.915975176502857	0.0224387445	0.0101495462	473.3333333
0.914757563477571	0.0224089945	0.0101510228	473.6666667
0.913544112429	0.0223796751	0.0101497699	474
0.912320237814428	0.0223510737	0.0101508885	474.3333333
0.911076086639571	0.0223176447	0.0101506201	474.6666667
0.909826801889142	0.0222883164	0.0101502621	475
0.908569547402142	0.0222590016	0.010151157	475.3333333
0.907301947556571	0.0222260527	0.0101507991	475.6666667
0.906045130488857	0.0221974018	0.0101505753	476
0.904787655080142	0.0221645965	0.0101507096	476.3333333
0.903517628806285	0.0221342542	0.0101503516	476.6666667
0.902251216914428	0.0221046926	0.0101503964	477
0.900973506475285	0.0220728878	0.0101503964	477.3333333
0.899701564975714	0.0220404728	0.0101499042	477.6666667
0.898420908057428	0.0220132038	0.0101524546	478
0.897134896499142	0.0219781238	0.0101519177	478.3333333
0.895843507323857	0.0219490916	0.0101519177	478.6666667
0.894537859278857	0.0219162145	0.0101525441	479
0.893236571297999	0.0218869311	0.0101519177	479.3333333
0.891927948944571	0.0218529413	0.0101507096	479.6666667
0.890612503278428	0.0218243488	0.010151336	480
0.889282453516714	0.0217902199	0.010151694	480.3333333
0.887948844746142	0.0217588682	0.0101505306	480.6666667
0.886606617174428	0.0217274223	0.0101506201	481
0.885263528607428	0.021695752	0.0101521862	481.3333333
0.883904150774571	0.0216616142	0.0101518729	481.6666667
0.882531646652571	0.0216298452	0.0101508438	482
0.881155422397285	0.0215989781	0.0101512913	482.3333333
0.879772305755571	0.0215663118	0.010151157	482.6666667
0.878388240777428	0.0215342288	0.0101516492	483
0.877006850693143	0.0214998128	0.0101512018	483.3333333
0.875624452332428	0.021467649	0.0101509333	483.6666667
0.874220907425142	0.0214351353	0.0101522756	484
0.872798347551857	0.0214029222	0.0101498147	484.3333333
0.871377666226714	0.0213692824	0.0101498147	484.6666667
0.869955792381	0.0213375269	0.0101509333	485
0.868537261046571	0.0213017335	0.0101501726	485.3333333
0.867099843759857	0.0212708888	0.0101507096	485.6666667
0.865645957672714	0.0212366478	0.0101509333	486
0.864198475889143	0.0212022273	0.0101500384	486.3333333
0.862745814433285	0.021168565	0.0101503069	486.6666667
0.861281343513	0.0211375902	0.0101501726	487
0.859806168022285	0.0211007739	0.0101510675	487.3333333
0.858336692397428	0.0210674212	0.0101503069	487.6666667
0.856849642935428	0.0210328392	0.0101497252	488
0.855345793147714	0.0210000608	0.0101503964	488.3333333
0.853851805202571	0.0209642181	0.010149412	488.6666667
0.852345842101714	0.0209331939	0.0101505306	489
0.850828152310714	0.0208953726	0.0101508885	489.3333333
0.849313676302714	0.0208606157	0.0101502174	489.6666667
0.847767878647714	0.0208275995	0.0101501279	490
0.846239691650142	0.0207924432	0.0101506648	490.3333333
0.844681927830428	0.0207555641	0.0101495909	490.6666667
0.843134638383	0.0207223056	0.0101519177	491
0.841563536628857	0.02068662	0.0101505753	491.3333333
0.840000128316428	0.020652029	0.0101520967	491.6666667
0.838414887287143	0.0206173303	0.0101512913	492
0.836835401354142	0.0205791277	0.0101504411	492.3333333
0.835240546947857	0.0205461743	0.0101505306	492.6666667
0.833633187773142	0.0205084383	0.0101500831	493
0.832027145565857	0.0204730488	0.0101500384	493.3333333
0.830404906143428	0.0204355864	0.0101506648	493.6666667
0.828779982407999	0.0204020857	0.0101502174	494
0.827146057682571	0.0203629633	0.010151157	494.3333333
0.825498292953857	0.0203296286	0.0101509333	494.6666667
0.823838714193857	0.0202924893	0.0101495462	495
0.822191653902857	0.0202560185	0.0101505306	495.3333333
0.820527484880571	0.0202166763	0.0101499042	495.6666667
0.818848550495571	0.0201828077	0.0101513807	496
0.817157065388142	0.020142622	0.0101512465	496.3333333
0.815453268890142	0.020107376	0.0101503069	496.6666667
0.813753496364142	0.0200693529	0.0101507096	497
0.812050786349999	0.0200308945	0.0101502621	497.3333333
0.810337487078571	0.0199911396	0.0101505753	497.6666667
0.808614836738999	0.0199575042	0.0101500384	498
0.806886201104999	0.0199150574	0.0101517834	498.3333333
0.805149489983142	0.0198779405	0.0101520072	498.6666667
0.803399380844142	0.0198403885	0.0101511123	499
0.801644059922142	0.0198014187	0.0101505753	499.3333333
0.799866376813285	0.0197618477	0.0101522756	499.6666667
0.798084108151713	0.0197228151	0.0101508885	500
0.796290600882856	0.0196836658	0.0101503964	500.3333333
0.794497586120999	0.0196436282	0.0101510675	500.6666667
0.792699203018571	0.0196061659	0.0101498594	501
0.790894157870571	0.0195642888	0.0101507543	501.3333333
0.789066152134713	0.0195265438	0.0101502174	501.6666667
0.787232446532999	0.019484097	0.0101515597	502
0.785402065032428	0.0194448625	0.0101516492	502.3333333
0.783547304792142	0.0194018862	0.0101512913	502.6666667
0.781696098851142	0.0193648412	0.0101516492	503
0.779833953717428	0.0193205863	0.0101504858	503.3333333
0.777963157529142	0.0192820023	0.0101497252	503.6666667
0.776084630936142	0.0192400759	0.0101514702	504
0.774189557192571	0.0191980463	0.0101503964	504.3333333
0.77228068497557	0.0191543567	0.0101505753	504.6666667
0.770375841440142	0.0191158221	0.0101514255	505
0.768454970947713	0.0190707237	0.0101494567	505.3333333
0.766527327948856	0.0190316866	0.0101513807	505.6666667
0.764597364415713	0.0189871894	0.0101514702	506
0.762651374068285	0.0189434325	0.0101508885	506.3333333
0.760693449952285	0.0189001333	0.0101506201	506.6666667
0.758740544241428	0.0188586465	0.0101518282	507
0.756773273624142	0.0188123099	0.0101507096	507.3333333
0.754802959910142	0.0187680909	0.0101506201	507.6666667
0.752813207654142	0.0187265458	0.0101505306	508
0.750822571283142	0.0186803303	0.0101529021	508.3333333
0.748815360217713	0.0186371432	0.0101526783	508.6666667
0.746805976041856	0.0185914302	0.010151157	509
0.744794197691142	0.0185476419	0.010151157	509.3333333
0.742764389673856	0.0185017808	0.0101515597	509.6666667
0.740726308223999	0.0184588135	0.0101508438	510
0.738685068364285	0.018409785	0.0101510228	510.3333333
0.736641305458713	0.018366553	0.0101509333	510.6666667
0.73458646492757	0.018319826	0.010151694	511
0.732527531493427	0.0182750148	0.0101503964	511.3333333
0.73044701851757	0.0182265919	0.0101513807	511.6666667
0.72836345316857	0.0181835618	0.0101498594	512
0.726275665760142	0.0181328015	0.0101519624	512.3333333
0.724175323062427	0.0180907315	0.0101512465	512.6666667
0.722073741890142	0.0180405768	0.0101507543	513
0.71996787415157	0.0179931679	0.0101518729	513.3333333
0.717847167552427	0.0179457321	0.0101507096	513.6666667
0.715716709428856	0.0179005709	0.0101501726	514
0.713587996272856	0.0178504207	0.0101518282	514.3333333
0.711451387020856	0.0178017601	0.0101508438	514.6666667
0.70929771499157	0.0177571463	0.0101520519	515
0.707143812764142	0.0177067269	0.0101501726	515.3333333
0.704975154450427	0.0176587392	0.0101500384	515.6666667
0.702809787984427	0.0176144843	0.0101514702	516
0.700635033772713	0.0175626203	0.0101517834	516.3333333
0.698447636787856	0.0175130175	0.0101512018	516.6666667
0.696259567618713	0.0174665597	0.010151515	517
0.694063427385856	0.017416414	0.0101511123	517.3333333
0.691854952928142	0.0173700594	0.0101514255	517.6666667
0.68963868370157	0.0173191196	0.0101506201	518
0.687424320566999	0.0172716299	0.0101509333	518.3333333
0.685203235446856	0.0172215336	0.0101517834	518.6666667
0.682971823378285	0.0171749143	0.0101506648	519
0.680730563167713	0.0171221619	0.0101506648	519.3333333
0.678487019243142	0.0170772879	0.0101512913	519.6666667
0.676230648301285	0.0170257514	0.0101504858	520
0.673978959672427	0.0169791545	0.010151694	520.3333333
0.671709655819285	0.0169282596	0.0101511123	520.6666667
0.669441696477427	0.0168815281	0.0101516045	521
0.667163262763285	0.0168302967	0.0101509333	521.3333333
0.664875745142142	0.0167833275	0.0101495909	521.6666667
0.662585395926856	0.0167343169	0.0101507096	522
0.660290880167999	0.0166823228	0.0101518729	522.3333333
0.65798200406957	0.0166350529	0.010151157	522.6666667
0.655675844394856	0.016587469	0.0101505306	523
0.653363298969427	0.0165360806	0.0101500384	523.3333333
0.651040173134999	0.0164849882	0.0101506201	523.6666667
0.648714335586427	0.0164396476	0.0101520519	524
0.646382093734284	0.0163885911	0.0101506648	524.3333333
0.64404181321457	0.0163408278	0.0101522309	524.6666667
0.64170043693457	0.0162896861	0.010150978	525
0.639355142433856	0.0162422054	0.0101512465	525.3333333
0.636990211446427	0.0161920418	0.0101511123	525.6666667
0.634631463840856	0.0161456019	0.0101496804	526
0.632266348751999	0.0160942314	0.0101506648	526.3333333
0.629889355124999	0.0160468494	0.0101506648	526.6666667
0.627514332096856	0.0159953353	0.010151157	527
0.625132191050999	0.0159484872	0.0101505753	527.3333333
0.622738369411713	0.0158973725	0.0101498147	527.6666667
0.620344469564999	0.0158487836	0.010150978	528
0.617947802630999	0.0157963991	0.0101507096	528.3333333
0.615545085895713	0.015749219	0.0101505306	528.6666667
0.613133418691284	0.0156984587	0.0101520967	529
0.610723372292999	0.0156503678	0.0101520967	529.3333333
0.608304476752713	0.0155991319	0.0101510228	529.6666667
0.605882068300284	0.0155504264	0.0101491435	530
0.603448361443284	0.015497037	0.0101502174	530.3333333
0.601013752061141	0.0154516245	0.0101518282	530.6666667
0.598574092163142	0.0154002854	0.0101505753	531
0.596130960740141	0.0153481163	0.0101521414	531.3333333
0.593678390765141	0.0153003485	0.0101521414	531.6666667
0.591222427615284	0.0152511764	0.0101499489	532
0.58876311724457	0.0151983119	0.0101508885	532.3333333
0.586298033510141	0.015148386	0.0101505753	532.6666667
0.583824510366427	0.0151000843	0.0101516045	533
0.581347939416427	0.0150465109	0.0101500831	533.3333333
0.578870815876713	0.0149993846	0.0101511123	533.6666667
0.576385782397713	0.014944232	0.0101509333	534
0.57389473151357	0.0148964552	0.0101509333	534.3333333
0.571397782818856	0.01484613	0.0101496804	534.6666667
0.568898849681999	0.0147967067	0.010150978	535
0.566393871310713	0.0147421822	0.0101512465	535.3333333
0.563886070764427	0.0146962807	0.010151515	535.6666667
0.561367482730713	0.0146436181	0.0101515597	536
0.55884841589057	0.0145943069	0.0101499936	536.3333333
0.556321264286141	0.0145427031	0.0101515597	536.6666667
0.553791750760284	0.0144948276	0.0101503069	537
0.551255413921713	0.0144392218	0.0101507991	537.3333333
0.548716535627142	0.014392616	0.0101519177	537.6666667
0.546170801766427	0.0143397425	0.0101493225	538
0.543622618643142	0.014291526	0.0101501279	538.3333333
0.541066829561999	0.0142379436	0.0101507096	538.6666667
0.538511196895713	0.0141903732	0.0101501279	539
0.535945978538999	0.0141372754	0.0101515597	539.3333333
0.533380502440284	0.0140907369	0.0101512913	539.6666667
0.530806831116427	0.0140382492	0.0101508885	540
0.528233320774285	0.0139858423	0.0101510228	540.3333333
0.525651831561856	0.0139388058	0.0101521862	540.6666667
0.52306487724857	0.0138881038	0.0101508438	541
0.520473636654427	0.013837653	0.0101521414	541.3333333
0.517878956645999	0.0137866145	0.0101507096	541.6666667
0.515278144061999	0.013738582	0.0101519624	542
0.512674232865427	0.0136865923	0.0101498594	542.3333333
0.510065901807427	0.0136389636	0.0101510228	542.6666667
0.507453560620713	0.0135848069	0.0101500831	543
0.504836389697142	0.013537573	0.0101516492	543.3333333
0.502213730695713	0.0134853859	0.0101510675	543.6666667
0.499587494275284	0.0134367208	0.0101514702	544
0.49695478447757	0.0133830353	0.0101499936	544.3333333
0.494320371099427	0.0133357879	0.0101503516	544.6666667
0.491676786473142	0.0132843097	0.0101497699	545
0.489034804100142	0.0132348459	0.0101503516	545.3333333
0.486386449534284	0.0131836998	0.0101507096	545.6666667
0.48373525424057	0.0131332894	0.0101502174	546
0.481074413459142	0.0130828341	0.0101505306	546.3333333
0.478414406129142	0.0130350663	0.0101504858	546.6666667
0.475748201573999	0.0129812192	0.0101514255	547
0.473078668208142	0.0129334065	0.0101508885	547.3333333
0.470402573981142	0.012881686	0.0101503516	547.6666667
0.467724283666713	0.0128332677	0.010150978	548
0.465042328449427	0.0127806275	0.0101512018	548.3333333
0.462355704762427	0.0127331019	0.0101512018	548.6666667
0.459662004444856	0.0126806546	0.0101519177	549
0.456965886975427	0.0126293425	0.0101510675	549.3333333
0.454266035672142	0.0125818348	0.0101510228	549.6666667
0.451563007548856	0.0125300202	0.0101521862	550
0.448856268425999	0.0124798969	0.0101512913	550.3333333
0.446145339639856	0.0124298499	0.0101501279	550.6666667
0.443429401582285	0.012381131	0.0101500384	551
0.44070946709657	0.0123297335	0.0101508885	551.3333333
0.437987985730713	0.0122816471	0.0101507543	551.6666667
0.43526060641157	0.0122287692	0.0101498147	552
0.432530114921999	0.0121801489	0.010151336	552.3333333
0.429793914147428	0.0121301692	0.0101511123	552.6666667
0.427056318483427	0.0120824328	0.0101529468	553
0.424313050640142	0.0120290703	0.0101514702	553.3333333
0.421569395898428	0.0119828368	0.0101496804	553.6666667
0.418817707055999	0.0119297749	0.0101505306	554
0.416065175628427	0.0118830973	0.0101503069	554.3333333
0.413305949901856	0.0118319107	0.0101503516	554.6666667
0.41054381894057	0.0117818951	0.0101516492	555
0.407777452219285	0.0117316149	0.0101504411	555.3333333
0.405010855299856	0.01168535	0.0101522756	555.6666667
0.402237200445427	0.0116342218	0.0101519177	556
0.399462877830856	0.0115822456	0.0101509333	556.3333333
0.396681510981856	0.0115350251	0.010151157	556.6666667
0.393899338367999	0.0114861984	0.0101516045	557
0.391113104961856	0.011437309	0.0101508885	557.3333333
0.38832515884157	0.0113888009	0.0101514702	557.6666667
0.385529786440713	0.0113374304	0.0101508885	558
0.382734515224284	0.0112873564	0.0101505306	558.3333333
0.379937476063285	0.0112404276	0.0101505306	558.6666667
0.37712499022157	0.0111899005	0.0101512465	559
0.374320170134999	0.0111412848	0.0101510228	559.3333333
0.371509576541999	0.0110906186	0.0101522309	559.6666667
0.368689926585856	0.0110439365	0.0101516492	560
0.365874355974856	0.0109928128	0.010151157	560.3333333
0.363057137013856	0.0109466601	0.0101506648	560.6666667
0.360227187795856	0.0108947602	0.0101525889	561
0.357403348176427	0.0108488632	0.0101503516	561.3333333
0.354573366704999	0.0107986816	0.010150978	561.6666667
0.351745153178142	0.0107519502	0.0101511123	562
0.348911967200142	0.0107005707	0.0101506648	562.3333333
0.346078357646142	0.0106553691	0.0101505753	562.6666667
0.343238021539713	0.0106055061	0.0101508438	563
0.340398049211999	0.0105587791	0.0101512018	563.3333333
0.337552584096856	0.0105103114	0.010151694	563.6666667
0.334706179778999	0.0104600625	0.0101517834	564
0.331854268973142	0.0104120614	0.0101514702	564.3333333
0.329001635319427	0.0103653299	0.0101502621	564.6666667
0.326146961993142	0.0103169968	0.0101507543	565
0.323289595333742	0.0102681477	0.0101515597	565.3333333
0.320427841033661	0.0102224571	0.0101520519	565.6666667
0.317566109672904	0.0101728857	0.010151515	566
0.314700230032864	0.0101272893	0.0101517387	566.3333333
0.311832209504712	0.0100780813	0.0101506648	566.6666667
0.308963406220385	0.0100322202	0.010151157	567
0.306090666437498	0.0099829225	0.0101507096	567.3333333
0.303216803332343	0.0099383132	0.0101516492	567.6666667
0.300339072822036	0.0098903075	0.0101519624	568
0.297459279638181	0.009844599	0.0101512018	568.3333333
0.294575747837828	0.0097949289	0.0101518729	568.6666667
0.291693951803115	0.0097507547	0.0101520967	569
0.288808325262885	0.0097021928	0.0101523204	569.3333333
0.285920829370592	0.0096580994	0.0101514255	569.6666667
0.283030497361969	0.0096079088	0.0101502621	570
0.280139419458701	0.0095651928	0.0101502174	570.3333333
0.277243548755887	0.0095181652	0.0101521862	570.6666667
0.274349059253348	0.0094720439	0.0101503964	571
0.271452161826858	0.0094258912	0.0101508885	571.3333333
0.268555038783353	0.0093810037	0.0101506648	571.6666667
0.2656519857238	0.0093336935	0.0101515597	572
0.262750281666323	0.0092898648	0.0101514255	572.3333333
0.259844549012618	0.0092438781	0.0101510675	572.6666667
0.256939322795256	0.0091983894	0.010150978	573
0.25402873273853	0.0091540314	0.0101499936	573.3333333
0.25111915097065	0.0091103956	0.0101516492	573.6666667
0.248207552686732	0.0090630899	0.0101531258	574
0.245294563978916	0.0090164212	0.0101505753	574.3333333
0.24237937452248	0.0089748358	0.0101520519	574.6666667
0.239462988019289	0.0089281492	0.0101515597	575
0.236546076613811	0.0088845179	0.010151157	575.3333333
0.233626020583535	0.0088394958	0.0101508438	575.6666667
0.230705499603245	0.0087953979	0.0101510675	576
0.227782322059892	0.0087501784	0.0101515597	576.3333333
0.22486050269229	0.0087073233	0.0101521862	576.6666667
0.221934502710914	0.0086617628	0.0101501279	577
0.219008023960644	0.0086202582	0.0101514702	577.3333333
0.216078147369331	0.0085751104	0.0101514255	577.6666667
0.213151539778744	0.0085328834	0.010151515	578
0.210221308629343	0.0084891669	0.0101516492	578.3333333
0.207291252474773	0.0084481513	0.0101518729	578.6666667
0.204357135520781	0.0084014422	0.0101523651	579
0.201424860242841	0.0083614809	0.0101517387	579.3333333
0.198489362141379	0.0083170555	0.0101507543	579.6666667
0.195554554522172	0.008276004	0.0101524099	580
0.19261538228695	0.0082319016	0.0101522309	580.3333333
0.189678420049233	0.0081912808	0.0101535732	580.6666667
0.186738658534594	0.0081474701	0.010151694	581
0.183801152989157	0.0081069793	0.0101516492	581.3333333
0.180860668648497	0.0080651651	0.0101505306	581.6666667
0.177921109629018	0.0080228484	0.0101515597	582
0.174976315849825	0.0079827435	0.0101529468	582.3333333
0.172033469481128	0.0079424187	0.0101523204	582.6666667
0.169090075358163	0.007900784	0.0101507991	583
0.166147026503727	0.0078583371	0.0101522756	583.3333333
0.163200570553225	0.0078207222	0.0101518729	583.6666667
0.160253442453118	0.0077785715	0.0101525441	584
0.157306190079551	0.0077383634	0.0101526783	584.3333333
0.154358256244557	0.0076958538	0.0101508438	584.6666667
0.151410129044121	0.0076574762	0.0101529468	585
0.148460445631598	0.0076175777	0.010150978	585.3333333
0.145510974034048	0.0075802724	0.010151157	585.6666667
0.142558717009999	0.007537839	0.0101533495	586
0.139619959085052	0.0075007446	0.0101528126	586.3333333
0.136708752183931	0.0074618286	0.0101527678	586.6666667
0.133827172652641	0.0074243887	0.0101530363	587
0.1309801836472	0.0073838038	0.0101533048	587.3333333
0.128036331119384	0.0073480463	0.0101519624	587.6666667
0.125099343716025	0.0073088611	0.0101518282	588
0.122156772204449	0.0072730813	0.0101520967	588.3333333
0.119211357802291	0.0072343627	0.0101526336	588.6666667
0.116270969282064	0.0071976541	0.0101528126	589
0.113326383894445	0.0071597027	0.0101518282	589.3333333
0.110380822085755	0.0071238107	0.0101514702	589.6666667
0.107427971809149	0.0070869944	0.0101512465	590
0.104471968574536	0.0070514837	0.0101517387	590.3333333
0.101524312705509	0.0070155872	0.010151157	590.6666667
0.0985728755649878	0.0069771916	0.0101525441	591
0.0956171495068083	0.0069431435	0.0101525441	591.3333333
0.092669082402152	0.0069092794	0.0101520072	591.6666667
0.0897179716400075	0.0068725663	0.0101523204	592
0.086761134507672	0.0068375491	0.0101527231	592.3333333
0.0838157275429806	0.0068059641	0.010151515	592.6666667
0.0808665625307118	0.0067696458	0.0101524099	593
0.0779111422561923	0.00673667	0.0101520072	593.3333333
0.0749643949561358	0.00670159	0.0101520519	593.6666667
0.0720131616279662	0.0066691077	0.0101510228	594
0.0690563799340074	0.0066357056	0.0101529021	594.3333333
0.0661100380824882	0.0066060498	0.0101502174	594.6666667
0.0631631916321252	0.0065704853	0.0101523651	595
0.0602115122417624	0.0065405782	0.0101530363	595.3333333
0.0572776529376815	0.0065084638	0.0101527678	595.6666667
0.0543369716416593	0.006478144	0.0101516492	596
0.0513936841713721	0.0064468282	0.0101520967	596.3333333
0.0484663531465824	0.0064166789	0.0101524994	596.6666667
0.0455357249675714	0.0063865654	0.0101504411	597
0.0426019318441888	0.0063581703	0.0101523204	597.3333333
0.0396971577577921	0.0063291695	0.0101526783	597.6666667
0.036782679911363	0.0062982934	0.010151336	598
0.0338707999312398	0.0062722223	0.0101503516	598.3333333
0.0309915964809822	0.0062457474	0.0101508885	598.6666667
0.0281137054997431	0.0062174914	0.0101521862	599
0.0252384455503138	0.0061934168	0.0101525441	599.3333333
0.0224119203558126	0.0061669419	0.0101524099	599.6666667
0.0196138214034679	0.0061424994	0.0101519624	600
0.0168443125712468	0.0061197439	0.0101524994	600.3333333
0.0141868620598673	0.0060980068	0.0101502621	600.6666667
0.0116535157086541	0.0060776335	0.0101516492	601
0.00930336444614717	0.0060564438	0.0101516045	601.3333333
0.00759413511232943	0.0060378606	0.0101517834	601.6666667
0.00704821359243639	0.0060214131	0.0101510228	602
0.00686051378872314	0.0060067333	0.0101521862	602.3333333
