Calibrated Field (T)	Sample Voltage (V)	Sample Current (A)	Acquisition Time (s)	
Teslas	Volts	Amps	Seconds	
0.006964419035574	0.0032413221	0.0101559447	13.6666667
0.00695087225258399	0.0032412414	0.0101575108	14
0.0069526878031494	0.0032413401	0.0101575108	14.3333333
0.00697956191282443	0.003241044	0.0101563027	14.6666667
0.00702814945380601	0.0032415599	0.0101559895	15
0.00783729167037463	0.0032410978	0.0101569739	15.3333333
0.00911571529086899	0.0032408152	0.0101566606	15.6666667
0.0106969357065168	0.0032401736	0.0101567501	16
0.0125215752561051	0.0032349468	0.0101572871	16.3333333
0.0144826428016899	0.0032311378	0.0101563474	16.6666667
0.0165352334449603	0.0032283561	0.0101564817	17
0.018705056111413	0.0032250541	0.0101567501	17.3333333
0.0209337755576321	0.0032234703	0.010157645	17.6666667
0.023200870723589	0.003222591	0.0101570633	18
0.0255380308502105	0.0032207695	0.0101566159	18.3333333
0.0279011234804343	0.0032202266	0.0101561237	18.6666667
0.0302960602862963	0.0032202445	0.0101552288	19
0.0327356135670791	0.0032203208	0.0101563027	19.3333333
0.0351954948949736	0.003220747	0.0101556763	19.6666667
0.0376702778993964	0.0032224115	0.0101561237	20
0.0401848209186692	0.0032240536	0.0101571976	20.3333333
0.042709743313725	0.0032254668	0.0101569739	20.6666667
0.0452473015759851	0.0032283068	0.0101562132	21
0.047814103474007	0.0032302898	0.0101575108	21.3333333
0.050391485134795	0.0032335829	0.0101572423	21.6666667
0.0529778650589664	0.0032375131	0.0101570633	22
0.0555920506830334	0.0032408286	0.0101571081	22.3333333
0.058213487978625	0.0032448575	0.0101562132	22.6666667
0.0608408549813318	0.0032510265	0.0101565712	23
0.0634749121069846	0.0032537632	0.0101574661	23.3333333
0.0661168969905193	0.003257846	0.0101559447	23.6666667
0.0687784309301882	0.0032643693	0.0101564817	24
0.0714466871911724	0.0032692686	0.0101568844	24.3333333
0.0741198818959085	0.003274132	0.0101557657	24.6666667
0.0768127597152728	0.0032804535	0.0101572423	25
0.0795101675445993	0.0032865461	0.0101566159	25.3333333
0.0822133515518829	0.0032926433	0.0101559	25.6666667
0.0849306257255396	0.0032992295	0.0101572871	26
0.0876522950273011	0.0033056631	0.010158182	26.3333333
0.0903772513796605	0.0033131601	0.0101555868	26.6666667
0.0931186532188912	0.0033202802	0.0101569291	27
0.0958622679160504	0.0033273823	0.0101568844	27.3333333
0.0986100343016845	0.0033345428	0.010155363	27.6666667
0.10136978546514	0.0033429146	0.0101555868	28
0.104130770946878	0.003350757	0.0101562579	28.3333333
0.106894355201705	0.0033585097	0.0101557657	28.6666667
0.109396630878106	0.0033677295	0.0101567949	29
0.111926388411996	0.0033754866	0.0101552288	29.3333333
0.114485543115576	0.0033830015	0.0101566606	29.6666667
0.117082299433617	0.0033934013	0.0101556315	30
0.119708209023917	0.0034018628	0.0101559895	30.3333333
0.122360960363599	0.0034112979	0.0101563474	30.6666667
0.125053021553796	0.0034206523	0.0101554078	31
0.127774572021339	0.0034303163	0.0101566159	31.3333333
0.130517646628769	0.0034399174	0.0101567501	31.6666667
0.133266140199382	0.0034507299	0.010155363	32
0.136017962486946	0.0034593664	0.0101556763	32.3333333
0.138778145851064	0.0034699815	0.0101551841	32.6666667
0.141539692023295	0.0034824181	0.0101556315	33
0.144307476742021	0.0034906553	0.0101554525	33.3333333
0.14707633883929	0.0035021273	0.010155542	33.6666667
0.149853184421226	0.003513864	0.0101550498	34
0.152630016273334	0.0035239452	0.0101563474	34.3333333
0.155411244996598	0.0035344929	0.0101563474	34.6666667
0.158195876098363	0.0035466559	0.0101563474	35
0.160985364579173	0.0035568088	0.0101545576	35.3333333
0.163777666205022	0.0035703222	0.0101563922	35.6666667
0.166572325033166	0.003581682	0.0101568844	36
0.169369414818777	0.0035939078	0.0101559	36.3333333
0.172168751406479	0.0036053798	0.0101563474	36.6666667
0.174972802572598	0.0036184983	0.010157824	37
0.177779625478773	0.0036305311	0.0101558105	37.3333333
0.180587295570487	0.0036437484	0.0101554525	37.6666667
0.183397889184894	0.0036561221	0.0101566606	38
0.186209891710979	0.0036688683	0.0101557657	38.3333333
0.189024141027596	0.0036818298	0.0101559895	38.6666667
0.191840959373349	0.0036951099	0.0101574213	39
0.194658040119416	0.0037082778	0.0101565712	39.3333333
0.197477266449752	0.0037217732	0.0101567501	39.6666667
0.200298219355926	0.0037356096	0.0101550498	40
0.203122390444125	0.0037492755	0.0101570633	40.3333333
0.205943835916526	0.003763085	0.0101561684	40.6666667
0.208768872675189	0.0037772758	0.0101582267	41
0.211593195668474	0.0037912782	0.0101567501	41.3333333
0.214421855829393	0.0038045627	0.0101565264	41.6666667
0.217246505746427	0.003820279	0.0101547366	42
0.220073430048228	0.0038332539	0.0101567501	42.3333333
0.222898724584569	0.0038487817	0.0101567949	42.6666667
0.225725823850659	0.0038629232	0.0101542892	43
0.228552158950966	0.0038789086	0.0101574213	43.3333333
0.231378498629119	0.0038928976	0.0101561237	43.6666667
0.234203097894427	0.0039094662	0.0101539312	44
0.237031412660943	0.0039226207	0.0101551393	44.3333333
0.23985726891215	0.0039394226	0.0101568396	44.6666667
0.242681766932233	0.0039544255	0.0101561237	45
0.245512641633966	0.0039708551	0.0101569739	45.3333333
0.248342342320603	0.0039860195	0.0101567949	45.6666667
0.251171914001233	0.0040034316	0.0101546471	46
0.254000472872257	0.0040175237	0.0101569291	46.3333333
0.256828879724595	0.0040341148	0.0101563474	46.6666667
0.259656711055745	0.0040492568	0.0101570186	47
0.262486181426072	0.004066808	0.0101563474	47.3333333
0.265312442745519	0.0040818961	0.0101570633	47.6666667
0.268148690357392	0.0040994339	0.0101566159	48
0.270972971903737	0.0041152668	0.0101568844	48.3333333
0.273796415626031	0.0041322931	0.0101563027	48.6666667
0.276627147547258	0.0041484445	0.010155721	49
0.279449320484181	0.0041654843	0.0101565712	49.3333333
0.282267156411168	0.004182533	0.010156079	49.6666667
0.285092547645144	0.0041992901	0.0101559	50
0.287904651430725	0.0042163298	0.010157645	50.3333333
0.290715590309808	0.0042326697	0.0101548708	50.6666667
0.29352158899874	0.0042504766	0.0101563027	51
0.296327141089574	0.0042672607	0.0101563474	51.3333333
0.299128305471652	0.0042868577	0.0101570186	51.6666667
0.301947587108055	0.0043032559	0.0101563474	52
0.304754147544534	0.0043211436	0.0101571081	52.3333333
0.307558346141503	0.0043387038	0.0101575555	52.6666667
0.310360818183612	0.0043567216	0.0101566606	53
0.313161793814345	0.0043733576	0.0101562132	53.3333333
0.315959970163305	0.0043927572	0.0101561237	53.6666667
0.31875432511677	0.0044100438	0.0101577345	54
0.321545365196143	0.0044283891	0.0101567054	54.3333333
0.324333896016857	0.0044455814	0.0101566159	54.6666667
0.327121703989714	0.0044655239	0.010155721	55
0.329901017322857	0.0044813478	0.0101566606	55.3333333
0.332678410863428	0.0045013262	0.0101560342	55.6666667
0.335449662552	0.0045202862	0.0101557657	56
0.338224427152714	0.0045387168	0.0101570186	56.3333333
0.340992985394571	0.0045576992	0.0101563474	56.6666667
0.343758675364714	0.0045770046	0.0101562579	57
0.346514535460286	0.0045953275	0.0101579582	57.3333333
0.349268471053714	0.0046135652	0.0101571528	57.6666667
0.352017148910143	0.0046332744	0.0101567949	58
0.354766310139857	0.0046512922	0.0101571976	58.3333333
0.357506659047857	0.004670979	0.010157645	58.6666667
0.360243844979143	0.0046905357	0.010155363	59
0.362989092697714	0.00470972	0.0101565712	59.3333333
0.365732669089286	0.00472785	0.0101562579	59.6666667
0.368469666209571	0.0047480258	0.0101564369	60
0.371202459823285	0.0047652809	0.0101564817	60.3333333
0.373929327939857	0.0047874083	0.0101559895	60.6666667
0.376653604079571	0.0048062472	0.0101541549	61
0.379369505316857	0.004825916	0.0101562132	61.3333333
0.382081377872571	0.0048453336	0.0101554525	61.6666667
0.384790722815571	0.0048658504	0.0101561684	62
0.387495689284286	0.0048848149	0.0101563027	62.3333333
0.390192980721428	0.004905565	0.0101572871	62.6666667
0.392884576859571	0.0049251755	0.0101563027	63
0.395571136182428	0.0049438932	0.0101558552	63.3333333
0.398254518685286	0.0049629743	0.0101565264	63.6666667
0.400936570520143	0.0049846307	0.010155363	64
0.403610040374143	0.0050034381	0.0101564369	64.3333333
0.406282234790571	0.0050251439	0.0101563027	64.6666667
0.408949760737286	0.0050437629	0.0101565712	65
0.411614404569	0.0050643649	0.0101567501	65.3333333
0.414272404622571	0.0050852989	0.0101564817	65.6666667
0.416927821690286	0.0051054523	0.010155721	66
0.419595412143857	0.0051248296	0.0101554973	66.3333333
0.422261078095286	0.0051459072	0.0101557657	66.6666667
0.424918447494428	0.0051680167	0.0101558552	67
0.427569283576285	0.0051869183	0.0101557657	67.3333333
0.430213807405286	0.0052078434	0.010155721	67.6666667
0.432857111169857	0.0052284813	0.0101565264	68
0.435490677396	0.0052494737	0.010155542	68.3333333
0.438122033548714	0.0052699277	0.010155363	68.6666667
0.440744664863571	0.0052912027	0.0101586742	69
0.443378355393857	0.0053102838	0.0101563027	69.3333333
0.445999725399857	0.0053328195	0.0101565264	69.6666667
0.448618088844	0.005352789	0.0101572871	70
0.451221300169714	0.005374728	0.0101571528	70.3333333
0.453822112753714	0.0053940289	0.010155721	70.6666667
0.456419739384	0.0054170627	0.0101571081	71
0.459013797729	0.0054365341	0.0101559	71.3333333
0.461603031046714	0.0054595499	0.0101556315	71.6666667
0.464187821383286	0.0054786848	0.010156079	72
0.466786806225428	0.0055008302	0.0101566606	72.3333333
0.469380063515143	0.0055218764	0.0101563922	72.6666667
0.471968841003428	0.0055440039	0.0101559895	73
0.474552890082	0.0055626812	0.0101573766	73.3333333
0.477134627902714	0.0055856252	0.0101548261	73.6666667
0.479709777175714	0.005604832	0.0101559447	74
0.482279885066571	0.0056287002	0.0101554078	74.3333333
0.484837511308714	0.0056496567	0.010156079	74.6666667
0.487393608938143	0.0056705144	0.0101559895	75
0.489943988291571	0.0056918433	0.0101575108	75.3333333
0.492486890558143	0.0057148725	0.0101556315	75.6666667
0.495022845207857	0.0057363405	0.010156079	76
0.497556083576571	0.0057573642	0.0101572871	76.3333333
0.500082443259428	0.0057796756	0.0101571976	76.6666667
0.502609387785428	0.005800677	0.0101562579	77
0.505127773307571	0.0058221225	0.0101558105	77.3333333
0.507642991143428	0.0058431014	0.0101559	77.6666667
0.510154240380428	0.0058664671	0.0101554525	78
0.512662119276857	0.0058859879	0.0101580477	78.3333333
0.515163902418	0.0059096273	0.0101568844	78.6666667
0.517678411106571	0.0059300723	0.0101558105	79
0.520191907094571	0.0059521549	0.0101574213	79.3333333
0.522701346857143	0.0059741119	0.0101570633	79.6666667
0.525206937472714	0.0059964367	0.0101562579	80
0.527710018885714	0.0060170163	0.0101564369	80.3333333
0.530208045073286	0.0060403507	0.0101567054	80.6666667
0.532703681795571	0.0060617289	0.0101562132	81
0.535217946585428	0.0060838698	0.0101572871	81.3333333
0.537719448864857	0.0061064728	0.0101558552	81.6666667
0.540220117835571	0.0061284836	0.0101566159	82
0.542704179715714	0.0061490139	0.0101561684	82.3333333
0.545185221333428	0.0061734115	0.010158003	82.6666667
0.547661622025285	0.006194839	0.0101568844	83
0.550144256619857	0.0062163159	0.0101558552	83.3333333
0.552611476787143	0.0062394484	0.0101567501	83.6666667
0.555076058880857	0.0062607503	0.0101566606	84
0.557536179583286	0.0062832591	0.0101561684	84.3333333
0.559993754120142	0.006306082	0.0101576003	84.6666667
0.562453998984	0.0063282184	0.010155542	85
0.564920965833428	0.0063495293	0.0101551841	85.3333333
0.567376625144571	0.0063724015	0.0101557657	85.6666667
0.569833329552428	0.0063950943	0.0101551841	86
0.572287055085	0.0064180607	0.010156079	86.3333333
0.574731650613857	0.0064394972	0.0101558552	86.6666667
0.577172839267285	0.0064636346	0.0101561237	87
0.579611380427999	0.0064836445	0.0101539312	87.3333333
0.582051579215142	0.0065086837	0.0101563027	87.6666667
0.584487399385285	0.0065308021	0.0101564817	88
0.586921295053285	0.0065528129	0.0101567501	88.3333333
0.589347520256571	0.0065746129	0.0101571976	88.6666667
0.591775260229285	0.0065976421	0.0101563027	89
0.594199142063999	0.006620133	0.0101555868	89.3333333
0.596604658139999	0.0066439339	0.0101562579	89.6666667
0.599006159520428	0.0066644866	0.0101567949	90
0.601406293412571	0.0066872556	0.010155363	90.3333333
0.603801620687571	0.0067109892	0.0101559	90.6666667
0.606195898013571	0.0067331257	0.0101558105	91
0.608584830118714	0.0067540103	0.0101552288	91.3333333
0.610972330228714	0.0067788297	0.0101566606	91.6666667
0.613356230085428	0.006801343	0.0101549156	92
0.615737662126714	0.0068232506	0.0101559447	92.3333333
0.618113684297571	0.0068466074	0.0101564817	92.6666667
0.620490636537428	0.0068696635	0.0101550946	93
0.622862800570285	0.0068926793	0.0101553183	93.3333333
0.625232395460571	0.006914901	0.0101559	93.6666667
0.627596400945857	0.0069381994	0.0101570186	94
0.629956060210285	0.0069594654	0.0101562579	94.3333333
0.632310728613428	0.0069824094	0.0101565712	94.6666667
0.634663288413	0.0070041735	0.0101557657	95
0.637010507415857	0.007028284	0.0101553183	95.3333333
0.639350263175142	0.0070501108	0.0101563474	95.6666667
0.641688904764	0.0070739746	0.0101556315	96
0.644023029731143	0.00709494	0.0101559	96.3333333
0.646330377216857	0.007119701	0.0101551841	96.6666667
0.648636628942285	0.0071405095	0.0101556315	97
0.650939570267143	0.0071651808	0.0101556315	97.3333333
0.653239560546	0.0071875909	0.010155721	97.6666667
0.655537455921857	0.0072111405	0.0101556763	98
0.657827197316999	0.0072325143	0.0101555868	98.3333333
0.660117104403428	0.0072565619	0.0101554525	98.6666667
0.662399511425999	0.0072777966	0.0101559895	99
0.664682908457571	0.0073006149	0.010155542	99.3333333
0.666946880647714	0.0073248197	0.0101545576	99.6666667
0.669211387017428	0.0073455877	0.0101562132	100
0.671469198945428	0.007368267	0.010155542	100.3333333
0.673732701605571	0.0073926197	0.0101543787	100.6666667
0.675987880169571	0.0074141325	0.010155542	101
0.678238772167285	0.0074367176	0.0101550051	101.3333333
0.680483651184	0.0074616895	0.0101559447	101.6666667
0.682724151869142	0.0074839157	0.0101561237	102
0.684954426790285	0.0075070661	0.0101562579	102.3333333
0.687168094620857	0.0075291083	0.010155542	102.6666667
0.689374773590142	0.007552299	0.010155542	103
0.691576991168143	0.0075740631	0.0101547814	103.3333333
0.693770599078714	0.00759851	0.0101551393	103.6666667
0.695964133206	0.0076195338	0.0101550051	104
0.698150807343	0.0076420112	0.0101540654	104.3333333
0.700329217181142	0.0076646097	0.0101556315	104.6666667
0.702510499857857	0.007688792	0.0101543787	105
0.704689636967999	0.0077097754	0.010155363	105.3333333
0.706858723424571	0.0077353754	0.0101550051	105.6666667
0.709019301540857	0.0077555423	0.0101552735	106
0.711174377736	0.0077803706	0.0101554525	106.3333333
0.713322151812	0.0078018565	0.0101550498	106.6666667
0.715468061325857	0.0078240512	0.0101537075	107
0.717606443089285	0.0078464658	0.0101541549	107.3333333
0.719739152530714	0.007870518	0.0101543339	107.6666667
0.721864541585571	0.0078914789	0.0101551393	108
0.723986362355142	0.0079148178	0.0101541102	108.3333333
0.726093109499142	0.0079368106	0.0101550051	108.6666667
0.728196094979999	0.0079585432	0.0101548261	109
0.730276193513571	0.007979567	0.010153439	109.3333333
0.732344896882285	0.0080040589	0.0101543339	109.6666667
0.734406040247142	0.0080253922	0.0101551393	110
0.736465107261857	0.0080471562	0.0101556315	110.3333333
0.738512995466571	0.0080702259	0.0101552735	110.6666667
0.740561146122857	0.0080909625	0.0101564369	111
0.742601681544857	0.0081141936	0.0101554525	111.3333333
0.744619597180714	0.0081353475	0.0101557657	111.6666667
0.746625357983571	0.0081567212	0.0101547814	112
0.748623729183428	0.0081791941	0.0101542444	112.3333333
0.750613693227428	0.0082025464	0.0101550051	112.6666667
0.752601939990428	0.0082227088	0.0101547366	113
0.754584892053428	0.0082451817	0.010153797	113.3333333
0.756551937039428	0.0082659856	0.0101547814	113.6666667
0.758512614542142	0.0082881804	0.0101546919	114
0.760474263358285	0.0083088677	0.0101533495	114.3333333
0.762429194898428	0.0083322065	0.0101541549	114.6666667
0.764367413596714	0.0083513504	0.0101552735	115
0.766298712364714	0.0083739803	0.0101535285	115.3333333
0.768210273318857	0.0083940575	0.0101550946	115.6666667
0.770118915194999	0.0084165259	0.0101551393	116
0.772019794555714	0.0084354096	0.0101565264	116.3333333
0.773913933663428	0.0084582504	0.010155542	116.6666667
0.775799969596714	0.0084773315	0.0101547366	117
0.777672294397714	0.008500105	0.0101552735	117.3333333
0.779544103572	0.0085221068	0.010153618	117.6666667
0.781398532287	0.0085424397	0.0101541997	118
0.783252021799285	0.0085613234	0.0101546471	118.3333333
0.785094281838	0.0085840117	0.0101544681	118.6666667
0.786931997711143	0.0086035459	0.0101548708	119
0.788753488682571	0.0086234929	0.0101539312	119.3333333
0.790576411506428	0.0086453063	0.0101540207	119.6666667
0.792386010096428	0.0086637863	0.0101544681	120
0.794185603986857	0.0086845319	0.0101544234	120.3333333
0.795983374702285	0.0087049814	0.0101542444	120.6666667
0.797765514492857	0.0087251258	0.0101530363	121
0.799539426804857	0.0087435249	0.0101542444	121.3333333
0.801313965204428	0.008765796	0.010153618	121.6666667
0.803076997978285	0.0087832709	0.0101546471	122
0.804824878633714	0.0088044427	0.0101553183	122.3333333
0.806569600879285	0.008823138	0.0101538417	122.6666667
0.808306919821286	0.0088443547	0.0101541549	123
0.810038580284571	0.0088633865	0.0101548708	123.3333333
0.811756184389714	0.008883172	0.0101552735	123.6666667
0.813464248901142	0.0089016474	0.0101551393	124
0.815162990173714	0.0089216841	0.0101541549	124.3333333
0.816858190847571	0.0089409537	0.0101544234	124.6666667
0.818543188877143	0.0089594201	0.0101542892	125
0.820223978690571	0.0089773348	0.0101541549	125.3333333
0.821901794195571	0.0089974164	0.0101550498	125.6666667
0.823568214535714	0.009015488	0.0101545129	126
0.825228166208142	0.009035951	0.0101547814	126.3333333
0.826877813909142	0.0090548167	0.0101542444	126.6666667
0.828522337311	0.009072857	0.0101545576	127
0.830155967331428	0.00909179	0.0101551393	127.3333333
0.831785877218571	0.0091102206	0.0101548708	127.6666667
0.833394681946285	0.0091301362	0.0101541549	128
0.834998422172142	0.0091471849	0.0101540207	128.3333333
0.836596899951428	0.0091663513	0.0101548261	128.6666667
0.838183563699428	0.0091833103	0.0101552288	129
0.839766056194285	0.0092039393	0.0101539759	129.3333333
0.841339713390428	0.0092212572	0.0101539759	129.6666667
0.842908835554714	0.0092387187	0.0101541549	130
0.844470894931714	0.0092574857	0.010153797	130.3333333
0.846023400871713	0.0092749203	0.0101542892	130.6666667
0.847566749121428	0.0092923549	0.0101544234	131
0.849109084527856	0.009311759	0.0101540207	131.3333333
0.850647317754856	0.0093284084	0.0101551841	131.6666667
0.852161043371142	0.0093473774	0.0101544681	132
0.853673327858571	0.0093648433	0.0101534838	132.3333333
0.855189590221285	0.0093820985	0.0101548261	132.6666667
0.856679517231428	0.0093982992	0.0101528126	133
0.858168864107999	0.0094174746	0.0101532153	133.3333333
0.859660209127285	0.0094351424	0.0101544234	133.6666667
0.861133225350856	0.0094513926	0.0101546024	134
0.862598387008285	0.0094696885	0.0101533495	134.3333333
0.864067650845142	0.0094872846	0.0101535732	134.6666667
0.865521992761714	0.0095040148	0.0101545576	135
0.866976758254285	0.0095206597	0.0101541997	135.3333333
0.868416477665142	0.0095386596	0.0101539759	135.6666667
0.869855805610714	0.0095555423	0.0101555868	136
0.871283070916714	0.0095712586	0.0101539312	136.3333333
0.872702039670428	0.0095897789	0.0101545576	136.6666667
0.874111698885856	0.0096057149	0.0101558105	137
0.875515197839142	0.0096231271	0.0101549603	137.3333333
0.876919603741714	0.0096393189	0.0101543787	137.6666667
0.878313853096714	0.00965639	0.0101543339	138
0.879695611526571	0.0096735285	0.0101538417	138.3333333
0.881068147901999	0.0096893928	0.0101546024	138.6666667
0.882435030365571	0.0097066434	0.0101543787	139
0.883808966339999	0.0097239299	0.0101537075	139.3333333
0.885164905043999	0.0097404133	0.0101546024	139.6666667
0.88651257003	0.0097543215	0.0101546024	140
0.887864908195285	0.0097723214	0.0101541102	140.3333333
0.889199170739999	0.009787912	0.0101543339	140.6666667
0.890526992160857	0.0098048171	0.0101541102	141
0.891856139540142	0.0098197572	0.0101550946	141.3333333
0.893168965400142	0.0098378064	0.0101541549	141.6666667
0.894475193578714	0.009851257	0.0101552735	142
0.895792577447571	0.0098687947	0.0101568396	142.3333333
0.897091678474714	0.0098850269	0.010155721	142.6666667
0.898385986727999	0.0099000163	0.0101545129	143
0.899679387889285	0.0099171189	0.0101561237	143.3333333
0.900964446401571	0.0099330191	0.0101556763	143.6666667
0.902253952461857	0.0099489596	0.0101551393	144
0.903527800053428	0.009964142	0.0101552288	144.3333333
0.904800105331714	0.0099798447	0.010155542	144.6666667
0.906065923246714	0.0099958975	0.0101554973	145
0.907332593023285	0.0100119816	0.0101559895	145.3333333
0.908576306778857	0.0100264954	0.0101551841	145.6666667
0.909823137557143	0.0100423059	0.0101542444	146
0.911056726875857	0.0100580176	0.010155542	146.3333333
0.912295422226285	0.0100738326	0.0101547366	146.6666667
0.913522588831285	0.0100876151	0.0101560342	147
0.914749069408714	0.0101049645	0.0101563027	147.3333333
0.915968685286285	0.0101184868	0.0101549156	147.6666667
0.917189553481714	0.010134692	0.0101537522	148
0.918406535852571	0.0101495244	0.0101554078	148.3333333
0.919610244653142	0.0101654919	0.0101556315	148.6666667
0.920822549277857	0.0101789784	0.0101550498	149
0.922012500992142	0.0101958476	0.010156079	149.3333333
0.923214828603857	0.0102099622	0.0101550051	149.6666667
0.924402579521142	0.0102251804	0.0101548261	150
0.925586080977857	0.0102402685	0.0101559895	150.3333333
0.926779867853143	0.0102563571	0.0101559	150.6666667
0.927961762489714	0.0102676048	0.0101550051	151
0.929137915730571	0.0102848599	0.0101551393	151.3333333
0.930318479699143	0.0102986111	0.0101550498	151.6666667
0.931485199097571	0.010312932	0.010155363	152
0.932639036391	0.0103281143	0.0101554525	152.3333333
0.933805005397714	0.0103430275	0.0101545576	152.6666667
0.934966388709	0.0103578554	0.010155721	153
0.936104304939428	0.0103725846	0.0101553183	153.3333333
0.937238293958142	0.0103864569	0.010155542	153.6666667
0.938385335625428	0.0104004682	0.0101546919	154
0.939517602653571	0.0104170369	0.0101563027	154.3333333
0.940646490207428	0.0104290607	0.0101552735	154.6666667
0.941765874987857	0.0104440861	0.0101564369	155
0.942897506509285	0.0104593312	0.0101550051	155.3333333
0.944014580031857	0.0104723376	0.0101553183	155.6666667
0.945118306200857	0.010485335	0.0101548708	156
0.946223505752143	0.0105000193	0.010155721	156.3333333
0.947329718146714	0.0105128732	0.0101541102	156.6666667
0.948436298886857	0.0105277011	0.010155363	157
0.949523560822286	0.0105428296	0.0101547366	157.3333333
0.950605555744285	0.0105570922	0.0101566159	157.6666667
0.951682228279714	0.0105694794	0.0101559	158
0.952780162532143	0.0105839125	0.0101557657	158.3333333
0.953873879434714	0.0105969683	0.0101561237	158.6666667
0.954964921443428	0.010611029	0.0101562132	159
0.956035590131571	0.0106245109	0.0101556315	159.3333333
0.957102603193286	0.0106389351	0.0101545129	159.6666667
0.958166545329	0.0106494066	0.0101556763	160
0.959224133824714	0.0106661996	0.0101549603	160.3333333
0.960283692919285	0.0106791431	0.0101547814	160.6666667
0.961343827580571	0.0106917457	0.0101547366	161
0.962402088403285	0.0107053488	0.0101550051	161.3333333
0.963454262461714	0.0107201184	0.0101559895	161.6666667
0.964500009239571	0.0107324653	0.0101543339	162
0.965540438340428	0.0107458261	0.0101550498	162.3333333
0.966573519225428	0.0107578768	0.010155363	162.6666667
0.967598966608714	0.0107719286	0.0101565712	163
0.968627945314285	0.0107856618	0.0101558105	163.3333333
0.969650754624	0.0107984708	0.0101547814	163.6666667
0.970662062874857	0.0108113829	0.0101552288	164
0.971691801248571	0.0108241425	0.0101564817	164.3333333
0.972709380222428	0.0108373508	0.0101561684	164.6666667
0.973713542911714	0.010849101	0.0101552735	165
0.974734137581142	0.0108647679	0.010155721	165.3333333
0.975740054371714	0.0108754054	0.0101546024	165.6666667
0.976740883683428	0.0108879586	0.010156079	166
0.977745981008571	0.0109023738	0.0101544681	166.3333333
0.978752639057142	0.0109147386	0.0101544681	166.6666667
0.979754255580856	0.010925892	0.0101548708	167
0.980757520311856	0.0109410161	0.0101557657	167.3333333
0.981752313522856	0.0109514158	0.0101547366	167.6666667
0.982729804624713	0.0109646644	0.0101552735	168
0.983714795790428	0.0109783573	0.010155363	168.3333333
0.984697351394142	0.0109886942	0.0101561237	168.6666667
0.985671601169142	0.0110006507	0.0101546024	169
0.986654064722142	0.0110148191	0.0101564369	169.3333333
0.987612269272713	0.0110270359	0.0101557657	169.6666667
0.988576514348142	0.0110388399	0.0101545576	170
0.989539051276285	0.011051254	0.0101547814	170.3333333
0.990485754767999	0.0110633631	0.010156079	170.6666667
0.991440925212856	0.0110759298	0.010155721	171
0.992390902284856	0.0110883888	0.0101547814	171.3333333
0.993330865380856	0.0110998249	0.0101540654	171.6666667
0.994287872843999	0.0111115482	0.0101535732	172
0.995234719049999	0.0111251513	0.0101549156	172.3333333
0.996177601223999	0.0111360445	0.0101542444	172.6666667
0.997130312987142	0.0111481177	0.0101543339	173
0.998080317602999	0.0111603973	0.0101550946	173.3333333
0.99901308461657	0.0111726006	0.0101554525	173.6666667
0.999932522686713	0.011182444	0.0101558105	174
1.00084456187743	0.011196738	0.0101548708	174.3333333
1.00176248517814	0.0112059219	0.0101556763	174.6666667
1.00266982821257	0.0112185289	0.0101551841	175
1.00357692278143	0.0112312482	0.0101556763	175.3333333
1.00448641594928	0.0112421235	0.0101553183	175.6666667
1.00541062381628	0.0112522899	0.0101555868	176
1.00632868069757	0.0112665929	0.0101556315	176.3333333
1.00724105612314	0.011277531	0.0101561237	176.6666667
1.008128629233	0.0112882268	0.0101552735	177
1.009023633333	0.0113010941	0.0101561237	177.3333333
1.009906224858	0.0113121893	0.0101546024	177.6666667
1.01080870604486	0.0113215705	0.0101559	178
1.01169607664314	0.01133573	0.0101547814	178.3333333
1.01258583670671	0.0113460041	0.0101551393	178.6666667
1.01346195942128	0.0113566416	0.0101542444	179
1.01432870823343	0.0113673688	0.01015326	179.3333333
1.01519748273214	0.0113802137	0.0101564369	179.6666667
1.01606509239686	0.0113909589	0.0101552288	180
1.01693624736986	0.0114018745	0.0101559	180.3333333
1.01780936808943	0.0114124627	0.0101552288	180.6666667
1.01865233213871	0.0114236924	0.0101546024	181
1.01949683379171	0.0114365687	0.0101547814	181.3333333
1.02034075545386	0.0114456673	0.0101548708	181.6666667
1.021186877913	0.0114574265	0.0101554525	182
1.02203547275443	0.0114680954	0.0101554078	182.3333333
1.02288367156371	0.011477517	0.0101546024	182.6666667
1.02370712343043	0.0114873694	0.0101544681	183
1.02452500886914	0.0114999092	0.0101548261	183.3333333
1.02536255391428	0.0115095328	0.010155363	183.6666667
1.02620646173314	0.0115220008	0.0101548708	184
1.02703885464986	0.011533226	0.0101562579	184.3333333
1.02785834234186	0.0115424996	0.0101563922	184.6666667
1.02867925275257	0.0115527109	0.0101555868	185
1.02950381408014	0.0115641694	0.0101561684	185.3333333
1.03032007899814	0.0115740532	0.0101554078	185.6666667
1.03112063464114	0.0115859873	0.0101565712	186
1.03192630088271	0.0115954135	0.0101565712	186.3333333
1.03272989990786	0.0116059523	0.0101555868	186.6666667
1.03353548779928	0.011616361	0.0101563474	187
1.03431858934243	0.0116271017	0.0101567054	187.3333333
1.03511036035028	0.0116366534	0.0101550946	187.6666667
1.03591195652314	0.011648094	0.0101552735	188
1.03671841468628	0.0116576727	0.0101561684	188.3333333
1.03749711463543	0.0116670181	0.0101556763	188.6666667
1.03826297386671	0.0116784453	0.0101545129	189
1.03904267752543	0.011687831	0.0101550051	189.3333333
1.03983671383714	0.0116979391	0.0101567501	189.6666667
1.04061183651	0.01170811	0.0101561684	190
1.041384519054	0.0117196628	0.0101546024	190.3333333
1.04215604589771	0.0117277789	0.0101555868	190.6666667
1.04292641247428	0.0117374518	0.0101556315	191
1.043679536739	0.0117486636	0.0101565264	191.3333333
1.04442352643314	0.0117576321	0.010155721	191.6666667
1.04518130090014	0.0117666006	0.0101571528	192
1.04592522166328	0.0117782162	0.0101563474	192.3333333
1.046675334942	0.0117860452	0.0101570633	192.6666667
1.04742936173186	0.0117974992	0.0101573318	193
1.04818948884386	0.0118071766	0.0101561684	193.3333333
1.04893826232086	0.0118165803	0.010155721	193.6666667
1.04967775380343	0.0118260603	0.0101553183	194
1.05043451985128	0.0118366754	0.0101557657	194.3333333
1.05117336683614	0.0118461015	0.0101549156	194.6666667
1.05189657361971	0.0118555053	0.0101550051	195
1.05263349139286	0.0118637515	0.010153618	195.3333333
1.05336331883486	0.0118752683	0.0101542892	195.6666667
1.05407300343986	0.011884515	0.0101554078	196
1.05479446525586	0.0118930304	0.0101558552	196.3333333
1.05551139204	0.0119030219	0.0101562132	196.6666667
1.05621356730471	0.0119111155	0.0101569739	197
1.05691848667971	0.0119212774	0.0101569739	197.3333333
1.05762553321114	0.0119294698	0.0101575108	197.6666667
1.05832729874314	0.011939892	0.0101559	198
1.05902614990671	0.0119504263	0.0101563474	198.3333333
1.05972181497386	0.011957488	0.010155721	198.6666667
1.06041899481043	0.0119679416	0.0101563474	199
1.06111268942143	0.0119760801	0.0101558552	199.3333333
1.06180146224486	0.0119837431	0.0101540207	199.6666667
1.06249808050071	0.0119938422	0.010155542	200
1.06318557331971	0.0120028197	0.0101569739	200.3333333
1.06387775316128	0.0120110569	0.0101559447	200.6666667
1.06457029221471	0.012020003	0.0101552735	201
1.06525001795143	0.0120304566	0.010155721	201.3333333
1.06593950434628	0.0120372088	0.0101557657	201.6666667
1.06662074941928	0.0120465632	0.0101563474	202
1.06728269880728	0.0120554464	0.0101550051	202.3333333
1.06796268699557	0.0120633741	0.0101550498	202.6666667
1.068616772541	0.0120733745	0.0101549156	203
1.06926979001271	0.0120818495	0.0101551393	203.3333333
1.06993330012414	0.0120905264	0.0101556763	203.6666667
1.07057913963814	0.0120995174	0.0101552288	204
1.07124449604428	0.0121064311	0.0101544681	204.3333333
1.07191726046357	0.0121147087	0.010155363	204.6666667
1.07256748772828	0.0121257949	0.0101563474	205
1.073229022674	0.0121334623	0.0101562579	205.3333333
1.07389333840757	0.0121406183	0.0101559447	205.6666667
1.07452644766457	0.0121500355	0.0101564369	206
1.07517105341357	0.0121588694	0.0101551393	206.3333333
1.07580591677186	0.0121652402	0.0101539759	206.6666667
1.07643256649486	0.0121757117	0.0101555868	207
1.07708977819671	0.0121842765	0.0101552288	207.3333333
1.07772482123228	0.0121903602	0.0101552735	207.6666667
1.07835773711143	0.0121987365	0.0101558552	208
1.07898590160386	0.0122089568	0.0101545576	208.3333333
1.07959731172457	0.0122132728	0.0101542892	208.6666667
1.08021878634214	0.0122236321	0.010155542	209
1.080841817259	0.0122327442	0.010155542	209.3333333
1.08145624764214	0.0122388907	0.0101571081	209.6666667
1.08209330266371	0.0122480926	0.0101559895	210
1.08269501663314	0.0122557735	0.0101554525	210.3333333
1.08329830060243	0.0122622968	0.0101561237	210.6666667
1.08390389582957	0.0122725171	0.0101553183	211
1.08450816509828	0.0122791078	0.010155542	211.3333333
1.08512614078971	0.0122867438	0.0101568396	211.6666667
1.08572841648257	0.0122946446	0.0101567949	212
1.08632205025457	0.0123034202	0.0101559447	212.3333333
1.08692546309486	0.0123101858	0.0101551841	212.6666667
1.08750726899228	0.0123191229	0.0101563474	213
1.088122974813	0.0123266334	0.0101558552	213.3333333
1.08872214275957	0.0123324434	0.0101549156	213.6666667
1.08930890712214	0.0123412953	0.0101560342	214
1.08989004540214	0.012350681	0.0101555868	214.3333333
1.09045631242543	0.0123564417	0.0101569739	214.6666667
1.091059315533	0.0123641361	0.0101566606	215
1.09163617195628	0.0123720951	0.0101573318	215.3333333
1.09221366388628	0.0123783673	0.0101555868	215.6666667
1.09278511043914	0.0123871608	0.0101556763	216
1.09336212798686	0.0123946623	0.0101548708	216.3333333
1.09395648931628	0.0124010645	0.0101560342	216.6666667
1.09451842852886	0.0124094902	0.0101564369	217
1.09508874264386	0.0124172877	0.0101546024	217.3333333
1.095654355893	0.0124217249	0.0101556315	217.6666667
1.09622670040414	0.0124321605	0.0101556763	218
1.09679317464857	0.0124381051	0.0101556315	218.3333333
1.09733759982128	0.0124445881	0.0101561684	218.6666667
1.09790896359986	0.0124524485	0.0101565712	219
1.098466022412	0.0124605511	0.0101566159	219.3333333
1.09902617983671	0.0124666752	0.010156079	219.6666667
1.09956861614314	0.0124750335	0.0101571528	220
1.10012538495986	0.0124817633	0.0101559895	220.3333333
1.10068354409914	0.0124887264	0.010156079	220.6666667
1.101219516162	0.0124957926	0.0101579135	221
1.10177444796043	0.0125028095	0.0101559	221.3333333
1.10231799829457	0.0125107013	0.0101576003	221.6666667
1.10287342730957	0.0125184988	0.0101569739	222
1.10340257605971	0.0125251747	0.0101564369	222.3333333
1.10394913752257	0.0125312495	0.0101554973	222.6666667
1.10450514196157	0.0125391951	0.0101562579	223
1.10503433666571	0.0125465081	0.0101567054	223.3333333
1.105569622701	0.0125517797	0.0101557657	223.6666667
1.10609306701843	0.0125605284	0.0101563474	224
1.10664473907986	0.0125671326	0.0101563027	224.3333333
1.107153215523	0.0125716774	0.0101559447	224.6666667
1.10767200963814	0.0125813862	0.0101556315	225
1.10820456554914	0.0125870527	0.0101565264	225.3333333
1.10872686344271	0.0125935177	0.0101569291	225.6666667
1.10924692386171	0.0126014633	0.0101571528	226
1.10977023930814	0.0126079732	0.0101577345	226.3333333
1.11030023064343	0.0126131417	0.0101565712	226.6666667
1.11079835245157	0.0126212174	0.0101568396	227
1.11133537432071	0.0126282702	0.0101562579	227.3333333
1.11184673287886	0.0126339591	0.0101554078	227.6666667
1.11236016792986	0.0126419451	0.0101556315	228
1.112864325696	0.012648787	0.0101559	228.3333333
1.113392162331	0.0126538253	0.0101547366	228.6666667
1.113895726263	0.0126631797	0.0101414921	229
1.11440178098743	0.012668725	0.0101560342	229.3333333
1.11491261007557	0.0126740505	0.0101551393	229.6666667
1.115410897575	0.0126813052	0.0101554973	230
1.11591900567257	0.0126883535	0.0101555868	230.3333333
1.11642642774257	0.0126954556	0.0101552288	230.6666667
1.11693720630986	0.0127035538	0.0101550946	231
1.11742817328	0.0127086325	0.0101559	231.3333333
1.117942925013	0.0127147431	0.0101561684	231.6666667
1.11842542046314	0.0127221279	0.0101550498	232
1.11893344107686	0.0127269644	0.0101556763	232.3333333
1.11942537493628	0.0127340127	0.010156079	232.6666667
1.11992433476271	0.0127411956	0.0101561684	233
1.12041097392214	0.0127474632	0.010155721	233.3333333
1.12091997983528	0.0127528156	0.0101565264	233.6666667
1.121386453038	0.0127604292	0.0101568844	234
1.12189515040286	0.0127661585	0.0101567949	234.3333333
1.12237060618543	0.0127714122	0.0101565264	234.6666667
1.12284571674214	0.0127795642	0.0101564369	235
1.12333263219643	0.0127861504	0.0101558105	235.3333333
1.12381591043443	0.0127916643	0.0101562132	235.6666667
1.12428319411157	0.0127988337	0.0101564369	236
1.12477569426128	0.012805061	0.0101562579	236.3333333
1.12523719957971	0.0128110864	0.0101551841	236.6666667
1.12570550980071	0.0128176771	0.0101554973	237
1.12619165174357	0.0128234826	0.0101558552	237.3333333
1.12665339196971	0.0128297951	0.0101561684	237.6666667
1.12713973642414	0.0128377273	0.0101560342	238
1.12761178975543	0.0128422497	0.0101552735	238.3333333
1.12807579970957	0.0128480328	0.0101561684	238.6666667
1.12854839178728	0.0128548837	0.0101559	239
1.12901801426614	0.0128608687	0.0101558105	239.3333333
1.12948702892486	0.012866064	0.0101554525	239.6666667
1.12997556504257	0.012873238	0.0101566606	240
1.13042130143143	0.012879205	0.0101546919	240.3333333
1.13089793132443	0.012884701	0.0101437741	240.6666667
1.131357843666	0.0128932702	0.0101575555	241
1.13182050482743	0.0128976042	0.0101556763	241.3333333
1.13229016398386	0.0129039077	0.0101559	241.6666667
1.13275224030214	0.0129103638	0.010156079	242
1.13321650357414	0.0129158822	0.0101557657	242.3333333
1.13367188559343	0.0129211449	0.0101564817	242.6666667
1.13411397548957	0.0129295795	0.0101563922	243
1.13457840901971	0.0129333751	0.0101561237	243.3333333
1.135028482353	0.012939737	0.010156079	243.6666667
1.13548072893943	0.0129467	0.010157645	244
1.13594415433586	0.0129521646	0.0101566606	244.3333333
1.13638301218157	0.0129579612	0.0101574661	244.6666667
1.13685120737486	0.0129650543	0.0101565712	245
1.13727956787128	0.0129698459	0.0101572871	245.3333333
1.137752947161	0.0129751445	0.0101563027	245.6666667
1.13819595328286	0.0129830407	0.0101557657	246
1.138652269938	0.0129891693	0.0101561237	246.3333333
1.13909456248843	0.0129943288	0.0101565264	246.6666667
1.13953977397414	0.0130018123	0.0101549603	247
1.13998516042757	0.0130055495	0.0101561237	247.3333333
1.14043159654457	0.0130113999	0.0101550946	247.6666667
1.140875523459	0.0130203819	0.0101565264	248
1.14133322586986	0.0130228944	0.0101555868	248.3333333
1.14176226768428	0.0130300997	0.0101556763	248.6666667
1.14222365340814	0.0130358021	0.0101562579	249
1.14264498808028	0.0130420832	0.0101554078	249.3333333
1.143089541225	0.013046619	0.0101563474	249.6666667
1.14350993655171	0.0130545871	0.0101564817	250
1.14394353651771	0.0130599215	0.0101563474	250.3333333
1.14438633998528	0.0130645561	0.010155363	250.6666667
1.14480882564814	0.0130713666	0.010155721	251
1.14526127945571	0.0130766831	0.010156079	251.3333333
1.145668783401	0.013081883	0.0101556763	251.6666667
1.14612590567828	0.0130904791	0.0101567501	252
1.14654281577943	0.0130932114	0.010156079	252.3333333
1.146989868993	0.0130996406	0.0101555868	252.6666667
1.14741031041643	0.0131071869	0.0101553183	253
1.14783603283928	0.013111633	0.0101568844	253.3333333
1.148268491091	0.013116447	0.0101561684	253.6666667
1.14867774457071	0.0131248233	0.0101563027	254
1.14911456274386	0.0131289016	0.0101576898	254.3333333
1.14951621483257	0.0131350884	0.0101548708	254.6666667
1.149965118765	0.013140396	0.0101559895	255
1.15037798191714	0.0131466547	0.0101570633	255.3333333
1.15082245671171	0.0131521776	0.0101557657	255.6666667
1.15124115331028	0.0131580908	0.0101557657	256
1.15166781950271	0.0131634252	0.0101568844	256.3333333
1.15209809080071	0.013168809	0.010155542	256.6666667
1.152506418921	0.0131755164	0.0101555868	257
1.15294593054086	0.0131804695	0.0101555868	257.3333333
1.15334266540886	0.0131855706	0.0101555868	257.6666667
1.15378992570086	0.0131924664	0.010156079	258
1.154195845803	0.0131966747	0.0101559447	258.3333333
1.15463158205914	0.0132020496	0.0101549603	258.6666667
1.15504248845571	0.0132079538	0.010155721	259
1.155461134248	0.013213369	0.0101567501	259.3333333
1.15588842196114	0.0132192284	0.0101549156	259.6666667
1.15629992690143	0.0132251685	0.0101551841	260
1.15673891361814	0.0132297896	0.0101570633	260.3333333
1.15713859981757	0.0132357926	0.0101551393	260.6666667
1.15756215369686	0.0132424102	0.0101546471	261
1.15796146227428	0.013246798	0.0101559447	261.3333333
1.15837620383186	0.0132523971	0.0101551841	261.6666667
1.15879484049043	0.0132584898	0.0101554525	262
1.159208665965	0.0132623258	0.0101559895	262.3333333
1.159621556661	0.0132685351	0.0101561684	262.6666667
1.16003640411257	0.0132760366	0.0101550051	263
1.16044222288757	0.013279702	0.0101557657	263.3333333
1.16086274251843	0.0132854268	0.0101553183	263.6666667
1.16124751136443	0.0132909587	0.0101554973	264
1.16168111604	0.0132959073	0.0101551393	264.3333333
1.16206688873828	0.013301318	0.0101548708	264.6666667
1.162491708636	0.0133071505	0.0101571081	265
1.16289011026414	0.0133121395	0.0101563922	265.3333333
1.16329704320957	0.0133176175	0.0101564817	265.6666667
1.16370857569371	0.013323764	0.0101574213	266
1.16410630057071	0.0133286857	0.0101566606	266.3333333
1.16451832113771	0.0133334235	0.0101553183	266.6666667
1.16492598635014	0.0133386816	0.0101558552	267
1.16532976559528	0.0133450704	0.0101562579	267.3333333
1.16574245377971	0.0133495121	0.0101563027	267.6666667
1.16613375137614	0.0133561297	0.0101563474	268
1.16654153618314	0.0133595977	0.0101559447	268.3333333
1.16694136509686	0.0133661436	0.0101563922	268.6666667
1.16733353282228	0.0133719581	0.0101568396	269
1.16775127623214	0.0133766958	0.0101552735	269.3333333
1.16813154700929	0.0133824744	0.0101555868	269.6666667
1.168538493798	0.0133888991	0.0101552735	270
1.16891957490686	0.0133917032	0.0101550498	270.3333333
1.169312893623	0.0133980875	0.0101561237	270.6666667
1.169722690416	0.0134028118	0.0101558552	271
1.17011585257457	0.0134077559	0.0101547366	271.3333333
1.17050649168729	0.013413225	0.0101554525	271.6666667
1.170910169748	0.0134199458	0.0101560342	272
1.17128390720786	0.0134228485	0.0101554525	272.3333333
1.17169287054943	0.013429004	0.010156079	272.6666667
1.17208496449157	0.0134350743	0.0101567949	273
1.17247699421229	0.0134389506	0.0101547814	273.3333333
1.17288200736514	0.0134456983	0.010155721	273.6666667
1.17325529370514	0.0134502566	0.0101562579	274
1.17365759500114	0.0134547835	0.0101559895	274.3333333
1.17404320643229	0.013460939	0.0101564369	274.6666667
1.17442940256386	0.0134669464	0.0101565712	275
1.17482496346414	0.0134705805	0.0101556315	275.3333333
1.17521690555829	0.0134768391	0.0101568844	275.6666667
1.17557786680714	0.0134818595	0.0101561237	276
1.17598729068771	0.0134868485	0.0101558552	276.3333333
1.17635117087186	0.0134916805	0.0101561237	276.6666667
1.17673859634429	0.0134975085	0.0101562132	277
1.17711893605243	0.0135011426	0.0101550051	277.3333333
1.17750020126271	0.0135082671	0.010155721	277.6666667
1.17787085866286	0.0135127088	0.0101554078	278
1.17826562321743	0.0135160333	0.0101549156	278.3333333
1.17862196637471	0.0135230591	0.0101552288	278.6666667
1.179017163639	0.0135288019	0.0101567501	279
1.179382319118	0.0135328622	0.0101563922	279.3333333
1.17975594155014	0.0135381069	0.0101560342	279.6666667
1.180149458211	0.0135441996	0.0101567949	280
1.18052685600686	0.0135477753	0.0101545576	280.3333333
1.18089763300157	0.0135546531	0.0101562132	280.6666667
1.18128341954314	0.0135597004	0.0101567054	281
1.18166386985486	0.0135641555	0.0101554973	281.3333333
1.18202325182743	0.0135692388	0.0101545576	281.6666667
1.18242477504514	0.0135741649	0.0101548261	282
1.18277680437771	0.0135774311	0.0101558105	282.3333333
1.183154846814	0.0135841923	0.0101547814	282.6666667
1.18353015898328	0.0135890557	0.0101551393	283
1.18389996923143	0.0135933537	0.010155363	283.3333333
1.18426048378457	0.0135996483	0.0101533048	283.6666667
1.18464786786986	0.0136042963	0.0101545129	284
1.18501518732557	0.0136082579	0.0101556763	284.3333333
1.18537241916471	0.0136149428	0.0101546919	284.6666667
1.18575615219043	0.0136191556	0.0101546471	285
1.18608549237771	0.0136224084	0.0101545576	285.3333333
1.18643939083928	0.0136297752	0.010155542	285.6666667
1.18678001573057	0.0136352757	0.0101546919	286
1.18711525372843	0.0136376221	0.010155542	286.3333333
1.18743256338686	0.013644639	0.01015326	286.6666667
1.187776203831	0.013648955	0.0101545129	287
1.18809867475157	0.013652773	0.0101537075	287.3333333
1.18840705720328	0.0136581658	0.0101543787	287.6666667
1.18874447773071	0.0136636842	0.0101559447	288
1.18903045660843	0.0136676234	0.0101545129	288.3333333
1.18934102601386	0.0136730431	0.0101542444	288.6666667
1.18964539833686	0.0136773232	0.0101545576	289
1.18992922251428	0.0136822898	0.0101543787	289.3333333
1.19022397218386	0.0136885439	0.0101546919	289.6666667
1.19051059099243	0.013693506	0.0101549156	290
1.19079099430843	0.0136967946	0.0101551841	290.3333333
1.19105551809128	0.013702663	0.0101542444	290.6666667
1.19134478881671	0.0137079346	0.0101544234	291
1.19159748458228	0.0137112546	0.0101540207	291.3333333
1.19187184737343	0.0137176434	0.010155363	291.6666667
1.19214230592986	0.0137213986	0.010153618	292
1.19237168203843	0.0137255217	0.0101545129	292.3333333
1.19263963124957	0.0137319868	0.0101539312	292.6666667
1.19287258021028	0.0137369713	0.0101546919	293
1.19310873353486	0.0137401522	0.0101547814	293.3333333
1.19334609308057	0.0137455495	0.0101543339	293.6666667
1.19357918018871	0.0137502289	0.0101552288	294
1.19380522291971	0.0137550609	0.0101550946	294.3333333
1.19402382081728	0.0137599781	0.0101542444	294.6666667
1.19425195374171	0.0137649806	0.0101541997	295
1.19444615463214	0.0137692652	0.0101533495	295.3333333
1.19467301682857	0.013774326	0.0101538865	295.6666667
1.19488289459786	0.0137791983	0.0101546024	296
1.19505666708	0.0137831554	0.0101541997	296.3333333
1.19527408630028	0.0137891494	0.0101548261	296.6666667
1.19545454394771	0.013793102	0.0101537522	297
1.19563201344343	0.0137975033	0.0101541549	297.3333333
1.19583034876671	0.0138034838	0.010153081	297.6666667
1.195996644162	0.0138076562	0.0101529468	298
1.19616892941857	0.0138121248	0.010153618	298.3333333
1.19633719070314	0.0138167863	0.0101546024	298.6666667
1.19650634523643	0.0138184014	0.0101533048	299
1.196664100038	0.0138177823	0.0101524546	299.3333333
1.19682070841571	0.0138173067	0.0101523651	299.6666667
1.19698258380686	0.0138155121	0.0101523204	300
1.19711083100271	0.0138155076	0.0101526783	300.3333333
1.197269782749	0.013813215	0.01015326	300.6666667
1.197415120266	0.013812044	0.010153439	301
1.19752009361614	0.0138114877	0.0101543339	301.3333333
1.197671978151	0.0138111557	0.0101536627	301.6666667
1.19779045997914	0.013809738	0.0101539312	302
1.19788868379986	0.0138093297	0.0101541997	302.3333333
1.198028616156	0.0138085266	0.0101531705	302.6666667
1.198121582097	0.0138076607	0.0101555868	303
1.19821889425886	0.0138063506	0.0101535285	303.3333333
1.19833688343728	0.0138057181	0.0101540207	303.6666667
1.19841546620443	0.0138030217	0.0101536627	304
1.19850693578614	0.0138035242	0.0101534838	304.3333333
1.19860165126157	0.0138023307	0.0101537522	304.6666667
1.19867498528271	0.0138019359	0.010153618	305
1.198755833211	0.0138012226	0.0101524546	305.3333333
1.19882848120457	0.0137992306	0.0101534838	305.6666667
1.19889699019843	0.0137985172	0.010153618	306
1.198975568256	0.0137975571	0.0101534838	306.3333333
1.19904626877043	0.0137956952	0.0101539759	306.6666667
1.19911392133586	0.0137954978	0.0101539312	307
1.19918069449586	0.013794596	0.0101533048	307.3333333
1.199244603951	0.0137936359	0.0101530363	307.6666667
1.19930470122214	0.0137924559	0.010153439	308
1.19935600001486	0.013791599	0.0101531258	308.3333333
1.19940899767843	0.0137910158	0.0101529021	308.6666667
1.19945627264186	0.0137900287	0.0101541102	309
1.19949435309471	0.0137891987	0.0101535732	309.3333333
1.19953831765757	0.0137881354	0.010153618	309.6666667
1.19957306944243	0.0137871798	0.0101548708	310
1.19960607625971	0.0137857621	0.0101538865	310.3333333
1.19963478281014	0.0137854525	0.0101537522	310.6666667
1.19965897273886	0.0137841469	0.0101540654	311
1.19968050147428	0.0137835233	0.0101526783	311.3333333
1.19969533591071	0.013782626	0.0101542444	311.6666667
1.19971126139786	0.0137821684	0.0101546919	312
1.199720340738	0.0137806071	0.0101529021	312.3333333
1.19972313080228	0.0137799655	0.0101523204	312.6666667
1.199736459603	0.0137794181	0.0101533048	313
1.19972855437328	0.0137772108	0.0101526783	313.3333333
1.19971985265514	0.0137765468	0.0101523204	313.6666667
1.19972618317543	0.0137750797	0.0101529021	314
1.19970082370314	0.0137741151	0.0101532153	314.3333333
1.19968490734971	0.0137730653	0.0101524099	314.6666667
1.19969142225686	0.0137720872	0.0101543787	315
1.19966062080343	0.0137716251	0.0101544234	315.3333333
1.19965254531557	0.0137697632	0.0101540207	315.6666667
1.19965881618128	0.0137684845	0.0101546919	316
1.19962281678814	0.0137689556	0.0101545129	316.3333333
1.19961040878	0.0137677577	0.0101529021	316.6666667
1.19960920255886	0.0137666899	0.0101539312	317
1.19956975005086	0.01376551	0.0101528573	317.3333333
1.19956867270071	0.0137657253	0.0101524099	317.6666667
1.199558801439	0.0137646306	0.0101531258	318
1.19952092806457	0.0137637423	0.0101522756	318.3333333
1.19953022832643	0.0137613734	0.0101531258	318.6666667
1.19951271885343	0.0137612568	0.0101535285	319
1.19948221667186	0.0137610235	0.0101526783	319.3333333
1.19949533825143	0.0137602518	0.0101524099	319.6666667
1.19946985461771	0.0137580489	0.0101539312	320
1.19944921898828	0.0137569407	0.0101533943	320.3333333
1.19945781481243	0.0137562094	0.0101524546	320.6666667
1.19943155310043	0.0137548725	0.0101535285	321
1.19941122145243	0.0137545764	0.0101521414	321.3333333
1.19939825172086	0.0137544732	0.0101512913	321.6666667
1.19935269418114	0.0137525619	0.010150978	322
1.19933208623829	0.0137514134	0.0101514702	322.3333333
1.19930218731	0.0137513102	0.0101545576	322.6666667
1.19925661136014	0.013748726	0.010153797	323
1.19921884387971	0.0137487484	0.0101523651	323.3333333
1.19917460316471	0.0137483491	0.0101532153	323.6666667
1.19913030721928	0.0137467564	0.0101527231	324
1.19907224034428	0.0137465365	0.0101527678	324.3333333
1.19901949585586	0.0137454732	0.0101519177	324.6666667
1.19895786069557	0.0137452399	0.0101517387	325
1.19888550269743	0.0137438401	0.0101531705	325.3333333
1.19884027197343	0.0137433197	0.0101538417	325.6666667
1.19875174901357	0.0137416597	0.010153081	326
1.198674759366	0.0137411482	0.010151694	326.3333333
1.19862739235186	0.0137397036	0.0101538865	326.6666667
1.19852506164214	0.0137386044	0.0101516045	327
1.198456069275	0.0137376891	0.0101523651	327.3333333
1.198379751669	0.0137369758	0.0101527231	327.6666667
1.19827754069657	0.0137360516	0.0101531705	328
1.198194183423	0.0137356837	0.0101522756	328.3333333
1.19809926072643	0.0137341942	0.0101524546	328.6666667
1.198002109689	0.0137332699	0.0101521862	329
1.19788996780028	0.0137320496	0.010153618	329.3333333
1.19779767404357	0.0137314619	0.0101538417	329.6666667
1.19767166917457	0.0137306229	0.0101514255	330
1.19754999668314	0.0137292411	0.0101521862	330.3333333
1.19746145988	0.0137288462	0.0101525889	330.6666667
1.19731668865328	0.013727765	0.0101524099	331
1.19721211590214	0.0137273388	0.0101532153	331.3333333
1.197093187521	0.0137258896	0.0101526336	331.6666667
1.19695787325643	0.013725773	0.0101533048	332
1.19682826328186	0.0137239874	0.0101523651	332.3333333
1.19669497927071	0.0137233817	0.0101529021	332.6666667
1.196546312943	0.0137232471	0.01015326	333
1.19639525258314	0.0137223946	0.0101529468	333.3333333
1.19627821188386	0.0137206494	0.0101529916	333.6666667
1.196102381319	0.01371977	0.0101523651	334
1.19596813041857	0.0137192361	0.0101524994	334.3333333
1.19581896230743	0.0137183658	0.0101516492	334.6666667
1.19564670930428	0.0137170019	0.0101533943	335
1.19549336537314	0.0137167327	0.0101519624	335.3333333
1.19532688130957	0.0137158533	0.0101546024	335.6666667
1.19515176460157	0.0137135248	0.010153081	336
1.19497335576043	0.0136979163	0.0101523204	336.3333333
1.19481098771957	0.0136894323	0.0101531258	336.6666667
1.194595166043	0.0136842369	0.0101531258	337
1.19442206117828	0.0136779109	0.0101535732	337.3333333
1.194224186394	0.0136701896	0.010153439	337.6666667
1.19402080055486	0.0136663357	0.0101537522	338
1.19381703238414	0.013659117	0.0101532153	338.3333333
1.19360754608014	0.0136534011	0.0101538417	338.6666667
1.19337991037228	0.0136490582	0.010153797	339
1.19317237611428	0.0136409466	0.0101535285	339.3333333
1.192952074779	0.0136350109	0.0101537075	339.6666667
1.19272303932943	0.0136301655	0.0101533048	340
1.192505178123	0.0136237767	0.0101520967	340.3333333
1.19224767103071	0.0136169393	0.0101524994	340.6666667
1.19201713479771	0.013611717	0.0101530363	341
1.191773845188	0.0136044219	0.01015326	341.3333333
1.19152137034414	0.0135980735	0.0101520967	341.6666667
1.19127047934343	0.0135930352	0.0101529916	342
1.19102944576114	0.0135873373	0.0101519624	342.3333333
1.19074355436728	0.0135804461	0.0101533048	342.6666667
1.19049741475328	0.0135752327	0.0101527231	343
1.19021336508728	0.013568485	0.0101526783	343.3333333
1.18994562766414	0.0135620648	0.0101524994	343.6666667
1.18967140302043	0.0135572374	0.0101533495	344
1.18939026772286	0.0135502115	0.0101536627	344.3333333
1.18909399885971	0.0135439259	0.0101520072	344.6666667
1.18882092534943	0.0135392061	0.0101525441	345
1.18850067349328	0.0135315521	0.010153797	345.3333333
1.18822123720928	0.0135249166	0.0101535732	345.6666667
1.18791732542528	0.013520762	0.0101538865	346
1.18760787019028	0.0135139246	0.0101528126	346.3333333
1.18729670224114	0.0135071679	0.0101525889	346.6666667
1.18699349489486	0.0135015419	0.0101527231	347
1.18666095947743	0.0134948614	0.0101521414	347.3333333
1.18635893537528	0.0134880509	0.0101538865	347.6666667
1.186026970815	0.0134826178	0.0101528126	348
1.18569972096386	0.0134759777	0.0101538417	348.3333333
1.18537231441243	0.0134702709	0.0101519177	348.6666667
1.18501340211257	0.0134644654	0.0101532153	349
1.18468573781914	0.0134584086	0.0101533943	349.3333333
1.18434110279914	0.0134508937	0.0101530363	349.6666667
1.18399000824514	0.0134472058	0.0101527678	350
1.18363687401857	0.0134381475	0.0101551393	350.3333333
1.18329080257928	0.0134331092	0.0101537522	350.6666667
1.182906065844	0.0134286406	0.0101538417	351
1.18256545936286	0.0134213769	0.0101541549	351.3333333
1.18218479269628	0.013414046	0.0101526336	351.6666667
1.18183815025714	0.0134092095	0.0101541997	352
1.18147520927571	0.0134016229	0.0101539759	352.3333333
1.18110049108328	0.0133951847	0.0101545576	352.6666667
1.180734096987	0.0133902271	0.0101539759	353
1.180362210246	0.0133834301	0.0101542444	353.3333333
1.17999332093314	0.0133762696	0.0101540654	353.6666667
1.17963125022343	0.013371312	0.0101532153	354
1.17926452474457	0.0133625678	0.0101538865	354.3333333
1.17889033602214	0.0133575429	0.010153618	354.6666667
1.17854723418171	0.0133523431	0.010153081	355
1.17816068811471	0.0133443122	0.0101537522	355.3333333
1.17780773813228	0.0133387086	0.0101541997	355.6666667
1.177421684715	0.0133334818	0.0101527678	356
1.17705185148986	0.013325774	0.0101531705	356.3333333
1.17669351004714	0.0133192685	0.0101542444	356.6666667
1.17629731834971	0.0133136918	0.0101538865	357
1.17594971373086	0.0133068095	0.010153439	357.3333333
1.17554941514443	0.0133009187	0.0101540654	357.6666667
1.17518872105671	0.0132949965	0.0101547814	358
1.17480934352828	0.0132871182	0.0101542444	358.3333333
1.17442161421714	0.0132814787	0.0101535285	358.6666667
1.17405625622657	0.0132752828	0.0101526336	359
1.17365028546086	0.0132688761	0.0101541997	359.3333333
1.17329533262614	0.0132612715	0.0101540207	359.6666667
1.17290077086857	0.0132565068	0.0101538865	360
1.17252237863957	0.0132493463	0.0101544681	360.3333333
1.17214553800028	0.0132423519	0.010153797	360.6666667
1.17174573663043	0.0132372148	0.0101539759	361
1.171387091349	0.0132302652	0.0101541997	361.3333333
1.170973974879	0.0132234996	0.0101538417	361.6666667
1.170607654566	0.0132180395	0.0101546024	362
1.17020650882757	0.0132113321	0.0101539759	362.3333333
1.16981464494086	0.0132045889	0.0101548261	362.6666667
1.16944075549028	0.0131988372	0.0101531705	363
1.16903239525928	0.0131909948	0.0101546471	363.3333333
1.16866396163314	0.0131849964	0.0101537075	363.6666667
1.16824402199314	0.0131792895	0.0101541102	364
1.16785364076514	0.0131719496	0.0101540654	364.3333333
1.16745741224743	0.0131649013	0.010153797	364.6666667
1.16705456307128	0.0131593829	0.0101544681	365
1.16665853706514	0.0131524243	0.0101545129	365.3333333
1.16625021351171	0.0131452818	0.0101533048	365.6666667
1.16585614897071	0.0131399608	0.0101547814	366
1.16546091031928	0.0131320556	0.0101541997	366.3333333
1.165057725051	0.0131262321	0.0101550946	366.6666667
1.16464789600457	0.013119112	0.0101535285	367
1.16426528171614	0.0131134949	0.0101536627	367.3333333
1.163835452547	0.0131065004	0.0101548261	367.6666667
1.16344793031428	0.0131010807	0.0101543787	368
1.16302600166528	0.013093355	0.0101553183	368.3333333
1.16261849772	0.0130868047	0.0101559447	368.6666667
1.16221568536414	0.013080721	0.0101543787	369
1.16179876598657	0.013074238	0.0101552735	369.3333333
1.16138852720743	0.0130672749	0.0101545129	369.6666667
1.16096511604243	0.0130612585	0.0101543787	370
1.16053858799743	0.0130534475	0.0101548708	370.3333333
1.16013219822257	0.0130476464	0.0101543339	370.6666667
1.15972639314814	0.0130418364	0.0101550498	371
1.15930631536071	0.0130329262	0.0101546919	371.3333333
1.15892311637186	0.013027677	0.0101549156	371.6666667
1.15849422640543	0.0130205614	0.0101545129	372
1.15808659344643	0.0130132394	0.010153439	372.3333333
1.15768085744571	0.0130077434	0.0101539759	372.6666667
1.157272096473	0.0130014354	0.0101540207	373
1.15684968445071	0.0129933866	0.0101537075	373.3333333
1.15646087764671	0.0129869485	0.0101541997	373.6666667
1.156025877939	0.0129803264	0.0101543787	374
1.15562171664771	0.0129733633	0.0101556763	374.3333333
1.15520546945443	0.0129667233	0.0101542892	374.6666667
1.15479193868486	0.0129605633	0.0101548261	375
1.15437058560257	0.0129520569	0.0101543339	375.3333333
1.15397658556843	0.012946866	0.0101538865	375.6666667
1.15353634639114	0.0129404099	0.0101543787	376
1.15312456972286	0.0129329713	0.0101542892	376.3333333
1.15271060167671	0.0129265466	0.0101539312	376.6666667
1.15229335091657	0.0129211583	0.0101543339	377
1.151865183798	0.012911786	0.0101537522	377.3333333
1.15146826454314	0.0129064291	0.0101544234	377.6666667
1.15102977960986	0.0129000493	0.010153797	378
1.15060343566628	0.0128918929	0.0101538417	378.3333333
1.15019547589157	0.012885356	0.0101544234	378.6666667
1.14976898923371	0.0128800305	0.0101559447	379
1.14934291230857	0.0128711114	0.0101546024	379.3333333
1.14892600220743	0.0128647809	0.0101541549	379.6666667
1.14849731475257	0.0128589081	0.0101550051	380
1.14804630664071	0.0128497646	0.0101548708	380.3333333
1.14764163414686	0.0128439276	0.0101546024	380.6666667
1.14719889961028	0.0128370812	0.0101549603	381
1.14677204004	0.012829499	0.0101554973	381.3333333
1.14633475219414	0.0128241376	0.0101556315	381.6666667
1.14591929692243	0.0128173585	0.0101547366	382
1.145464062327	0.0128081253	0.0101549603	382.3333333
1.145041111701	0.0128023556	0.0101541997	382.6666667
1.144617253983	0.0127957919	0.0101544681	383
1.14419426182714	0.0127886045	0.0101551393	383.3333333
1.14375777046971	0.0127813633	0.010155363	383.6666667
1.14333555168257	0.0127757821	0.010153439	384
1.14290116892871	0.0127666655	0.0101546024	384.3333333
1.142439295122	0.0127615194	0.0101546919	384.6666667
1.14201793276328	0.0127539776	0.0101545129	385
1.14157416697328	0.0127467319	0.010153439	385.3333333
1.141143647067	0.0127400111	0.0101549603	385.6666667
1.14068951279871	0.0127332679	0.0101543787	386
1.14027173713543	0.0127249589	0.0101552288	386.3333333
1.13985120822814	0.012719427	0.0101557657	386.6666667
1.13939289799714	0.0127118807	0.0101549156	387
1.13895756234	0.0127034416	0.0101550946	387.3333333
1.13850422456014	0.0126979412	0.0101548708	387.6666667
1.13808147187886	0.0126904307	0.0101547814	388
1.13761489278214	0.0126826556	0.0101548261	388.3333333
1.13716352103429	0.012675383	0.0101556763	388.6666667
1.13673190080086	0.0126690032	0.0101559	389
1.136283940638	0.012660905	0.0101545576	389.3333333
1.135839055968	0.0126549066	0.0101553183	389.6666667
1.135371638853	0.0126475308	0.0101545576	390
1.13495035941129	0.0126394371	0.0101563027	390.3333333
1.13451344904471	0.0126325234	0.0101552735	390.6666667
1.13405766185957	0.0126256725	0.0101552288	391
1.13360489051271	0.0126171795	0.0101552735	391.3333333
1.13314192108843	0.0126117733	0.0101561684	391.6666667
1.13271119867057	0.0126047474	0.0101556763	392
1.13223413135829	0.0125971204	0.0101541997	392.3333333
1.13177568768943	0.0125899106	0.0101542444	392.6666667
1.13132851031443	0.0125828802	0.0101558552	393
1.13087822048357	0.0125745218	0.0101540207	393.3333333
1.130436250182	0.0125685862	0.0101545576	393.6666667
1.12995642962571	0.01256034	0.0101544234	394
1.12951202390486	0.0125526411	0.0101556315	394.3333333
1.129069335465	0.0125457992	0.0101559895	394.6666667
1.12860363577371	0.0125385849	0.010155542	395
1.128144621105	0.0125303073	0.0101561237	395.3333333
1.12766990658043	0.012524089	0.010155363	395.6666667
1.12721899979571	0.0125164485	0.0101555868	396
1.12677446506114	0.0125081619	0.010155542	396.3333333
1.12630570357757	0.0125023743	0.0101558552	396.6666667
1.12584569904257	0.0124940833	0.0101552735	397
1.12537104431529	0.0124862947	0.0101544681	397.3333333
1.12489764204857	0.0124793182	0.0101575555	397.6666667
1.12445587440129	0.0124723372	0.0101558105	398
1.12396750411757	0.0124628572	0.0101551393	398.3333333
1.12349262846857	0.0124567421	0.0101559447	398.6666667
1.12302470957014	0.0124487606	0.010155363	399
1.12256108166214	0.0124420577	0.0101542444	399.3333333
1.12211672189529	0.0124345832	0.0101550051	399.6666667
1.12163832862457	0.0124274721	0.010155542	400
1.12116282217843	0.0124186247	0.0101559	400.3333333
1.12069335169029	0.0124124692	0.010156079	400.6666667
1.12021789119814	0.0124042813	0.0101561237	401
1.11974779904657	0.012395914	0.0101559447	401.3333333
1.11927358630543	0.0123893637	0.0101555868	401.6666667
1.11876119649386	0.0123821987	0.0101552735	402
1.11827988885471	0.0123730418	0.0101552735	402.3333333
1.11779406459386	0.0123666306	0.0101547366	402.6666667
1.11730182218614	0.0123584247	0.0101543787	403
1.11681526594371	0.0123504702	0.0101556315	403.3333333
1.11632241585857	0.0123439199	0.0101565712	403.6666667
1.11580379200157	0.0123355211	0.0101564369	404
1.115313851718	0.0123282395	0.0101551393	404.3333333
1.11481485507129	0.0123199978	0.0101559895	404.6666667
1.11431717068243	0.0123121285	0.0101554078	405
1.11382290244543	0.0123049635	0.0101565712	405.3333333
1.11331799414486	0.0122975608	0.0101559895	405.6666667
1.11279333432986	0.0122882603	0.010155721	406
1.11229417199186	0.0122808037	0.0101559895	406.3333333
1.11178721959457	0.0122739483	0.0101555868	406.6666667
1.11127648255714	0.0122644414	0.0101565264	407
1.11077754585043	0.0122564554	0.0101544681	407.3333333
1.11027744887657	0.012250125	0.010155363	407.6666667
1.109738926224	0.0122408424	0.0101550946	408
1.109225422242	0.0122336101	0.0101555868	408.3333333
1.10870615388729	0.0122261042	0.010153797	408.6666667
1.108173878838	0.012218024	0.0101544234	409
1.10767653981771	0.012209042	0.0101543787	409.3333333
1.10717542072414	0.0122033038	0.0101546919	409.6666667
1.10663807203929	0.012194757	0.0101551393	410
1.10611130818757	0.01218595	0.0101541102	410.3333333
1.105583715594	0.0121783633	0.0101554973	410.6666667
1.10503439175343	0.0121712252	0.0101558105	411
1.10451167485071	0.0121627592	0.0101537522	411.3333333
1.10399021483271	0.0121549841	0.0101551841	411.6666667
1.10346223091657	0.012145522	0.0101538865	412
1.10292337202914	0.0121367823	0.0101544681	412.3333333
1.10239948115871	0.0121312505	0.0101558105	412.6666667
1.10185269406457	0.0121200297	0.0101552735	413
1.10128848041443	0.0121130487	0.0101556763	413.3333333
1.10073348425186	0.0121059107	0.0101546919	413.6666667
1.100191158549	0.0120967537	0.0101557657	414
1.09963686225729	0.0120889113	0.0101550051	414.3333333
1.09909455967414	0.0120809792	0.0101561237	414.6666667
1.09856789714957	0.0120717953	0.0101556315	415
1.09801457688086	0.0120633696	0.0101563922	415.3333333
1.09745883475071	0.0120566084	0.0101547366	415.6666667
1.09689921150557	0.0120465093	0.0101559447	416
1.09633942242643	0.0120396046	0.0101553183	416.3333333
1.09575501984257	0.0120312372	0.0101554973	416.6666667
1.09516739905157	0.012021856	0.0101557657	417
1.09460854004143	0.0120134258	0.0101556315	417.3333333
1.09403190453986	0.0120061218	0.0101563474	417.6666667
1.09345739619471	0.0119969334	0.0101555868	418
1.09288714658657	0.0119869868	0.010155721	418.3333333
1.09233577836386	0.0119809929	0.0101545129	418.6666667
1.09178027114143	0.011970315	0.0101558105	419
1.09120017810086	0.0119625443	0.0101567054	419.3333333
1.09061990081614	0.0119545314	0.0101554973	419.6666667
1.09005452704157	0.0119461776	0.0101556315	420
1.08947021194157	0.0119369713	0.0101550051	420.3333333
1.08885882936471	0.0119279444	0.0101554525	420.6666667
1.08825438983786	0.0119187471	0.0101546919	421
1.08766217878457	0.0119101958	0.0101543339	421.3333333
1.08706260110528	0.0119026091	0.0101541997	421.6666667
1.08645278381871	0.0118920299	0.0101547814	422
1.08583394727471	0.0118846496	0.0101546471	422.3333333
1.08523757881157	0.0118752235	0.0101554078	422.6666667
1.084633093188	0.0118664658	0.0101549156	423
1.08401574372686	0.0118579459	0.0101553183	423.3333333
1.08339499638128	0.0118510636	0.0101552288	423.6666667
1.08277245811414	0.0118395961	0.0101553183	424
1.08216282050486	0.011831821	0.010155542	424.3333333
1.08154511654143	0.0118226865	0.0101550946	424.6666667
1.08090831926186	0.0118135878	0.0101549156	425
1.08027505801414	0.0118042693	0.0101548708	425.3333333
1.07966237716543	0.0117967859	0.0101550946	425.6666667
1.07903538664071	0.0117848742	0.0101565712	426
1.07839519618628	0.0117772157	0.0101550946	426.3333333
1.07775252878271	0.0117682382	0.0101546471	426.6666667
1.07710171667486	0.0117589108	0.0101559	427
1.07646842331643	0.0117494083	0.0101559	427.3333333
1.07582860591714	0.0117422703	0.0101559	427.6666667
1.07517338764843	0.0117310451	0.0101549603	428
1.07450363892471	0.0117215785	0.0101551393	428.3333333
1.07385352212086	0.0117132381	0.0101549156	428.6666667
1.07319787114243	0.0117023628	0.0101546919	429
1.07253341711871	0.0116935962	0.0101558105	429.3333333
1.07185152283843	0.0116848699	0.0101551393	429.6666667
1.07117457346543	0.0116734652	0.0101542444	430
1.07051116453843	0.0116661926	0.0101546024	430.3333333
1.06984899422871	0.0116569145	0.0101542444	430.6666667
1.06919859656314	0.0116456489	0.0101552735	431
1.06852118208428	0.0116375149	0.0101546024	431.3333333
1.06784050330157	0.0116279586	0.0101551393	431.6666667
1.06717058431971	0.0116173301	0.0101553183	432
1.06651212943371	0.0116098959	0.0101546024	432.3333333
1.065841533558	0.011599402	0.0101552288	432.6666667
1.06514900849057	0.0115875531	0.0101551841	433
1.06444002832328	0.0115800472	0.0101552735	433.3333333
1.06374673887814	0.0115695308	0.0101547366	433.6666667
1.06303839407486	0.0115598041	0.0101552288	434
1.06233532099457	0.0115494716	0.0101548708	434.3333333
1.06162106910428	0.0115408217	0.0101552288	434.6666667
1.06091344714886	0.0115292061	0.0101560342	435
1.06018938864643	0.0115198428	0.0101547814	435.3333333
1.05947768292171	0.0115097885	0.010153618	435.6666667
1.05876455447828	0.0114993753	0.0101550051	436
1.05805621424186	0.0114899626	0.0101545129	436.3333333
1.057336299306	0.0114819318	0.0101541549	436.6666667
1.05659852510443	0.0114706706	0.010155363	437
1.055844590508	0.0114593243	0.0101552735	437.3333333
1.05509838617357	0.0114500551	0.0101547366	437.6666667
1.05436277594871	0.0114398214	0.0101554973	438
1.05365623591028	0.0114297133	0.0101538865	438.3333333
1.05294627957728	0.0114193495	0.0101542892	438.6666667
1.05221075212671	0.0114076307	0.010155721	439
1.05145650441514	0.011398245	0.0101546919	439.3333333
1.05068616081557	0.0113886932	0.0101559895	439.6666667
1.04992717556057	0.0113769565	0.0101554973	440
1.04917719129557	0.0113680777	0.0101554078	440.3333333
1.04843582583171	0.0113577049	0.0101544234	440.6666667
1.04767250819914	0.0113459906	0.0101548261	441
1.04690403387128	0.0113360395	0.0101550946	441.3333333
1.04612015895943	0.0113270575	0.0101547366	441.6666667
1.04535766079228	0.0113142037	0.0101559447	442
1.04457421844743	0.0113045712	0.0101541997	442.3333333
1.04379754889443	0.0112936106	0.0101547366	442.6666667
1.04300210370728	0.0112827219	0.0101554525	443
1.04222544785486	0.0112716492	0.0101555868	443.3333333
1.04145499379443	0.0112618058	0.0101561684	443.6666667
1.040684668605	0.0112501319	0.0101541102	444
1.03990119414943	0.0112405442	0.0101554078	444.3333333
1.03910281618371	0.011229983	0.0101529916	444.6666667
1.03831582410643	0.0112176316	0.0101546024	445
1.03751264409043	0.0112063481	0.0101563474	445.3333333
1.03671169241528	0.0111981871	0.0101556763	445.6666667
1.03591617358757	0.011185432	0.0101540654	446
1.03512519906814	0.0111747586	0.0101566159	446.3333333
1.03432529719928	0.0111641659	0.0101552735	446.6666667
1.033534410021	0.011152833	0.0101541102	447
1.03273890046971	0.0111405804	0.0101550051	447.3333333
1.031926392648	0.0111297993	0.0101559895	447.6666667
1.03111832309786	0.0111196284	0.0101550946	448
1.03030562646514	0.0111080263	0.0101549156	448.3333333
1.02947189831357	0.0110977567	0.0101549603	448.6666667
1.028634169167	0.0110840459	0.0101551841	449
1.02779902286357	0.0110750639	0.0101545576	449.3333333
1.026953586432	0.0110623806	0.0101559895	449.6666667
1.02612331125257	0.0110520212	0.0101552288	450
1.02527834449371	0.0110400736	0.0101556763	450.3333333
1.02443459779928	0.0110294945	0.0101550051	450.6666667
1.02359200209557	0.0110171476	0.0101551841	451
1.02274336572428	0.0110068959	0.0101565264	451.3333333
1.02189361532528	0.0109949798	0.0101545576	451.6666667
1.02105120843257	0.0109826149	0.0101562579	452
1.02019451512628	0.0109713448	0.0101551841	452.3333333
1.01936976955457	0.0109611784	0.0101551393	452.6666667
1.018538817624	0.0109470055	0.0101547814	453
1.01770626344014	0.0109369288	0.0101548708	453.3333333
1.01686579018328	0.0109245102	0.0101544681	453.6666667
1.01600565289586	0.01091276	0.0101547366	454
1.01515218693043	0.0109013508	0.0101552735	454.3333333
1.014290309385	0.0108887482	0.0101563027	454.6666667
1.01343238202828	0.0108777967	0.0101558552	455
1.01258669698843	0.0108671996	0.0101558552	455.3333333
1.01174000367214	0.0108541079	0.0101560342	455.6666667
1.01087287281386	0.0108423308	0.010155721	456
1.010013693282	0.010830639	0.0101559447	456.3333333
1.00915823388343	0.0108180903	0.0101548261	456.6666667
1.008297907785	0.0108069592	0.0101563027	457
1.00745047792028	0.0107946886	0.0101539759	457.3333333
1.0065819105	0.010782104	0.0101559447	457.6666667
1.00572098585786	0.010769304	0.0101554078	458
1.00485979890686	0.0107593933	0.0101568844	458.3333333
1.00399618552757	0.0107460684	0.0101551393	458.6666667
1.00312413288171	0.0107346457	0.0101554525	459
1.00224996221314	0.010721581	0.0101547366	459.3333333
1.00138410664971	0.0107096379	0.0101563474	459.6666667
1.00050108698186	0.0106956983	0.0101544681	460
0.999603407845284	0.010685994	0.0101554078	460.3333333
0.998719320103713	0.0106718526	0.010156079	460.6666667
0.99782190798557	0.0106594025	0.0101572871	461
0.996905471767713	0.0106478856	0.010155721	461.3333333
0.995996848728856	0.010636113	0.0101557657	461.6666667
0.995090293049141	0.0106223395	0.0101556763	462
0.994171467365999	0.0106105848	0.0101544234	462.3333333
0.993237669098999	0.0105977579	0.0101551841	462.6666667
0.992319667590856	0.0105859135	0.0101554525	463
0.991410957068142	0.0105736968	0.0101563922	463.3333333
0.990490832970427	0.010558981	0.0101546024	463.6666667
0.989562955633713	0.0105469661	0.0101567054	464
0.988641362863284	0.0105356198	0.0101554973	464.3333333
0.987723347511856	0.0105230934	0.0101554973	464.6666667
0.986807496137142	0.0105087276	0.0101559	465
0.985886018537142	0.0104977716	0.0101557657	465.3333333
0.984965991056999	0.0104842717	0.010156079	465.6666667
0.984033684582427	0.0104702514	0.0101552288	466
0.983107648830856	0.0104576712	0.0101545129	466.3333333
0.982169347785427	0.0104455173	0.0101551841	466.6666667
0.981233450191285	0.0104314431	0.0101548708	467
0.980306295702427	0.0104200788	0.0101555868	467.3333333
0.979376549093999	0.0104053451	0.0101555868	467.6666667
0.97845129598757	0.0103929488	0.0101559895	468
0.97749547176857	0.0103792157	0.0101556763	468.3333333
0.976522101256284	0.0103669989	0.0101554078	468.6666667
0.97555210108457	0.0103521261	0.010156079	469
0.974599711570284	0.010342359	0.0101559	469.3333333
0.973643873650713	0.0103268267	0.0101556315	469.6666667
0.972688394800284	0.0103135197	0.0101537075	470
0.971728956341999	0.0103004012	0.0101552735	470.3333333
0.970762837285285	0.0102873724	0.0101550498	470.6666667
0.969789338044713	0.0102719074	0.0101549156	471
0.96882593997857	0.0102593676	0.0101549156	471.3333333
0.967860359668285	0.010246599	0.010155721	471.6666667
0.96689231154257	0.0102329107	0.0101549156	472
0.965908250445856	0.0102197024	0.0101545576	472.3333333
0.964925906630142	0.0102052558	0.0101556315	472.6666667
0.963943553537999	0.0101926846	0.0101546024	473
0.962955173764285	0.0101788797	0.0101550498	473.3333333
0.96195476802857	0.0101646126	0.0101546919	473.6666667
0.960949435938427	0.0101503186	0.0101544681	474
0.959929043923285	0.0101389587	0.0101558105	474.3333333
0.958912938188999	0.010122085	0.0101558105	474.6666667
0.957897748823142	0.0101098682	0.0101559895	475
0.956864488260856	0.0100960363	0.0101549603	475.3333333
0.955836352140427	0.0100826396	0.0101552735	475.6666667
0.954814841387999	0.0100671656	0.0101550498	476
0.95377283315357	0.0100552046	0.0101548261	476.3333333
0.952735240213713	0.0100398114	0.0101548708	476.6666667
0.951696712637999	0.0100267736	0.0101544681	477
0.950638272423427	0.0100128475	0.0101562579	477.3333333
0.949582387365427	0.0099988496	0.0101559	477.6666667
0.948540742766999	0.0099832051	0.0101548708	478
0.947490221482713	0.0099716973	0.0101557657	478.3333333
0.946420307753142	0.0099559272	0.0101552735	478.6666667
0.945362815874999	0.0099417767	0.010153618	479
0.944301198840427	0.0099272539	0.0101547366	479.3333333
0.94322275379357	0.0099135835	0.0101560342	479.6666667
0.942155165165142	0.0098991145	0.0101545129	480
0.941078801035285	0.0098849192	0.0101541102	480.3333333
0.940001285914713	0.0098697997	0.0101544234	480.6666667
0.938941510465285	0.0098551154	0.0101539312	481
0.937873622564999	0.0098407585	0.0101552735	481.3333333
0.936795849702427	0.0098256031	0.010155542	481.6666667
0.935723574051427	0.0098111297	0.0101544234	482
0.934628379199713	0.0097962569	0.0101562579	482.3333333
0.933548437650856	0.009782739	0.0101558552	482.6666667
0.932433270220285	0.0097664934	0.010156079	483
0.93130404643157	0.0097549137	0.0101544681	483.3333333
0.930186130323856	0.0097375644	0.0101542892	483.6666667
0.929057901110999	0.0097234588	0.0101545576	484
0.927940026533142	0.0097087431	0.0101549603	484.3333333
0.926820075462427	0.0096940094	0.0101550051	484.6666667
0.92569150559057	0.0096782169	0.0101552288	485
0.924544606780285	0.009664394	0.0101554078	485.3333333
0.923395378301999	0.0096474529	0.0101551841	485.6666667
0.922240786049999	0.0096326115	0.0101549603	486
0.92108906663657	0.00961882	0.0101550946	486.3333333
0.919924639943142	0.0096044722	0.0101551393	486.6666667
0.918747331001999	0.0095870645	0.0101537075	487
0.917560155508713	0.0095742331	0.0101550946	487.3333333
0.916361446703142	0.0095574267	0.0101558105	487.6666667
0.915176158891713	0.0095427244	0.0101562579	488
0.913972288966713	0.0095286367	0.0101553183	488.3333333
0.912769261626856	0.0095115611	0.0101553183	488.6666667
0.911561427669856	0.0094967332	0.0101564817	489
0.910354058533284	0.0094819277	0.0101552735	489.3333333
0.909144198746999	0.0094655116	0.0101546919	489.6666667
0.907926152869284	0.0094505132	0.0101547814	490
0.906718456916998	0.0094362057	0.0101564817	490.3333333
0.905502556463141	0.0094176406	0.0101550946	490.6666667
0.904262926476856	0.0094033421	0.0101546024	491
0.903036298618284	0.0093878367	0.0101554525	491.3333333
0.901805411879998	0.0093715552	0.0101557657	491.6666667
0.900558654742284	0.0093556505	0.0101554973	492
0.899313564364713	0.0093415539	0.0101552288	492.3333333
0.898054988486141	0.0093233342	0.0101537522	492.6666667
0.896803535334855	0.0093087351	0.0101533495	493
0.895536579986998	0.0092916415	0.0101563474	493.3333333
0.894260490211284	0.009276513	0.0101552288	493.6666667
0.892995210899998	0.0092603571	0.0101542892	494
0.891720207750855	0.0092461752	0.0101559	494.3333333
0.890443823270141	0.0092288573	0.0101550498	494.6666667
0.889159487605713	0.0092113958	0.0101558105	495
0.887857637901427	0.009196227	0.010155542	495.3333333
0.886540603825284	0.0091802819	0.0101550051	495.6666667
0.885223187702998	0.0091634485	0.0101550498	496
0.88390677514757	0.0091474362	0.0101556315	496.3333333
0.882567784193141	0.0091301587	0.0101552288	496.6666667
0.881231247210855	0.0091146264	0.0101545576	497
0.879889599629998	0.0090997715	0.0101551393	497.3333333
0.878540000865427	0.0090819332	0.0101551841	497.6666667
0.87718361104157	0.0090642653	0.0101546919	498
0.875815416462855	0.0090484997	0.0101557657	498.3333333
0.874448285248284	0.0090319131	0.0101554525	498.6666667
0.873076743448713	0.0090154521	0.0101547814	499
0.871695067935855	0.0089994802	0.0101541997	499.3333333
0.870301476921855	0.0089815117	0.0101550498	499.6666667
0.868906035188998	0.0089661993	0.0101550051	500
0.867504359410712	0.008948657	0.0101542444	500.3333333
0.866082140339141	0.0089320525	0.0101544234	500.6666667
0.864659847484284	0.0089131643	0.0101534838	501
0.863233903569855	0.0088980672	0.010153618	501.3333333
0.861805689927426	0.0088785239	0.0101529021	501.6666667
0.860371463303998	0.0088637633	0.0101537522	502
0.858928203437141	0.0088463961	0.0101542444	502.3333333
0.857472351317998	0.0088291275	0.0101545576	502.6666667
0.856007604102855	0.0088120115	0.0101542892	503
0.854537640537855	0.0087952409	0.010155542	503.3333333
0.853068505714712	0.0087763168	0.0101543339	503.6666667
0.851599582679569	0.008759138	0.0101539312	504
0.850114572890141	0.0087422867	0.0101543339	504.3333333
0.848631736211141	0.008725054	0.0101553183	504.6666667
0.847136970330427	0.0087067176	0.0101544681	505
0.845630196897855	0.0086886998	0.0101545129	505.3333333
0.844117438170855	0.0086712294	0.0101538417	505.6666667
0.842595940905427	0.0086518611	0.0101535732	506
0.841062896484427	0.0086364186	0.0101553183	506.3333333
0.839521606174713	0.0086168619	0.0101548708	506.6666667
0.837972419768999	0.0086001586	0.0101539312	507
0.836423343966856	0.0085815665	0.0101540207	507.3333333
0.834868692602998	0.0085644819	0.0101535285	507.6666667
0.833302056664284	0.0085457373	0.010153618	508
0.831719393911284	0.0085282309	0.01015326	508.3333333
0.830128710900856	0.0085079833	0.0101535732	508.6666667
0.828541006622998	0.0084922716	0.0101542444	509
0.826943090424427	0.0084716067	0.0101541102	509.3333333
0.825329773641856	0.0084550829	0.0101540654	509.6666667
0.823718487255427	0.0084354724	0.0101550498	510
0.822092951132999	0.0084173065	0.0101531258	510.3333333
0.82045379164757	0.0083980325	0.0101538865	510.6666667
0.818807375996998	0.0083810376	0.0101545129	511
0.817142741868856	0.0083613194	0.0101527231	511.3333333
0.815468572713856	0.0083412647	0.0101544234	511.6666667
0.813791364886284	0.0083241666	0.0101539312	512
0.81210693785657	0.0083052022	0.010153797	512.3333333
0.810415862481856	0.0082842726	0.0101554078	512.6666667
0.808714082679427	0.0082659587	0.0101552735	513
0.806999199564856	0.0082476852	0.0101541549	513.3333333
0.805282387381284	0.0082275273	0.0101545129	513.6666667
0.803546983807713	0.008210658	0.0101550946	514
0.801813514012713	0.0081886068	0.0101551393	514.3333333
0.800062893813856	0.0081699205	0.0101553183	514.6666667
0.798304317864427	0.0081495563	0.0101551841	515
0.796545953560284	0.0081305739	0.0101552735	515.3333333
0.794773339662856	0.0081084689	0.0101536627	515.6666667
0.792987502858713	0.0080915816	0.0101547366	516
0.791190731285998	0.0080708271	0.0101552735	516.3333333
0.789383098585284	0.0080503147	0.0101542444	516.6666667
0.787578417215998	0.0080310138	0.0101549603	517
0.785767497234427	0.0080109008	0.0101547366	517.3333333
0.783946807460999	0.0079899712	0.0101550946	517.6666667
0.782115334766999	0.0079708453	0.0101552288	518
0.780275316912427	0.0079492607	0.0101550051	518.3333333
0.778428415947856	0.0079298296	0.0101536627	518.6666667
0.776567905178141	0.0079084828	0.0101544681	519
0.774703209311999	0.0078890831	0.0101536627	519.3333333
0.772830078746142	0.0078666057	0.01015326	519.6666667
0.770946404876999	0.007847906	0.0101538865	520
0.76904751438257	0.0078264784	0.0101541997	520.3333333
0.767140783165284	0.0078049522	0.0101533048	520.6666667
0.765226519630713	0.0077850052	0.0101547366	521
0.763311956824284	0.007764614	0.0101550946	521.3333333
0.761381643355713	0.0077427782	0.0101537522	521.6666667
0.759440395261284	0.0077208257	0.0101539312	522
0.75749749895957	0.0077008383	0.0101546471	522.3333333
0.755542742244427	0.0076789307	0.0101544681	522.6666667
0.75358038899057	0.0076577499	0.010153797	523
0.751611207714427	0.0076362371	0.0101556763	523.3333333
0.749628467439427	0.0076158549	0.0101533943	523.6666667
0.747643346832856	0.0075949522	0.0101546024	524
0.745642010600999	0.0075734664	0.0101522309	524.3333333
0.743643179004856	0.0075502487	0.0101527231	524.6666667
0.741628334294999	0.0075311586	0.0101543787	525
0.739604101839427	0.0075071603	0.0101550946	525.3333333
0.737580481770856	0.0074872088	0.010153797	525.6666667
0.735546764951999	0.0074644622	0.0101544681	526
0.733496284627713	0.0074426264	0.0101547366	526.3333333
0.731440900925998	0.0074192023	0.0101541102	526.6666667
0.72937947213257	0.0073987124	0.0101542444	527
0.727313135252141	0.0073761498	0.0101549603	527.3333333
0.72523629645557	0.0073537666	0.01015326	527.6666667
0.723150986138998	0.0073331107	0.0101550498	528
0.721060298205427	0.0073106064	0.0101554525	528.3333333
0.718959867881141	0.0072874067	0.0101541997	528.6666667
0.716849897963141	0.0072674731	0.0101541549	529
0.714729596529856	0.0072444618	0.010155363	529.3333333
0.712602342912856	0.0072209211	0.0101552288	529.6666667
0.710470314932141	0.0071999332	0.0101544234	530
0.70833342025157	0.0071779538	0.0101558105	530.3333333
0.706188367166141	0.0071555034	0.0101538417	530.6666667
0.704034911491713	0.0071316755	0.0101552288	531
0.70187009304857	0.0071113427	0.0101533495	531.3333333
0.699702687052713	0.0070878513	0.0101537522	531.6666667
0.697524769864284	0.0070666481	0.0101546024	532
0.695344665722141	0.007042403	0.010155542	532.3333333
0.693160712575713	0.0070219625	0.0101541997	532.6666667
0.69096514790957	0.006999005	0.0101550051	533
0.688765527160712	0.0069776493	0.0101559895	533.3333333
0.686559594016284	0.0069545752	0.010155363	533.6666667
0.684347606503713	0.0069334706	0.010155542	534
0.682125563627998	0.0069095261	0.0101554078	534.3333333
0.679902015259284	0.0068883094	0.0101547366	534.6666667
0.677668360863856	0.0068650693	0.0101546471	535
0.675431023298141	0.0068431752	0.0101550498	535.3333333
0.673187953613141	0.0068204465	0.0101548708	535.6666667
0.670939966850141	0.0067991895	0.0101544681	536
0.66868246789457	0.0067761064	0.010155363	536.3333333
0.666418403510998	0.0067527407	0.0101543787	536.6666667
0.664146820653427	0.0067318291	0.0101554525	537
0.661869570183427	0.006708737	0.0101554525	537.3333333
0.659589368381999	0.006687444	0.0101546919	537.6666667
0.657300239231141	0.0066644731	0.010155721	538
0.655006920416998	0.006642579	0.0101562132	538.3333333
0.652710074847427	0.0066208329	0.0101545129	538.6666667
0.650405710803856	0.0065991316	0.0101550498	539
0.648095844839141	0.0065759992	0.0101553183	539.3333333
0.645774763386856	0.0065546165	0.0101558105	539.6666667
0.643450095239141	0.0065315783	0.0101563027	540
0.64112025669557	0.0065114025	0.0101561237	540.3333333
0.638788442986284	0.0064862197	0.0101555868	540.6666667
0.636446426632713	0.0064662592	0.0101546024	541
0.634102499620284	0.0064420321	0.0101559895	541.3333333
0.631752007179855	0.0064212013	0.0101550051	541.6666667
0.62939695673057	0.0063975484	0.010155363	542
0.627036385949998	0.006376408	0.0101569739	542.3333333
0.624665520331712	0.0063531993	0.0101550498	542.6666667
0.622290773455712	0.00633266	0.0101546471	543
0.619911196842855	0.0063099135	0.0101562579	543.3333333
0.617528521760141	0.0062885173	0.0101554078	543.6666667
0.615135786604713	0.0062653131	0.010155721	544
0.612742310333998	0.0062437016	0.0101555868	544.3333333
0.610341476570998	0.0062220228	0.0101552288	544.6666667
0.607935688909713	0.006201663	0.0101562132	545
0.605523367931141	0.0061778711	0.0101546919	545.3333333
0.603107966892856	0.0061554206	0.0101554973	545.6666667
0.600684895389855	0.006135496	0.0101554078	546
0.59826059925557	0.0061122649	0.0101546471	546.3333333
0.595831243186284	0.006090954	0.0101553183	546.6666667
0.593396795071284	0.0060678485	0.0101556763	547
0.590955196685141	0.0060455954	0.0101560342	547.3333333
0.588510490552713	0.0060236205	0.0101554078	547.6666667
0.586052593624284	0.0060037273	0.0101540654	548
0.583598891211427	0.0059793028	0.0101559	548.3333333
0.58113795104357	0.0059600242	0.010155721	548.6666667
0.578665385512713	0.0059370578	0.0101554078	549
0.576196448064427	0.0059167384	0.0101554973	549.3333333
0.573722653192712	0.0058937226	0.010155542	549.6666667
0.571234613437284	0.0058743948	0.0101558552	550
0.568749681285427	0.0058502663	0.0101568844	550.3333333
0.566262263050713	0.0058295611	0.010156079	550.6666667
0.563760516729855	0.0058069895	0.010153618	551
0.561262131473141	0.0057852703	0.0101554973	551.3333333
0.558756577677855	0.0057634838	0.0101554078	551.6666667
0.556241626860427	0.0057438778	0.0101557657	552
0.553728448554427	0.0057200858	0.0101546471	552.3333333
0.55121261833157	0.0056997036	0.0101545129	552.6666667
0.548688924408855	0.0056782716	0.0101563027	553
0.54616344855557	0.005656853	0.0101563027	553.3333333
0.543630191919427	0.0056358965	0.0101546024	553.6666667
0.541096944416998	0.0056155951	0.0101540654	554
0.53855450711357	0.0055922024	0.0101554525	554.3333333
0.536010647234141	0.0055724349	0.0101546024	554.6666667
0.533460539465998	0.0055512451	0.0101547366	555
0.530907407011284	0.0055293599	0.0101563922	555.3333333
0.52834860223457	0.0055095969	0.0101549156	555.6666667
0.52578724215857	0.0054867381	0.0101549603	556
0.523217401286141	0.005466984	0.010155542	556.3333333
0.520647090883713	0.0054455206	0.0101547814	556.6666667
0.51807175736657	0.0054247301	0.0101546024	557
0.515491727693141	0.0054023559	0.0101551393	557.3333333
0.512905975176855	0.0053823102	0.0101551393	557.6666667
0.510317110204713	0.0053609903	0.0101552735	558
0.507722715624855	0.0053411824	0.0101549603	558.3333333
0.505124780588998	0.0053199657	0.0101559895	558.6666667
0.50252348919857	0.0052991348	0.0101551393	559
0.499915669200427	0.0052770657	0.0101537522	559.3333333
0.49730536754357	0.0052575359	0.0101562132	559.6666667
0.494690277536998	0.0052360725	0.0101550051	560
0.49207062952157	0.0052159685	0.0101559895	560.3333333
0.489445382967427	0.0051960932	0.0101571976	560.6666667
0.486819547145998	0.0051766711	0.0101552288	561
0.484186271057998	0.0051545482	0.0101564817	561.3333333
0.481550554841141	0.0051341077	0.0101559	561.6666667
0.47890814418257	0.005113694	0.0101564369	562
0.476263353335141	0.005092437	0.0101560342	562.3333333
0.473607245530284	0.0050729162	0.0101572423	562.6666667
0.470948430578141	0.0050530006	0.0101554525	563
0.468280973705141	0.0050311289	0.0101558105	563.3333333
0.465612738753856	0.005012115	0.0101557657	563.6666667
0.462938951217856	0.004992518	0.0101562579	564
0.46026258540557	0.0049711846	0.0101561684	564.3333333
0.45757879787957	0.0049520542	0.0101560342	564.6666667
0.454891727496855	0.0049315284	0.0101565264	565
0.452197239967284	0.004911366	0.0101562132	565.3333333
0.449501108797284	0.0048921593	0.0101562579	565.6666667
0.44680124821757	0.0048732262	0.0101556763	566
0.444095871873427	0.0048512334	0.0101561684	566.3333333
0.441384786529713	0.004832906	0.0101547814	566.6666667
0.438671477411998	0.0048124655	0.0101549156	567
0.435952445451427	0.0047930299	0.0101546024	567.3333333
0.433230480712284	0.0047730695	0.0101556763	567.6666667
0.430504330876713	0.0047536205	0.0101548261	568
0.42777211739657	0.0047335119	0.0101550498	568.3333333
0.425037707828998	0.0047156018	0.0101561237	568.6666667
0.422297713423284	0.0046950087	0.0101555868	569
0.419553340543284	0.0046753623	0.0101546024	569.3333333
0.416804114949427	0.004656003	0.0101550946	569.6666667
0.414053793595284	0.0046386492	0.0101550498	570
0.411296358790284	0.0046180876	0.0101542892	570.3333333
0.408534826372713	0.0046000204	0.0101559895	570.6666667
0.405772097010427	0.0045797638	0.0101556763	571
0.403007866579284	0.0045610282	0.0101562132	571.3333333
0.400236849798427	0.0045416106	0.0101566606	571.6666667
0.397463890105284	0.0045233864	0.0101552288	572
0.394682320601998	0.0045043008	0.0101550498	572.3333333
0.391897615665855	0.0044859779	0.0101574213	572.6666667
0.389111663121427	0.0044685299	0.010155721	573
0.386321226208713	0.0044480355	0.010155542	573.3333333
0.38352173307557	0.0044308118	0.0101563474	573.6666667
0.380731383646713	0.0044106091	0.010155542	574
0.377936282831141	0.0043932597	0.0101567501	574.3333333
0.375138042015855	0.0043748067	0.0101566159	574.6666667
0.372338175970284	0.0043568562	0.0101558105	575
0.36953376104957	0.0043380892	0.0101556763	575.3333333
0.366726114078427	0.0043189811	0.0101560342	575.6666667
0.363914613393427	0.0043018606	0.0101566606	576
0.36110058966257	0.00428461	0.0101569291	576.3333333
0.358283048452713	0.0042658788	0.0101572871	576.6666667
0.355462661805427	0.0042483052	0.0101563027	577
0.352637385766713	0.0042308168	0.0101562132	577.3333333
0.349811713695855	0.004212606	0.0101567054	577.6666667
0.346979591367427	0.0041954945	0.0101550498	578
0.344143992947141	0.0041765345	0.0101572871	578.3333333
0.341302726771713	0.0041615137	0.0101549603	578.6666667
0.338461419209141	0.0041445637	0.0101564369	579
0.335616824365713	0.004125182	0.0101560342	579.3333333
0.332769591305998	0.0041075096	0.0101565712	579.6666667
0.32991618428357	0.0040921119	0.0101572423	580
0.327060829639284	0.0040731071	0.0101551393	580.3333333
0.32419706790008	0.0040580234	0.0101550946	580.6666667
0.321332307011026	0.0040406876	0.0101551841	581
0.318460893305591	0.0040237645	0.0101566606	581.3333333
0.315589580845381	0.0040063613	0.0101547814	581.6666667
0.312715312554246	0.0039905598	0.0101560342	582
0.309838143674032	0.0039732644	0.0101550498	582.3333333
0.306967973076388	0.003958082	0.0101565264	582.6666667
0.30409510900948	0.0039404904	0.0101555868	583
0.30120965737731	0.0039260349	0.0101550946	583.3333333
0.298328842106708	0.0039096457	0.010155542	583.6666667
0.295447939285316	0.0038947909	0.0101552735	584
0.292560056748483	0.0038770243	0.0101555868	584.3333333
0.289672851001326	0.003861003	0.0101553183	584.6666667
0.28678124826613	0.0038462962	0.010156079	585
0.283887058083257	0.0038301627	0.0101554525	585.3333333
0.280985501266678	0.003815613	0.0101552735	585.6666667
0.278080624902826	0.0037991116	0.0101565712	586
0.275169818465555	0.0037833101	0.0101565264	586.3333333
0.272258091278384	0.0037696487	0.0101561684	586.6666667
0.269341580382853	0.0037540357	0.0101563474	587
0.26642378961262	0.0037388309	0.0101565264	587.3333333
0.263499571409112	0.0037243933	0.0101571081	587.6666667
0.260593783460899	0.0037092379	0.0101548708	588
0.257683373070613	0.0036944369	0.0101559	588.3333333
0.254773022529989	0.0036798917	0.0101554078	588.6666667
0.251855116650124	0.0036650279	0.0101570633	589
0.24893541517137	0.0036501282	0.010156079	589.3333333
0.246010851726734	0.0036374897	0.0101562132	589.6666667
0.243089317740036	0.0036215087	0.0101560342	590
0.24016288047738	0.0036092965	0.0101563922	590.3333333
0.237233597837949	0.0035937148	0.0101562579	590.6666667
0.234305245222705	0.0035802508	0.0101556763	591
0.231368715716394	0.0035666298	0.0101562579	591.3333333
0.228427720313879	0.0035536728	0.0101562579	591.6666667
0.225486209169051	0.0035388807	0.010155363	592
0.222543280045764	0.0035263903	0.010155721	592.3333333
0.219597335142703	0.0035123161	0.0101565264	592.6666667
0.216652877424255	0.0034999244	0.0101554525	593
0.213702756576463	0.0034856932	0.0101548708	593.3333333
0.210755900105883	0.00347397	0.0101560342	593.6666667
0.207806787561492	0.0034601964	0.010156079	594
0.204857573827534	0.0034489173	0.010156079	594.3333333
0.201903396849646	0.0034365256	0.0101557657	594.6666667
0.198952318377579	0.0034231064	0.0101565712	595
0.195998265738657	0.0034102975	0.0101579135	595.3333333
0.193044802420537	0.0033996106	0.0101568844	595.6666667
0.190100851084771	0.0033862991	0.0101556315	596
0.187158294866491	0.0033751412	0.0101562132	596.3333333
0.184211710093513	0.0033621393	0.0101572423	596.6666667
0.181266791947953	0.0033509634	0.0101553183	597
0.178318116871799	0.0033397202	0.0101560342	597.3333333
0.175381057868801	0.0033291859	0.0101563027	597.6666667
0.172439749259948	0.0033176511	0.0101579135	598
0.169499140518956	0.0033063586	0.0101552735	598.3333333
0.166557164363318	0.0032954339	0.0101564817	598.6666667
0.163614842861087	0.0032837735	0.0101566606	599
0.16066974056315	0.0032746165	0.0101552735	599.3333333
0.157724992713695	0.00326349	0.0101565712	599.6666667
0.154779996312469	0.0032528525	0.0101556315	600
0.15183238931431	0.0032425066	0.0101558105	600.3333333
0.148891467563926	0.003233215	0.010156079	600.6666667
0.145959035742115	0.0032231832	0.0101568396	601
0.143023090936376	0.0032141743	0.0101552735	601.3333333
0.14008671340765	0.003203631	0.0101563922	601.6666667
0.137166008152677	0.0031941151	0.0101568396	602
0.13427464479729	0.003184348	0.0101558105	602.3333333
0.131423341765336	0.0031757698	0.0101563027	602.6666667
0.128601210321166	0.0031657514	0.0101567054	603
0.12580912975475	0.0031573975	0.010156079	603.3333333
0.1230529841955	0.0031484963	0.0101570186	603.6666667
0.120330029498591	0.003140111	0.0101554525	604
0.117624814372783	0.0031314925	0.0101559	604.3333333
0.114958471676206	0.0031248838	0.0101554973	604.6666667
0.112318897133822	0.0031163056	0.0101558105	605
0.109709134160028	0.0031079248	0.010156079	605.3333333
0.107135941545268	0.0031006253	0.0101549156	605.6666667
0.104591211456492	0.003093254	0.0101559	606
0.102075735829113	0.0030863044	0.0101560342	606.3333333
0.0995994134380192	0.0030786549	0.0101541997	606.6666667
0.0971494217799785	0.0030719341	0.0101568844	607
0.0942792950594387	0.0030651236	0.0101538417	607.3333333
0.0914110919205063	0.0030598878	0.0101547366	607.6666667
0.0885588876272711	0.003052189	0.0101564817	608
0.0857058936617234	0.0030470788	0.0101570633	608.3333333
0.0828566445986178	0.003040856	0.0101555868	608.6666667
0.0800291171945392	0.0030344269	0.0101562579	609
0.0772097143720921	0.0030302365	0.0101563922	609.3333333
0.0743953711236867	0.0030257231	0.0101558105	609.6666667
0.0715838287658575	0.0030200521	0.0101562579	610
0.0687680657330524	0.0030167321	0.0101566606	610.3333333
0.0659598652203791	0.0030120168	0.0101552288	610.6666667
0.0631601546015556	0.0030080328	0.0101567054	611
0.0603680481136075	0.0030054306	0.0101561684	611.3333333
0.0576122546804085	0.0030013299	0.0101567949	611.6666667
0.0548765375945569	0.0029990014	0.0101582267	612
0.0521579534528217	0.0029963544	0.0101573766	612.3333333
0.0494474197815097	0.0029939047	0.0101560342	612.6666667
0.0467232588433978	0.0029921864	0.0101554078	613
0.0440277461562306	0.0029903425	0.0101563027	613.3333333
0.0413702327336191	0.0029904008	0.010155721	613.6666667
0.0387359961939912	0.0029906296	0.0101562132	614
0.0361302633756382	0.0029905623	0.0101555868	614.3333333
0.0335938626566055	0.0029927517	0.0101551393	614.6666667
0.0310936940871835	0.0029919127	0.0101553183	615
0.0286348555561163	0.002995318	0.0101576898	615.3333333
0.0262383266061322	0.0029973638	0.0101564369	615.6666667
0.023898935972921	0.0030009172	0.0101547366	616
0.0216222172449183	0.003005794	0.0101565264	616.3333333
0.0194117190967182	0.0030095447	0.0101558105	616.6666667
0.0172541874969426	0.0030079026	0.0101561684	617
0.0152060612569726	0.0030107561	0.0101556315	617.3333333
0.0132543796210225	0.0030092531	0.0101565712	617.6666667
0.0114609856184775	0.0030100831	0.0101571528	618
0.00986456675822891	0.003009621	0.0101559895	618.3333333
0.00856369795020109	0.0030085667	0.0101567501	618.6666667
0.00757519313224193	0.0030094774	0.010155721	619
0.00692022973674469	0.0030095671	0.0101573766	619.3333333
0.00681015326775212	0.0030096972	0.0101571081	619.6666667
0.0067664382934836	0.0030105273	0.0101569739	620
0.00671912952878417	0.0030099799	0.0101563474	620.3333333
0.00667416401701055	0.0030088134	0.010155721	620.6666667
0.00662355476602784	0.0030092351	0.0101543339	621
0.00656086447026817	0.0030093114	0.0101557657	621.3333333
0.00652617352571862	0.0030090063	0.0101561237	621.6666667
0.00643693232914685	0.0030098722	0.0101565264	622
