Calibrated Field (T)	Sample Voltage (V)	Sample Current (A)	Acquisition Time (s)	
Teslas	Volts	Amps	Seconds	
0.0290026475	0.0140036989	-0.0100376098	0
0.0257984834333333	0.0140293391	-0.0100376191	0.2
0.02729407656	0.0141129806	-0.0100376311	0.4
0.0295960925	0.0142060437	-0.0100376515	0.6
0.0321868405444444	0.0142891961	-0.0100376497	0.8
0.0349449001909091	0.0143891818	-0.0100376843	1
0.0377951777923077	0.0144924741	-0.0100376883	1.2
0.04071106496	0.0146012623	-0.0100376866	1.4
0.0436710073411765	0.0147189965	-0.0100377007	1.6
0.0466774988526316	0.0148372333	-0.0100377163	1.8
0.0497051294333333	0.0149597635	-0.0100377234	2
0.0527605165391304	0.0150850979	-0.01003775	2.2
0.055840199552	0.0152151251	-0.0100377531	2.4
0.0589458088148148	0.015338095	-0.0100377642	2.6
0.0620712001206896	0.0154676018	-0.0100377739	2.8
0.0652194374645161	0.0156013707	-0.0100377824	3
0.0683846022545455	0.0157309986	-0.0100377961	3.2
0.0715570052885714	0.0158655168	-0.010037809	3.4
0.0747518240567568	0.0159926682	-0.0100378134	3.6
0.0779637729512821	0.0161224217	-0.010037817	3.8
0.0811930939926829	0.016259533	-0.0100378347	4
0.0844293831930233	0.0163906594	-0.0100378436	4.2
0.0876813943888889	0.0165249039	-0.0100378582	4.4
0.0906498536933333	0.0166556983	-0.0100378609	4.6
0.0938111242644444	0.0167881258	-0.0100378657	4.8
0.0970271033688889	0.0169167083	-0.0100378755	5
0.100246853228889	0.0170477495	-0.0100378786	5.2
0.103471844902222	0.0171818235	-0.0100378972	5.4
0.106713129962222	0.0173100875	-0.0100379043	5.6
0.10996836216	0.0174420887	-0.0100379159	5.8
0.113231135866667	0.0175709719	-0.0100379265	6
0.116502894211111	0.017702004	-0.0100379354	6.2
0.119783022702222	0.0178265039	-0.010037958	6.4
0.123072973775556	0.0179533726	-0.0100379491	6.6
0.126371220511111	0.0180855219	-0.0100379669	6.8
0.129678079464444	0.0182136065	-0.0100379726	7
0.132994016162222	0.0183440374	-0.0100379655	7.2
0.136316144346667	0.0184730776	-0.0100379873	7.4
0.139646279566667	0.0185997489	-0.0100379997	7.6
0.142983211453333	0.0187235938	-0.010037997	7.8
0.146328476244444	0.0188493588	-0.0100380068	8
0.14967936458	0.018976223	-0.0100380161	8.2
0.153040336193333	0.0191011177	-0.0100380232	8.4
0.156409072768889	0.0192268962	-0.0100380352	8.6
0.159781943208889	0.0193484036	-0.0100380423	8.8
0.163158603024444	0.0194725894	-0.0100380627	9
0.166543996095556	0.0195987178	-0.0100380551	9.2
0.169934491322222	0.0197216564	-0.0100380817	9.4
0.173328533853333	0.0198475425	-0.0100380724	9.6
0.176728404762222	0.0199724955	-0.0100380795	9.8
0.180133005408889	0.0200987137	-0.0100380937	10
0.183541823711111	0.0202196154	-0.0100381057	10.2
0.186953975175556	0.020338727	-0.0100381008	10.4
0.19037144294	0.0204644472	-0.0100381172	10.6
0.193794748393333	0.0205855014	-0.0100381172	10.8
0.197222830135556	0.0207088976	-0.0100381305	11
0.20065353744	0.0208338371	-0.0100381305	11.2
0.204087270657778	0.0209535678	-0.0100381469	11.4
0.207521944237778	0.0210710015	-0.0100381496	11.6
0.2109601465	0.0211900144	-0.010038154	11.8
0.214397697024445	0.0213139983	-0.0100381722	12
0.217837714835556	0.0214341283	-0.0100381642	12.2
0.2212794644	0.0215561426	-0.0100381846	12.4
0.224720822922222	0.0216762188	-0.0100381815	12.6
0.228166157031111	0.0217984036	-0.0100381869	12.8
0.23161370704	0.0219142087	-0.0100382019	13
0.23506167602	0.0220312296	-0.0100382157	13.2
0.238509812591111	0.0221528357	-0.010038217	13.4
0.241962436824445	0.0222725978	-0.010038229	13.6
0.245417891453333	0.0223907717	-0.010038241	13.8
0.248869966368889	0.0225072049	-0.0100382379	14
0.252321138164445	0.0226234047	-0.0100382472	14.2
0.255771630293333	0.022743463	-0.0100382596	14.4
0.259222159664445	0.022861915	-0.0100382458	14.6
0.2626677824	0.0229815426	-0.0100382636	14.8
0.266113377202222	0.0230976572	-0.0100382756	15
0.26955868338	0.0232178141	-0.0100382831	15.2
0.273004883364445	0.0233317438	-0.0100382862	15.4
0.276449751948889	0.023442874	-0.0100382902	15.6
0.279892851535556	0.0235629995	-0.0100382946	15.8
0.283334051777778	0.0236757403	-0.0100383066	16
0.28677338992	0.0237943494	-0.0100383093	16.2
0.290210288708889	0.0239082701	-0.0100383093	16.4
0.293643100186667	0.0240235592	-0.0100383075	16.6
0.29707324886	0.0241358693	-0.0100383297	16.8
0.300499989886667	0.0242476455	-0.010038315	17
0.303924868813333	0.0243653483	-0.0100383363	17.2
0.307345278697778	0.0244795742	-0.0100383292	17.4
0.310762662666667	0.0245961913	-0.0100383385	17.6
0.314174953788889	0.0247084565	-0.010038343	17.8
0.317587310084445	0.0248252082	-0.0100383487	18
0.320993828693333	0.0249350283	-0.0100383683	18.2
0.324400403166667	0.0250464635	-0.0100383643	18.4
0.327801335473334	0.0251632556	-0.0100383727	18.6
0.331200498782222	0.0252746863	-0.0100383749	18.8
0.334598125857778	0.0253881315	-0.0100383785	19
0.337987112784445	0.0254962063	-0.010038386	19.2
0.341369861673334	0.0256073903	-0.0100383922	19.4
0.344748644286667	0.0257223115	-0.0100384046	19.6
0.34812101196	0.0258332263	-0.0100384082	19.8
0.351487756086667	0.0259463081	-0.0100384113	20
0.354851353264445	0.0260584073	-0.0100384108	20.2
0.358210360362222	0.0261706276	-0.0100384197	20.4
0.361563455288889	0.0262784108	-0.0100384401	20.6
0.364911764613333	0.0263870555	-0.0100384277	20.8
0.368258854262222	0.0264998232	-0.0100384476	21
0.371599873462222	0.0266088716	-0.0100384543	21.2
0.374935362222222	0.0267220431	-0.0100384587	21.4
0.378267070915556	0.026829768	-0.0100384561	21.6
0.381593910215556	0.0269416922	-0.0100384751	21.8
0.38492325404	0.0270451415	-0.010038468	22
0.388249106426667	0.0271547597	-0.0100384814	22.2
0.391570582875556	0.0272652976	-0.0100384871	22.4
0.39488572818	0.0273732469	-0.0100384805	22.6
0.398195622357778	0.0274854493	-0.0100384898	22.8
0.401501224393333	0.0275933716	-0.0100384978	23
0.404800662873333	0.0277024693	-0.0100385022	23.2
0.40809782028	0.0278056046	-0.0100384947	23.4
0.411390052428889	0.0279127687	-0.0100385031	23.6
0.414674184435555	0.0280220279	-0.0100385111	23.8
0.417957776435555	0.0281297349	-0.0100385204	24
0.421238845286667	0.0282354857	-0.0100385186	24.2
0.424507028397778	0.02833828	-0.0100385222	24.4
0.427767986557778	0.0284420344	-0.0100385315	24.6
0.431027780904444	0.028551675	-0.010038535	24.8
0.434280629613333	0.028659373	-0.0100385523	25
0.437526253368889	0.0287654513	-0.0100385421	25.2
0.440767110146666	0.0288734275	-0.0100385479	25.4
0.44400312546	0.028978945	-0.0100385536	25.6
0.447234923115555	0.0290801555	-0.0100385603	25.8
0.45046155344	0.029186521	-0.0100385568	26
0.453681554684444	0.0292916483	-0.0100385607	26.2
0.4568951503	0.0293973228	-0.0100385789	26.4
0.460102126146666	0.0295019386	-0.0100385807	26.6
0.463306737124444	0.0296049751	-0.0100385865	26.8
0.466501609313333	0.0297091198	-0.0100385807	27
0.469693436966666	0.0298092671	-0.0100385869	27.2
0.472877089995555	0.0299117607	-0.0100385984	27.4
0.476055585002222	0.0300159189	-0.010038602	27.6
0.479229015095555	0.0301176857	-0.0100386091	27.8
0.482396728537778	0.0302228533	-0.0100386042	28
0.48555926534	0.030322027	-0.0100386122	28.2
0.488718338631111	0.0304268761	-0.0100386184	28.4
0.491874926017777	0.0305250672	-0.0100386259	28.6
0.495025256744444	0.0306242812	-0.0100386326	28.8
0.498171313951111	0.0307279773	-0.0100386415	29
0.501314494208889	0.0308303678	-0.0100386521	29.2
0.504454359926666	0.03093318	-0.0100386486	29.4
0.507589328317777	0.0310311468	-0.0100386574	29.6
0.510718896617777	0.0311310652	-0.0100386592	29.8
0.513840699955555	0.0312356675	-0.010038665	30
0.516958509084444	0.0313356398	-0.0100386681	30.2
0.520070657426666	0.0314390038	-0.0100386712	30.4
0.523179007084444	0.0315392497	-0.0100386801	30.6
0.526281500431111	0.0316405455	-0.0100386783	30.8
0.529371210453333	0.0317387501	-0.0100386792	31
0.532455501762222	0.0318363131	-0.0100386778	31.2
0.535532875364444	0.0319398835	-0.0100386934	31.4
0.538605211984444	0.0320396853	-0.0100386942	31.6
0.54167123608	0.0321399133	-0.0100386894	31.8
0.544731757666666	0.032236256	-0.0100387	32
0.547788946093333	0.0323368249	-0.0100387013	32.2
0.550838704735555	0.0324300809	-0.0100387018	32.4
0.553881471186666	0.0325276754	-0.010038708	32.6
0.556921677251111	0.0326305145	-0.0100387182	32.8
0.559955375271111	0.032727261	-0.0100387089	33
0.562981531782222	0.0328274979	-0.0100387248	33.2
0.566003507875555	0.032921889	-0.0100387151	33.4
0.56902370566	0.0330226778	-0.0100387404	33.6
0.572036427108889	0.0331132913	-0.0100387275	33.8
0.575043329493333	0.0332094904	-0.0100387204	34
0.578046675264444	0.0333075873	-0.0100387453	34.2
0.581046082688889	0.0334052356	-0.0100387488	34.4
0.584042333853333	0.0335029646	-0.010038755	34.6
0.58702836208	0.0335974499	-0.0100387377	34.8
0.590006783624444	0.0336930703	-0.0100387586	35
0.592981602002222	0.0337916607	-0.010038767	35.2
0.595949865784444	0.0338900851	-0.0100387586	35.4
0.598915010548889	0.0339882987	-0.0100387732	35.6
0.601870677217777	0.0340844754	-0.0100387719	35.8
0.604824006948888	0.0341834516	-0.0100387727	36
0.607770912431111	0.0342767704	-0.0100387794	36.2
0.610712194366666	0.0343724222	-0.0100387776	36.4
0.6136484207	0.0344722105	-0.0100387865	36.6
0.616579358664444	0.0345678668	-0.0100387847	36.8
0.619501237506666	0.034667848	-0.0100387936	37
0.622417176246666	0.0347640875	-0.0100387923	37.2
0.625324214142222	0.0348602598	-0.0100388034	37.4
0.628225395728889	0.0349530088	-0.01003881	37.6
0.631120516177778	0.0350472563	-0.0100388078	37.8
0.634008253395555	0.0351444245	-0.0100388198	38
0.636889007733333	0.0352389681	-0.0100388171	38.2
0.639764073353333	0.035333929	-0.0100388118	38.4
0.642629847086667	0.0354253545	-0.0100388242	38.6
0.64548808862	0.0355195123	-0.0100388202	38.8
0.648341237308889	0.0356075774	-0.0100388269	39
0.651185727226667	0.0356957592	-0.0100388211	39.2
0.654024267731111	0.0357888986	-0.0100388264	39.4
0.656856579504444	0.0358771925	-0.010038834	39.6
0.659683854295556	0.0359673753	-0.0100388362	39.8
0.662497628855555	0.0360539554	-0.0100388331	40
0.665303666382222	0.0361421686	-0.0100388477	40.2
0.668104527268889	0.0362323917	-0.0100388411	40.4
0.670896533862222	0.0363201787	-0.0100388526	40.6
0.673680701011111	0.0364095045	-0.0100388623	40.8
0.676459626344444	0.0364954879	-0.0100388557	41
0.679230972926667	0.036583414	-0.010038869	41.2
0.681993260386667	0.0366666023	-0.0100388717	41.4
0.684746432862222	0.0367530658	-0.010038865	41.6
0.687493488333333	0.0368402336	-0.0100388708	41.8
0.690233970588889	0.0369259658	-0.0100388712	42
0.69296206056	0.0370118729	-0.0100388774	42.2
0.695687394622222	0.0370983678	-0.0100388796	42.4
0.698398250846667	0.0371851543	-0.0100388925	42.6
0.701102477991111	0.0372685445	-0.0100388956	42.8
0.703798847068889	0.0373525315	-0.010038904	43
0.706483456977778	0.0374407671	-0.0100388934	43.2
0.709163383702222	0.0375253283	-0.0100389	43.4
0.711828907073333	0.0376111951	-0.0100389027	43.6
0.714493862504444	0.0376953794	-0.0100389005	43.8
0.717146593242222	0.0377832426	-0.0100389142	44
0.719785842366667	0.0378639051	-0.0100389151	44.2
0.722427791537778	0.0379497674	-0.0100389094	44.4
0.725051268664444	0.0380387163	-0.0100389098	44.6
0.72766901052	0.0381228737	-0.0100389196	44.8
0.730285393042222	0.0382094314	-0.010038924	45
0.732879718975556	0.0382934408	-0.0100389138	45.2
0.735474752506667	0.0383755793	-0.0100389244	45.4
0.738049209817778	0.0384646	-0.010038936	45.6
0.740624263002222	0.0385471378	-0.0100389342	45.8
0.743179345151111	0.0386323271	-0.0100389284	46
0.745731624837778	0.0387148739	-0.0100389262	46.2
0.74827769442	0.0388007676	-0.010038944	46.4
0.75080164224	0.0388810756	-0.010038951	46.6
0.75332913736	0.0389654843	-0.0100389422	46.8
0.755834482786667	0.0390506287	-0.0100389373	47
0.758334595708889	0.0391322647	-0.0100389546	47.2
0.760827297468889	0.0392170906	-0.0100389493	47.4
0.763297793673334	0.0392977979	-0.0100389626	47.6
0.765765291895556	0.0393810087	-0.0100389564	47.8
0.768227874168889	0.039461393	-0.0100389666	48
0.770667450182222	0.0395417055	-0.010038971	48.2
0.773100899882223	0.0396246246	-0.0100389732	48.4
0.775528502586667	0.0397030618	-0.0100389777	48.6
0.777932680057778	0.0397843568	-0.0100389741	48.8
0.780332314	0.0398625203	-0.0100389759	49
0.782731249655556	0.0399413837	-0.0100389883	49.2
0.785103184842223	0.0400157157	-0.0100389754	49.4
0.787463304997778	0.0400905233	-0.010038987	49.6
0.789825045182223	0.0401692206	-0.0100389941	49.8
0.792172382013334	0.040243602	-0.0100390034	50
0.794497969502223	0.04031976	-0.0100390043	50.2
0.796810615386667	0.0403919475	-0.0100390118	50.4
0.799113289720001	0.0404634441	-0.0100390034	50.6
0.801410861897778	0.0405395527	-0.01003901	50.8
0.803691544815556	0.0406108743	-0.01003901	51
0.805971566688889	0.0406812986	-0.0100390256	51.2
0.808232883753334	0.0407529881	-0.0100390162	51.4
0.810481380253334	0.0408236726	-0.0100390216	51.6
0.812713341295556	0.0408896374	-0.0100390398	51.8
0.814929595511112	0.040957464	-0.010039034	52
0.817132675362223	0.0410276595	-0.0100390176	52.2
0.819320504606667	0.0410937947	-0.010039042	52.4
0.821502319262223	0.0411613745	-0.0100390353	52.6
0.823667142244445	0.0412274155	-0.0100390486	52.8
0.825835559082223	0.0412935014	-0.0100390548	53
0.827999274115556	0.0413559173	-0.0100390575	53.2
0.830136416964445	0.0414214783	-0.0100390451	53.4
0.832253477051112	0.0414881205	-0.0100390495	53.6
0.834355724122223	0.0415509312	-0.0100390504	53.8
0.836447589980001	0.0416149757	-0.0100390504	54
0.838548244955556	0.0416765303	-0.0100390646	54.2
0.840614469680001	0.0417391212	-0.0100390699	54.4
0.842668888684445	0.0417985805	-0.0100390673	54.6
0.844710822300001	0.0418580667	-0.0100390686	54.8
0.846761861591112	0.0419216806	-0.0100390681	55
0.84877405744889	0.0419802606	-0.0100390872	55.2
0.850782529104445	0.0420416132	-0.0100390859	55.4
0.852796652235556	0.0420980172	-0.0100390939	55.6
0.854763217304445	0.0421585264	-0.0100390868	55.8
0.856747099913334	0.0422198252	-0.0100390952	56
0.858708153162223	0.0422796569	-0.0100390956	56.2
0.860650231600001	0.0423368775	-0.0100391001	56.4
0.86260764444	0.0423936988	-0.0100390903	56.6
0.864524063122223	0.0424520813	-0.0100390979	56.8
0.866445965693334	0.0425057756	-0.0100390947	57
0.868346118922223	0.0425648042	-0.0100391107	57.2
0.870248152873334	0.0426199027	-0.0100391041	57.4
0.872114313444445	0.0426770604	-0.0100390992	57.6
0.873997623968889	0.0427344201	-0.0100391165	57.8
0.875849362566667	0.042788213	-0.0100391214	58
0.877697246615556	0.0428448324	-0.0100391196	58.2
0.879526165164445	0.0428980107	-0.0100391236	58.4
0.881372652637778	0.0429531854	-0.0100391236	58.6
0.883168742342222	0.0430087191	-0.0100391307	58.8
0.884965912064445	0.043063499	-0.0100391112	59
0.886768332911111	0.0431181847	-0.0100391311	59.2
0.888542338095556	0.043170708	-0.0100391298	59.4
0.890330653526667	0.0432262147	-0.0100391324	59.6
0.892082946611111	0.043275898	-0.0100391506	59.8
0.893825063311111	0.0433294621	-0.0100391435	60
0.895575559466667	0.0433834031	-0.0100391515	60.2
0.897294036793333	0.0434350918	-0.0100391475	60.4
0.899007486446667	0.0434893917	-0.010039156	60.6
0.900734594611111	0.0435394653	-0.0100391506	60.8
0.902441983126667	0.0435912214	-0.0100391724	61
0.904127827128889	0.0436442516	-0.0100391644	61.2
0.905816967051111	0.0436937733	-0.0100391706	61.4
0.907510836711111	0.0437460319	-0.0100391653	61.6
0.909176988995555	0.0437965272	-0.0100391577	61.8
0.910811997635555	0.0438473591	-0.0100391688	62
0.912436839202222	0.0438946286	-0.0100391644	62.2
0.914078830722222	0.0439460078	-0.0100391706	62.4
0.915724872311111	0.0439970998	-0.0100391786	62.6
0.917347619015556	0.044046837	-0.0100391679	62.8
0.918943430426667	0.044096435	-0.0100391826	63
0.920520993244445	0.0441466746	-0.0100391857	63.2
0.922129820742222	0.0441972732	-0.0100391799	63.4
0.923740482408889	0.0442439999	-0.0100391968	63.6
0.92532658296	0.0442946029	-0.0100391941	63.8
0.926880422608889	0.0443433306	-0.0100391937	64
0.928439513384444	0.0443907213	-0.0100392114	64.2
0.929977944146667	0.044440427	-0.0100392021	64.4
0.931495472824444	0.0444880959	-0.0100392034	64.6
0.933028745566667	0.0445372991	-0.0100392034	64.8
0.934541274502222	0.0445815762	-0.0100392158	65
0.936055618986667	0.0446317036	-0.0100392194	65.2
0.937574255613334	0.044679045	-0.0100392136	65.4
0.939077204037778	0.0447264312	-0.01003923	65.6
0.940601436277778	0.0447747416	-0.0100392451	65.8
0.942092588291111	0.0448190501	-0.0100392362	66
0.94360149544	0.044867724	-0.0100392305	66.2
0.945084221444445	0.0449158594	-0.0100392398	66.4
0.946577356595556	0.0449607467	-0.0100392424	66.6
0.948045939942223	0.0450083123	-0.0100392509	66.8
0.949524252766667	0.0450540116	-0.0100392447	67
0.950979410362223	0.0451020888	-0.0100392433	67.2
0.952448170608889	0.0451434855	-0.0100392518	67.4
0.95388425098	0.0451896424	-0.0100392531	67.6
0.955337062328889	0.0452383567	-0.0100392553	67.8
0.956763729777778	0.0452832529	-0.0100392518	68
0.958170416882223	0.0453289746	-0.0100392753	68.2
0.959581787171112	0.0453730857	-0.0100392717	68.4
0.960954928522222	0.0454204315	-0.0100392624	68.6
0.962337911075556	0.0454624295	-0.0100392708	68.8
0.96371443214	0.045509892	-0.0100392704	69
0.965061876493334	0.0455533839	-0.0100392717	69.2
0.966436740288889	0.0455968489	-0.010039289	69.4
0.967816520031112	0.0456411933	-0.0100392784	69.6
0.969176663915556	0.0456844161	-0.0100392797	69.8
0.970549498455556	0.04572942	-0.0100392841	70
0.971921197675556	0.0457710455	-0.0100392952	70.2
0.973263474080001	0.0458155694	-0.0100392881	70.4
0.974569672357779	0.0458578365	-0.0100393028	70.6
0.975885917180001	0.0459022975	-0.0100393081	70.8
0.977216806600001	0.0459460228	-0.010039305	71
0.978554689482223	0.0459846424	-0.0100392988	71.2
0.97987372702889	0.0460287759	-0.0100393183	71.4
0.981175679757779	0.0460708591	-0.0100393028	71.6
0.982468247060001	0.0461140505	-0.0100393036	71.8
0.983761179044445	0.0461562414	-0.0100393147	72
0.985055106586667	0.0461967543	-0.0100393232	72.2
0.986336817675556	0.0462390618	-0.0100393218	72.4
0.987615122284445	0.0462766361	-0.0100393139	72.6
0.988865281684445	0.0463205228	-0.0100393152	72.8
0.990115105140001	0.0463619869	-0.0100393214	73
0.991380272042223	0.0464013289	-0.0100393338	73.2
0.992668921453334	0.0464442241	-0.0100393387	73.4
0.99394538156889	0.0464847011	-0.0100393396	73.6
0.995187235046668	0.0465248013	-0.0100393351	73.8
0.996421751226668	0.0465616443	-0.0100393405	74
0.997671138202223	0.0466037499	-0.0100393493	74.2
0.998911837222223	0.0466434598	-0.0100393511	74.4
1.00011286504222	0.0466831651	-0.0100393547	74.6
1.00130019622445	0.0467219911	-0.0100393569	74.8
1.00250679177556	0.0467613376	-0.010039356	75
1.00371471794	0.0468010788	-0.0100393609	75.2
1.00488492816667	0.0468374283	-0.0100393697	75.4
1.00605227829333	0.0468771965	-0.0100393573	75.6
1.00724354798445	0.0469152777	-0.0100393759	75.8
1.00842527443333	0.0469530449	-0.0100393595	76
1.00957271018667	0.0469909467	-0.0100393715	76.2
1.01072594610222	0.047026179	-0.0100393746	76.4
1.01190313832445	0.0470637399	-0.0100393884	76.6
1.01304658940445	0.0471025659	-0.0100393861	76.8
1.01418519831333	0.0471384084	-0.010039391	77
1.01535592046222	0.0471750584	-0.0100393853	77.2
1.01653142722667	0.0472120405	-0.0100393959	77.4
1.01767536328	0.0472472235	-0.0100393963	77.6
1.01883041509778	0.0472801991	-0.0100394074	77.8
1.02001071651556	0.0473177151	-0.0100394065	78
1.02114368434	0.0473538088	-0.0100394043	78.2
1.02227072986	0.0473874574	-0.0100394057	78.4
1.02341424586222	0.0474250541	-0.0100394114	78.6
1.02450693555556	0.0474596494	-0.0100394123	78.8
1.02558864888889	0.0474948279	-0.0100394212	79
1.02671250888889	0.0475277901	-0.0100394141	79.2
1.02780982666667	0.0475632019	-0.010039419	79.4
1.02891044	0.0475974113	-0.0100394154	79.6
1.03004488888889	0.0476319303	-0.0100394292	79.8
1.03113836222222	0.0476645604	-0.0100394194	80
1.03219612	0.0476994653	-0.0100394314	80.2
1.03328104666667	0.0477319519	-0.0100394212	80.4
1.0343479	0.0477633169	-0.0100394358	80.6
1.03542066666667	0.0477972975	-0.0100394354	80.8
1.03652921111111	0.0478304795	-0.0100394354	81
1.03759216444445	0.0478643435	-0.0100394469	81.2
1.03862588222222	0.0478949009	-0.0100394513	81.4
1.03969129333333	0.0479264498	-0.0100394474	81.6
1.04074105333333	0.0479586807	-0.0100394589	81.8
1.04180045777778	0.0479906424	-0.0100394509	82
1.04287252666667	0.0480237571	-0.0100394522	82.2
1.04387161777778	0.048054153	-0.0100394562	82.4
1.04490152	0.0480856885	-0.0100394562	82.6
1.04595760222222	0.0481172913	-0.0100394638	82.8
1.04697777333333	0.0481464444	-0.0100394766	83
1.04800630444445	0.0481783388	-0.0100394629	83.2
1.04899689555556	0.048207308	-0.0100394904	83.4
1.05001336888889	0.0482389332	-0.0100394793	83.6
1.05106154666667	0.0482709802	-0.0100394806	83.8
1.05203572222222	0.0482993572	-0.0100394749	84
1.05302798	0.0483291294	-0.0100394917	84.2
1.05404133555556	0.0483562457	-0.0100394824	84.4
1.05502844666667	0.0483875748	-0.0100394957	84.6
1.05602351555556	0.0484165261	-0.0100395103	84.8
1.05697933333333	0.048445253	-0.0100395028	85
1.05797108888889	0.048473971	-0.0100395037	85.2
1.05896185777778	0.0485032094	-0.0100395068	85.4
1.05988939777778	0.0485324478	-0.0100395032	85.6
1.06088436444445	0.0485584111	-0.010039509	85.8
1.06184489333333	0.0485889371	-0.0100395001	86
1.06278964	0.0486155105	-0.0100395267	86.2
1.06373929333333	0.0486449014	-0.0100395232	86.4
1.06468893555556	0.0486720761	-0.0100395334	86.6
1.06566089777778	0.0486985777	-0.0100395148	86.8
1.06655641111111	0.0487267483	-0.0100395232	87
1.06751405333333	0.0487545421	-0.0100395236	87.2
1.06845187333333	0.0487805053	-0.0100395219	87.4
1.06933885777778	0.0488086849	-0.0100395392	87.6
1.07029953555556	0.0488336926	-0.0100395361	87.8
1.07121040888889	0.0488609704	-0.0100395494	88
1.07211378	0.0488858793	-0.0100395396	88.2
1.07301907777778	0.0489142563	-0.0100395343	88.4
1.07393228	0.0489383756	-0.0100395383	88.6
1.07482612444445	0.0489670532	-0.0100395569	88.8
1.07570790444445	0.0489923346	-0.0100395503	89
1.07664436444445	0.04901889	-0.0100395551	89.2
1.07748671333333	0.0490443643	-0.0100395605	89.4
1.07839271111111	0.0490689502	-0.0100395534	89.6
1.07927222888889	0.0490951198	-0.010039568	89.8
1.08012113333333	0.0491204326	-0.0100395636	90
1.08100872222222	0.0491460863	-0.0100395596	90.2
1.08187210444445	0.0491717938	-0.0100395516	90.4
1.08273377333333	0.0491961554	-0.0100395773	90.6
1.08358388666667	0.0492212573	-0.0100395804	90.8
1.08446619777778	0.0492451881	-0.0100395809	91
1.08527333333333	0.0492702496	-0.0100395964	91.2
1.08614641555556	0.0492943734	-0.0100395786	91.4
1.08697980666667	0.0493177166	-0.0100395884	91.6
1.08779669111111	0.0493418898	-0.01003958	91.8
1.08866869555556	0.0493643581	-0.0100395902	92
1.08946107555556	0.0493883383	-0.0100396088	92.2
1.09032676666667	0.0494110623	-0.0100396061	92.4
1.09113583111111	0.0494354419	-0.0100395995	92.6
1.09194511777778	0.0494586639	-0.0100395977	92.8
1.09276302888889	0.0494833754	-0.0100396026	93
1.09356379777778	0.0495048208	-0.0100395977	93.2
1.09436604666667	0.0495254003	-0.0100395933	93.4
1.09517439333333	0.0495508072	-0.010039603	93.6
1.09596882222222	0.0495735492	-0.0100396141	93.8
1.09675988	0.0495989606	-0.0100396115	94
1.09758968888889	0.0496206707	-0.0100396239	94.2
1.09835555333333	0.0496436146	-0.010039611	94.4
1.09919248444445	0.0496654009	-0.0100396101	94.6
1.0999424	0.0496870168	-0.0100396332	94.8
1.10076641555556	0.0497112214	-0.010039635	95
1.10153648666667	0.0497310157	-0.0100396283	95.2
1.10230630666667	0.0497538788	-0.0100396279	95.4
1.10310076444444	0.0497753197	-0.0100396429	95.6
1.10384324888889	0.0497976938	-0.0100396376	95.8
1.10465171777778	0.049818058	-0.0100396452	96
1.10539785111111	0.0498393239	-0.0100396359	96.2
1.10618956888889	0.0498616127	-0.0100396483	96.4
1.10694812444445	0.0498822954	-0.0100396505	96.6
1.10771353111111	0.04990283	-0.0100396576	96.8
1.10847263555556	0.049922741	-0.0100396367	97
1.10924107777778	0.049942984	-0.0100396638	97.2
1.10998468888889	0.0499638282	-0.0100396585	97.4
1.11075982666667	0.049985296	-0.0100396585	97.6
1.11147129777778	0.0500063601	-0.010039662	97.8
1.11224306444444	0.0500256923	-0.0100396638	98
1.11294551333333	0.0500486586	-0.0100396642	98.2
1.11370818222222	0.0500660796	-0.0100396696	98.4
1.11443366444444	0.0500860445	-0.0100396713	98.6
1.11517187555556	0.0501068124	-0.0100396833	98.8
1.11592011555556	0.0501253326	-0.0100396731	99
1.11662402666667	0.0501468632	-0.0100396811	99.2
1.11738438	0.0501668191	-0.0100396713	99.4
1.11806230444444	0.050187237	-0.0100396784	99.6
1.11882523555556	0.0502052682	-0.0100396802	99.8
1.11949604888889	0.0502243582	-0.0100396971	100
1.12025508	0.0502451889	-0.0100397006	100.2
1.12093526	0.0502631932	-0.0100396851	100.4
1.12167623777778	0.0502819152	-0.010039701	100.6
1.1223707	0.0503003412	-0.0100397135	100.8
1.12308310222222	0.0503206381	-0.0100397019	101
1.12378024444444	0.0503397325	-0.0100397064	101.2
1.12447724888889	0.0503572522	-0.0100397206	101.4
1.12517034222222	0.0503767236	-0.0100397148	101.6
1.12587006444444	0.0503944003	-0.0100397206	101.8
1.12655518666667	0.0504138268	-0.0100397161	102
1.12726149111111	0.0504319073	-0.0100397144	102.2
1.12792503111111	0.0504508986	-0.0100397232	102.4
1.12863190222222	0.0504694098	-0.0100397201	102.6
1.12927280888889	0.050486086	-0.0100397348	102.8
1.12998250222222	0.0505060015	-0.0100397383	103
1.13060436888889	0.0505231578	-0.0100397334	103.2
1.13129623111111	0.0505413864	-0.0100397343	103.4
1.13191781111111	0.0505586952	-0.010039737	103.6
1.13260130444445	0.0505773949	-0.010039741	103.8
1.13322520222222	0.0505966284	-0.0100397414	104
1.13389232888889	0.050614202	-0.0100397401	104.2
1.13452967111111	0.0506315692	-0.0100397396	104.4
1.13517831555556	0.0506456702	-0.0100397396	104.6
1.13581535777778	0.0506646211	-0.0100397432	104.8
1.13644282	0.0506809743	-0.0100397516	105
1.13708757333333	0.0506971839	-0.0100397578	105.2
1.13770331555556	0.0507177231	-0.0100397636	105.4
1.13834351333333	0.0507334437	-0.0100397512	105.6
1.13894732666667	0.0507516139	-0.0100397583	105.8
1.13958534	0.0507688151	-0.0100397685	106
1.14019154666667	0.0507862944	-0.0100397627	106.2
1.14082433555556	0.0508036437	-0.0100397631	106.4
1.14143234888889	0.0508196963	-0.0100397702	106.6
1.14205714	0.0508373282	-0.0100397738	106.8
1.14267478888889	0.0508532148	-0.0100397725	107
1.14328032444444	0.0508716722	-0.0100397778	107.2
1.14390726666667	0.0508869217	-0.0100397769	107.4
1.14448818666667	0.0509036294	-0.0100397827	107.6
1.14512034222222	0.0509212568	-0.0100397889	107.8
1.1456875	0.0509367082	-0.0100397929	108
1.14632822	0.0509548112	-0.0100397844	108.2
1.14688365555556	0.0509702132	-0.0100397929	108.4
1.14752682666667	0.0509877016	-0.0100397818	108.6
1.14807592222222	0.051002978	-0.0100397986	108.8
1.14872108444445	0.051020565	-0.0100397982	109
1.14926378444445	0.0510361959	-0.0100398031	109.2
1.14991017555556	0.0510520691	-0.0100398093	109.4
1.15044518444445	0.0510683146	-0.0100398084	109.6
1.15108903333333	0.0510840218	-0.0100398177	109.8
1.15162501111111	0.0511019991	-0.0100398146	110
1.15226462444445	0.0511163963	-0.0100398119	110.2
1.15279703555556	0.0511334045	-0.0100398088	110.4
1.15342675111111	0.0511497398	-0.010039815	110.6
1.15396363111111	0.051165281	-0.0100398106	110.8
1.15458048888889	0.0511827827	-0.0100398208	111
1.15512424	0.0511967222	-0.0100398239	111.2
1.15572942444445	0.051213708	-0.0100398226	111.4
1.1562807	0.0512279167	-0.0100398337	111.6
1.15687457111111	0.0512448711	-0.0100398199	111.8
1.15742864666667	0.0512596361	-0.0100398181	112
1.15800645555556	0.0512762586	-0.0100398306	112.2
1.15856584888889	0.0512925849	-0.010039839	112.4
1.15912858444445	0.0513071749	-0.0100398354	112.6
1.15969838666667	0.0513224469	-0.0100398275	112.8
1.16024914	0.0513384995	-0.0100398399	113
1.16082757333333	0.0513527441	-0.0100398443	113.2
1.16137108222222	0.05136938	-0.010039827	113.4
1.1619574	0.0513840508	-0.0100398563	113.6
1.16250150666667	0.0513994977	-0.0100398527	113.8
1.16308548888889	0.0514144736	-0.0100398412	114
1.16362492888889	0.051430589	-0.0100398563	114.2
1.16419641777778	0.051447539	-0.010039862	114.4
1.16474282444445	0.0514598768	-0.0100398518	114.6
1.16529717333333	0.0514779124	-0.0100398612	114.8
1.16584286	0.0514907393	-0.0100398563	115
1.16638010444445	0.0515073527	-0.0100398656	115.2
1.16693305555556	0.0515217543	-0.0100398554	115.4
1.16746113777778	0.0515349221	-0.0100398678	115.6
1.16802879111111	0.0515512081	-0.01003987	115.8
1.16853310444445	0.051566498	-0.010039866	116
1.16912058888889	0.0515823218	-0.0100398754	116.2
1.16961570222222	0.0515952788	-0.0100398727	116.4
1.17020432222222	0.0516113494	-0.0100398762	116.6
1.17070114	0.0516263656	-0.0100398776	116.8
1.1712803	0.0516397667	-0.0100398656	117
1.17177402888889	0.0516553573	-0.0100398736	117.2
1.17234314222222	0.0516701133	-0.0100398833	117.4
1.17283663555556	0.0516848828	-0.0100398833	117.6
1.17337766	0.0516996747	-0.0100398878	117.8
1.17388324666667	0.0517154402	-0.0100398953	118
1.17441165333333	0.0517282985	-0.0100398922	118.2
1.17492952222222	0.0517421617	-0.0100399011	118.4
1.17545276444445	0.0517575683	-0.0100398971	118.6
1.17597482222222	0.0517723737	-0.0100398922	118.8
1.17649278444445	0.0517877219	-0.0100399024	119
1.17700654666667	0.0518008583	-0.0100399131	119.2
1.17752534666667	0.0518160406	-0.0100399055	119.4
1.17801781777778	0.0518303345	-0.0100399126	119.6
1.17854521333333	0.0518426589	-0.0100399068	119.8
1.17902501111111	0.0518578456	-0.010039917	120
1.17956105555556	0.0518717896	-0.0100399104	120.2
1.18003746444445	0.0518869898	-0.0100399237	120.4
1.18058330222222	0.0518998391	-0.0100399233	120.6
1.18106445111111	0.0519141689	-0.010039921	120.8
1.18160812888889	0.0519296697	-0.010039925	121
1.18210654	0.0519430529	-0.0100399277	121.2
1.18261726	0.0519587959	-0.0100399352	121.4
1.18313620888889	0.0519710081	-0.0100399219	121.6
1.18360510444445	0.0519864775	-0.010039937	121.8
1.18415123111111	0.0520011887	-0.0100399366	122
1.18460635555556	0.0520136297	-0.0100399534	122.2
1.18516612222222	0.0520288972	-0.0100399437	122.4
1.18561314	0.0520394314	-0.010039929	122.6
1.18615836222222	0.0520559013	-0.0100399419	122.8
1.18661484666667	0.0520686205	-0.0100399521	123
1.18712096666667	0.0520820306	-0.0100399432	123.2
1.18761049333333	0.0520965668	-0.0100399463	123.4
1.18809361555556	0.0521097077	-0.0100399543	123.6
1.18861034	0.0521240779	-0.0100399512	123.8
1.18908907777778	0.052137331	-0.0100399751	124
1.18959139777778	0.052151091	-0.0100399543	124.2
1.19007800222222	0.0521639941	-0.0100399663	124.4
1.19055496	0.0521785976	-0.0100399623	124.6
1.1910473	0.0521909309	-0.0100399574	124.8
1.19152976888889	0.0522041033	-0.0100399743	125
1.19202139111111	0.0522191105	-0.0100399734	125.2
1.19251027777778	0.052231906	-0.0100399791	125.4
1.19296204222222	0.0522479407	-0.0100399698	125.6
1.19345920444445	0.0522597311	-0.010039976	125.8
1.19389026222222	0.0522714678	-0.0100399827	126
1.19440754444444	0.0522867039	-0.0100399747	126.2
1.19484641555556	0.0522998851	-0.0100399778	126.4
1.19535716222222	0.0523139189	-0.0100399809	126.6
1.19583382222222	0.0523270284	-0.0100399769	126.8
1.19628887333333	0.0523410576	-0.0100399889	127
1.19680283333333	0.0523529198	-0.0100399876	127.2
1.19722228	0.0523663165	-0.010039992	127.4
1.19774962666667	0.0523803995	-0.0100399893	127.6
1.19816872222222	0.0523925265	-0.0100399969	127.8
1.1986619	0.0524067935	-0.010039984	128
1.19911266888889	0.0524191672	-0.0100400062	128.2
1.19957423777778	0.0524323799	-0.0100399933	128.4
1.20007389555556	0.0524468129	-0.0100400022	128.6
1.20052507333333	0.0524580471	-0.0100400217	128.8
1.20101623111111	0.0524722557	-0.0100400102	129
1.20146952222222	0.0524846609	-0.0100399898	129.2
1.20193137777778	0.0524990849	-0.0100400031	129.4
1.20240006	0.0525149715	-0.0100400106	129.6
1.20286317333333	0.052527758	-0.0100400168	129.8
1.20329919555556	0.0525415584	-0.0100400204	130
1.20377082888889	0.0525525503	-0.010040008	130.2
1.20419684	0.0525668532	-0.0100400226	130.4
1.20468793111111	0.0525787244	-0.0100400244	130.6
1.20514524444444	0.0525926325	-0.0100400253	130.8
1.20557516666667	0.0526048313	-0.0100400248	131
1.20606288	0.0526166621	-0.0100400377	131.2
1.20645604444445	0.0526306734	-0.010040031	131.4
1.20696378222222	0.052643415	-0.0100400297	131.6
1.20738005555556	0.0526560534	-0.0100400297	131.8
1.20782695111111	0.0526685169	-0.0100400452	132
1.20830641333333	0.052682075	-0.0100400364	132.2
1.20870991111111	0.052692865	-0.0100400417	132.4
1.20920920666667	0.0527060732	-0.0100400381	132.6
1.20961153111111	0.0527204524	-0.0100400328	132.8
1.21005559555556	0.0527314532	-0.0100400474	133
1.21052152222222	0.0527467162	-0.0100400412	133.2
1.21095063333333	0.0527575556	-0.0100400514	133.4
1.21140625333333	0.0527700011	-0.010040047	133.6
1.21185042888889	0.0527821056	-0.0100400386	133.8
1.21229309777778	0.0527943896	-0.0100400532	134
1.21271980888889	0.0528085041	-0.0100400519	134.2
1.21317583777778	0.0528201779	-0.0100400594	134.4
1.21358785555556	0.0528331034	-0.0100400594	134.6
1.21406828666667	0.0528439473	-0.0100400568	134.8
1.21451298444444	0.0528557916	-0.010040059	135
1.21491321333333	0.0528698522	-0.0100400545	135.2
1.21539922	0.0528815664	-0.0100400612	135.4
1.21578550222222	0.0528940792	-0.0100400767	135.6
1.21624506888889	0.0529065067	-0.0100400718	135.8
1.21669941333333	0.0529187548	-0.0100400687	136
1.21708627333333	0.0529302986	-0.0100400772	136.2
1.21757859555556	0.0529418064	-0.0100400807	136.4
1.21796575333333	0.0529559298	-0.0100400758	136.6
1.21839199777778	0.0529681061	-0.0100400758	136.8
1.21885846222222	0.052979753	-0.0100400825	137
1.21926002444444	0.0529926472	-0.0100400962	137.2
1.21970079333333	0.0530055683	-0.0100400945	137.4
1.22012177555556	0.0530163223	-0.0100400869	137.6
1.22054505777778	0.053027727	-0.0100400984	137.8
1.22097071555556	0.0530406795	-0.0100400971	138
1.22140797333333	0.0530527526	-0.01004009	138.2
1.22182910666667	0.0530645206	-0.0100400914	138.4
1.22223251111111	0.0530777333	-0.0100401064	138.6
1.22266249777778	0.053086778	-0.010040094	138.8
1.22302638888889	0.0530999414	-0.010040094	139
1.22345469111111	0.053111014	-0.0100401038	139.2
1.22385253777778	0.0531252676	-0.0100401073	139.4
1.22416477555556	0.0531353128	-0.0100401095	139.6
1.22457957777778	0.0531483729	-0.0100401007	139.8
1.22491449555556	0.0531612177	-0.0100400914	140
1.22523222444444	0.0531707425	-0.0100400971	140.2
1.22561796	0.0531838745	-0.0100401064	140.4
1.22588051777778	0.0531941171	-0.0100401011	140.6
1.22619642444444	0.0532068497	-0.0100401104	140.8
1.22652177111111	0.053219219	-0.0100401042	141
1.22676887333333	0.0532314805	-0.0100401162	141.2
1.22707756444444	0.0532418488	-0.0100401304	141.4
1.2273374	0.0532544782	-0.0100401242	141.6
1.22758256444444	0.0532663898	-0.0100401055	141.8
1.22788053777778	0.0532771036	-0.0100401224	142
1.22809087111111	0.0532916891	-0.0100401202	142.2
1.22831688444444	0.0532993475	-0.0100401264	142.4
1.22858076222222	0.0533090608	-0.0100401193	142.6
1.22876221555556	0.0533118872	-0.0100401162	142.8
1.22896876888889	0.0533141081	-0.0100401295	143
1.22917652222222	0.0533135786	-0.0100401228	143.2
1.22934519111111	0.0533119321	-0.0100401313	143.4
1.22953447333333	0.0533111201	-0.0100401282	143.6
1.22969112222222	0.0533099446	-0.0100401353	143.8
1.22983800444444	0.0533099536	-0.0100401379	144
1.23000504444444	0.0533090967	-0.010040145	144.2
1.23012501111111	0.0533086615	-0.0100401353	144.4
1.23024938222222	0.0533085672	-0.0100401472	144.6
1.23037403111111	0.0533060055	-0.0100401441	144.8
1.23047390444444	0.0533077956	-0.010040157	145
1.23057245555556	0.0533053774	-0.0100401543	145.2
1.23066392222222	0.0533027258	-0.0100401628	145.4
1.23074482222222	0.0533025598	-0.0100401614	145.6
1.23082712666667	0.0533021606	-0.0100401512	145.8
1.23088800888889	0.053300348	-0.0100401659	146
1.23093858444444	0.05329985	-0.0100401801	146.2
1.23097974444444	0.05329985	-0.0100401619	146.4
1.23101188444444	0.0532987463	-0.0100401676	146.6
1.23103478888889	0.0532978042	-0.0100401738	146.8
1.23104798222222	0.0532967947	-0.010040169	147
1.23105464888889	0.0532956776	-0.0100401809	147.2
1.23105296444444	0.0532946412	-0.0100401716	147.4
1.23104383111111	0.0532939368	-0.0100401725	147.6
1.23103734222222	0.0532945515	-0.0100401778	147.8
1.23102634666667	0.0532944079	-0.0100401796	148
1.23101414	0.0532921647	-0.0100401699	148.2
1.23100458888889	0.0532922454	-0.0100401809	148.4
1.23099276444444	0.0532900246	-0.0100402045	148.6
1.23098336222222	0.0532900336	-0.0100401889	148.8
1.23097617333333	0.0532895266	-0.0100401867	149
1.23097028	0.0532884768	-0.010040196	149.2
1.23096235555556	0.0532870052	-0.0100401965	149.4
1.23095477555556	0.0532868033	-0.0100401987	149.6
1.23094663777778	0.0532853362	-0.0100402084	149.8
1.23094446888889	0.0532836493	-0.010040204	150
1.23093528888889	0.0532826174	-0.010040204	150.2
1.23094362222222	0.0532820611	-0.0100402147	150.4
1.23092294444444	0.0532817426	-0.010040208	150.6
1.23091186444445	0.0532819759	-0.0100402186	150.8
1.23091191111111	0.0532808677	-0.0100402129	151
1.23089445333333	0.0532808722	-0.0100402173	151.2
1.23088391333333	0.0532786648	-0.0100402275	151.4
1.23087728444444	0.0532783373	-0.0100402249	151.6
1.23086212666667	0.0532772516	-0.0100402191	151.8
1.23085032222222	0.0532766145	-0.01004022	152
1.2308401	0.0532753718	-0.0100402209	152.2
1.23082858222222	0.0532759909	-0.0100402213	152.4
1.23082061333333	0.0532755333	-0.0100402328	152.6
1.23080261555556	0.0532746494	-0.0100402315	152.8
1.23079231777778	0.0532733977	-0.0100402377	153
1.23078795111111	0.05327163	-0.0100402422	153.2
1.23077218	0.053271639	-0.0100402302	153.4
1.23076282222222	0.0532703559	-0.0100402346	153.6
1.23076386666667	0.0532692612	-0.0100402492	153.8
1.23074598222222	0.0532671884	-0.0100402417	154
1.23069372444445	0.0532693868	-0.0100402426	154.2
1.23064438666667	0.0532667712	-0.0100402413	154.4
1.2305756	0.0532670314	-0.0100402364	154.6
1.23050063111111	0.0532656226	-0.0100402484	154.8
1.23040874666667	0.0532651471	-0.0100402492	155
1.23031479333333	0.0532645055	-0.0100402537	155.2
1.23024598	0.0532641376	-0.0100402457	155.4
1.23011873333333	0.053262675	-0.0100402617	155.6
1.23000285555556	0.0532618854	-0.010040263	155.8
1.22990764666667	0.0532616028	-0.0100402696	156
1.22975081111111	0.0532596511	-0.010040279	156.2
1.22961883333333	0.0532580181	-0.0100402563	156.4
1.22948191333333	0.0532585564	-0.0100402714	156.6
1.22929764888889	0.0532589423	-0.0100402896	156.8
1.22917642666667	0.0532587853	-0.010040283	157
1.22896754444445	0.0532566676	-0.0100402785	157.2
1.22876445333333	0.0532552858	-0.0100402794	157.4
1.22863602444445	0.0532550839	-0.0100402909	157.6
1.22837572888889	0.0532527464	-0.0100402776	157.8
1.22818017111111	0.053253886	-0.0100402838	158
1.22797948444444	0.0532529977	-0.0100402932	158.2
1.22769232888889	0.0531933813	-0.0100402865	158.4
1.22751281333333	0.0531952971	-0.0100402878	158.6
1.22725465111111	0.0531827573	-0.0100403042	158.8
1.22696498222222	0.0531666195	-0.0100402865	159
1.22674017111111	0.0531562781	-0.010040298	159.2
1.22641768222222	0.0531419618	-0.0100402976	159.4
1.22616799333333	0.0531297496	-0.0100403047	159.6
1.22588559777778	0.0531178694	-0.0100403113	159.8
1.22554225555556	0.0531056706	-0.0100403029	160
1.22525254222222	0.053092947	-0.0100403269	160.2
1.22493406666667	0.0530793484	-0.0100403078	160.4
1.22460644	0.0530674952	-0.0100403207	160.6
1.22426541333333	0.05305509	-0.0100403149	160.8
1.22394096	0.0530427522	-0.0100403419	161
1.22355286	0.0530289653	-0.0100403348	161.2
1.22319255333333	0.0530166185	-0.0100403273	161.4
1.22286324	0.0530045364	-0.01004033	161.6
1.22243416666667	0.0529909737	-0.0100403592	161.8
1.22208693333333	0.0529781155	-0.0100403504	162
1.22166826	0.0529642971	-0.0100403424	162.2
1.22123286222222	0.0529524752	-0.0100403344	162.4
1.220859	0.0529408149	-0.0100403521	162.6
1.22036763777778	0.0529275394	-0.0100403499	162.8
1.21997130666667	0.0529162693	-0.0100403623	163
1.21957054444444	0.0529019664	-0.0100403615	163.2
1.21912329555556	0.0528894806	-0.0100403615	163.4
1.21872029111111	0.0528769453	-0.0100403601	163.6
1.21829373111111	0.0528631449	-0.0100403632	163.8
1.21787932	0.0528505334	-0.010040373	164
1.21745560888889	0.0528368093	-0.0100403721	164.2
1.21705637555556	0.0528247137	-0.0100403694	164.4
1.21660601777778	0.0528120349	-0.0100403823	164.6
1.21620960444444	0.0527995625	-0.0100403734	164.8
1.21574795111111	0.0527842142	-0.0100403792	165
1.21532022666667	0.0527737607	-0.0100403938	165.2
1.21493152222222	0.0527597898	-0.0100403827	165.4
1.21444671555556	0.0527465727	-0.0100403885	165.6
1.21407998444444	0.0527342214	-0.0100403783	165.8
1.21360942	0.0527193442	-0.0100403841	166
1.21321536222222	0.0527071634	-0.0100403996	166.2
1.21279117555556	0.0526939373	-0.0100404	166.4
1.21232540888889	0.0526811373	-0.010040404	166.6
1.21190649333333	0.0526675523	-0.0100404045	166.8
1.21146033555556	0.0526546088	-0.0100404085	167
1.21103935111111	0.0526408353	-0.0100404107	167.2
1.21060330444444	0.052627663	-0.0100404182	167.4
1.21016228444444	0.0526162583	-0.0100404089	167.6
1.20971586444444	0.0526023323	-0.0100404116	167.8
1.20932376222222	0.052588007	-0.0100404142	168
1.20884818888889	0.0525756153	-0.0100404275	168.2
1.20845974444444	0.0525605452	-0.0100404386	168.4
1.20797138	0.0525499392	-0.0100404249	168.6
1.20754679111111	0.0525338865	-0.010040428	168.8
1.20710892666667	0.0525210328	-0.0100404284	169
1.20664145555556	0.0525089776	-0.0100404338	169.2
1.20623009111111	0.0524952445	-0.0100404435	169.4
1.20572200666667	0.0524820363	-0.0100404533	169.6
1.20531356444444	0.0524665534	-0.0100404644	169.8
1.20484231333333	0.0524540047	-0.0100404488	170
1.20442482222222	0.0524393654	-0.0100404506	170.2
1.20396532888889	0.0524276018	-0.0100404515	170.4
1.20351607777778	0.0524121324	-0.0100404564	170.6
1.20306422	0.0523984352	-0.0100404581	170.8
1.20262842222222	0.0523878561	-0.0100404666	171
1.20215644444444	0.0523709241	-0.0100404617	171.2
1.20175722888889	0.0523581331	-0.0100404715	171.4
1.20126323111111	0.0523430765	-0.010040467	171.6
1.20086131555556	0.0523312501	-0.010040483	171.8
1.20035277555556	0.052317185	-0.0100404701	172
1.19993938888889	0.0523028597	-0.010040467	172.2
1.19945948888889	0.0522901674	-0.0100404799	172.4
1.19900717333333	0.0522751242	-0.0100404821	172.6
1.19856210222222	0.0522628403	-0.0100404821	172.8
1.19807437111111	0.0522469447	-0.0100404896	173
1.19763193555556	0.0522334897	-0.010040499	173.2
1.19713299333333	0.0522184555	-0.0100404865	173.4
1.19668840666667	0.0522052518	-0.0100404967	173.6
1.19621211777778	0.052191402	-0.0100404865	173.8
1.19574141555556	0.0521758967	-0.0100405007	174
1.19527720222222	0.0521629308	-0.0100405034	174.2
1.19479384888889	0.0521497181	-0.010040499	174.4
1.19434123777778	0.0521339616	-0.0100405078	174.6
1.19384017333333	0.052121875	-0.0100405118	174.8
1.19338383777778	0.0521074375	-0.0100405069	175
1.19287589555556	0.0520935743	-0.0100405176	175.2
1.19241757555556	0.0520778178	-0.0100405123	175.4
1.19194098	0.0520641789	-0.0100405233	175.6
1.19146918888889	0.0520503695	-0.010040534	175.8
1.1910029	0.052035757	-0.0100405353	176
1.19050472222222	0.0520214407	-0.0100405398	176.2
1.19004877777778	0.0520057021	-0.0100405375	176.4
1.18953712	0.0519922247	-0.0100405309	176.6
1.18907347555556	0.0519772084	-0.0100405313	176.8
1.18856762666667	0.0519650142	-0.010040538	177
1.18809265111111	0.0519492756	-0.0100405477	177.2
1.18760534	0.051935206	-0.0100405424	177.4
1.18711412666667	0.0519206384	-0.0100405327	177.6
1.18665502666667	0.0519055997	-0.0100405477	177.8
1.18615614222222	0.0518920281	-0.0100405349	178
1.18571148	0.0518786539	-0.0100405491	178.2
1.18519265111111	0.0518608381	-0.0100405646	178.4
1.18476446222222	0.0518468851	-0.0100405681	178.6
1.18422939777778	0.0518329815	-0.0100405664	178.8
1.18379916	0.0518170545	-0.0100405699	179
1.18324524888889	0.05180294	-0.0100405792	179.2
1.18280725555556	0.0517889602	-0.0100405726	179.4
1.18224830888889	0.0517736613	-0.0100405704	179.6
1.18179928222222	0.0517559352	-0.0100405863	179.8
1.18124135111111	0.0517411567	-0.010040581	180
1.18077853555556	0.0517242965	-0.0100405775	180.2
1.18022800444444	0.0517101731	-0.0100405806	180.4
1.17974758222222	0.0516951254	-0.0100405828	180.6
1.17921498444444	0.0516800239	-0.0100405885	180.8
1.17871724666667	0.0516664703	-0.0100406027	181
1.17819981555556	0.0516485109	-0.0100405885	181.2
1.17768664888889	0.0516344996	-0.0100405979	181.4
1.17720391777778	0.0516192545	-0.0100405992	181.6
1.17667716666667	0.0516038749	-0.0100405934	181.8
1.1761983	0.0515877953	-0.0100405925	182
1.17566832666667	0.0515731559	-0.0100406085	182.2
1.17518042888889	0.0515585883	-0.0100406089	182.4
1.17464372444444	0.0515435003	-0.0100406156	182.6
1.17414714888889	0.0515288699	-0.0100406174	182.8
1.17362876888889	0.0515122564	-0.0100406209	183
1.17311444888889	0.051497801	-0.0100406262	183.2
1.17260300444444	0.0514819054	-0.0100406276	183.4
1.17207388666667	0.0514664943	-0.0100406258	183.6
1.17157936	0.051451025	-0.010040628	183.8
1.17103959333333	0.051434739	-0.0100406489	184
1.17054712222222	0.0514195568	-0.0100406422	184.2
1.17000228222222	0.051404038	-0.0100406387	184.4
1.16948467333333	0.051389273	-0.0100406387	184.6
1.16895292222222	0.0513727359	-0.010040652	184.8
1.16841923333333	0.0513573966	-0.0100406466	185
1.16790105777778	0.0513420887	-0.0100406484	185.2
1.16735221111111	0.0513257624	-0.0100406498	185.4
1.16685136888889	0.0513111185	-0.0100406737	185.6
1.16629756222222	0.0512926163	-0.0100406555	185.8
1.16577380888889	0.0512787889	-0.0100406577	186
1.16522684666667	0.0512618256	-0.0100406653	186.2
1.16466630888889	0.0512461857	-0.0100406631	186.4
1.16414634666667	0.0512301779	-0.0100406679	186.6
1.16355979333333	0.0512119583	-0.0100406795	186.8
1.16306471555556	0.0511971574	-0.0100406666	187
1.16245678666667	0.0511813605	-0.0100406923	187.2
1.16195719555556	0.0511651643	-0.0100406804	187.4
1.16134826888889	0.0511485868	-0.0100406786	187.6
1.16081736444444	0.051133741	-0.0100407008	187.8
1.16022712444444	0.0511165174	-0.0100406981	188
1.15968092444444	0.0510991996	-0.010040699	188.2
1.15912726666667	0.0510849415	-0.0100407008	188.4
1.15856887777778	0.0510684089	-0.0100406963	188.6
1.15801411111111	0.0510516294	-0.0100407016	188.8
1.15746069333333	0.0510353704	-0.0100406999	189
1.15687321777778	0.0510177475	-0.0100407087	189.2
1.15633706444444	0.0510026191	-0.0100407185	189.4
1.15574245777778	0.0509844489	-0.0100407052	189.6
1.15520930888889	0.0509678489	-0.0100407132	189.8
1.15462297777778	0.0509519443	-0.0100407198	190
1.15405502666667	0.0509335722	-0.0100407198	190.2
1.15351301555556	0.0509183899	-0.0100407327	190.4
1.15289578666667	0.0509012874	-0.010040722	190.6
1.15237011555556	0.0508835793	-0.0100407331	190.8
1.15173130222222	0.0508661045	-0.0100407433	191
1.15120081777778	0.0508507697	-0.0100407283	191.2
1.15057589555556	0.0508335371	-0.0100407424	191.4
1.15002009555556	0.0508156674	-0.0100407234	191.6
1.14946042222222	0.0507991123	-0.0100407407	191.8
1.14886684	0.0507804306	-0.010040746	192
1.14831967111111	0.050764194	-0.010040754	192.2
1.14771653555556	0.0507457636	-0.0100407544	192.4
1.14714312	0.0507299846	-0.0100407513	192.6
1.14655854222222	0.0507115856	-0.0100407602	192.8
1.14597740888889	0.0506925853	-0.0100407615	193
1.14538392	0.0506776722	-0.0100407673	193.2
1.14480645333333	0.0506592373	-0.010040766	193.4
1.14419263111111	0.0506424489	-0.0100407682	193.6
1.14364524666667	0.0506259207	-0.0100407668	193.8
1.14303617333333	0.0506099174	-0.0100407495	194
1.14243926666667	0.0505903833	-0.0100407735	194.2
1.14186776	0.0505732135	-0.010040781	194.4
1.14121786	0.0505564071	-0.0100407744	194.6
1.14068354666667	0.0505381427	-0.0100407704	194.8
1.1400402	0.0505212645	-0.0100407899	195
1.13945560222222	0.0505038525	-0.0100407793	195.2
1.13888003555556	0.0504836364	-0.0100407917	195.4
1.13824660444444	0.0504661526	-0.0100407979	195.6
1.13767222222222	0.0504465915	-0.010040793	195.8
1.13702746	0.0504311715	-0.010040793	196
1.13642580666667	0.0504098338	-0.0100407957	196.2
1.13582191777778	0.0503939023	-0.0100408068	196.4
1.13520780666667	0.0503750636	-0.0100408019	196.6
1.13459751333333	0.0503555384	-0.010040809	196.8
1.13400290666667	0.0503372156	-0.0100408161	197
1.13337408444444	0.0503180269	-0.0100408272	197.2
1.13273569111111	0.0503003233	-0.010040817	197.4
1.13213009111111	0.0502802283	-0.0100408263	197.6
1.13145905555556	0.0502624035	-0.010040832	197.8
1.13088051111111	0.0502449511	-0.0100408325	198
1.13024072222222	0.0502228552	-0.0100408387	198.2
1.12958869777778	0.0502047074	-0.0100408285	198.4
1.12900918444445	0.0501835491	-0.0100408516	198.6
1.12831453777778	0.0501672498	-0.0100408436	198.8
1.12771107777778	0.0501471503	-0.0100408391	199
1.12706426	0.0501269656	-0.0100408507	199.2
1.12638605555556	0.0501098632	-0.0100408462	199.4
1.12577245555556	0.0500879826	-0.0100408511	199.6
1.12509452888889	0.0500697451	-0.010040864	199.8
1.12445153555556	0.050048847	-0.0100408538	200
1.12380572222222	0.050030439	-0.0100408498	200.2
1.12314975111111	0.0500113445	-0.0100408547	200.4
1.12247686222222	0.0499896973	-0.0100408578	200.6
1.12181386	0.0499719846	-0.0100408737	200.8
1.1211418	0.0499496958	-0.0100408587	201
1.12043548444444	0.0499301482	-0.0100408582	201.2
1.11979404666667	0.0499077562	-0.0100408804	201.4
1.11909771555556	0.0498874145	-0.0100408737	201.6
1.11838611333333	0.0498679656	-0.0100408773	201.8
1.11774187333333	0.0498478213	-0.0100408906	202
1.11699958444444	0.049827834	-0.0100408817	202.2
1.11633020666667	0.04980677	-0.0100408946	202.4
1.11565254888889	0.0497868186	-0.0100408906	202.6
1.11489189111111	0.0497636773	-0.0100408999	202.8
1.11422817333333	0.0497440176	-0.0100408999	203
1.11350762444444	0.0497224645	-0.010040887	203.2
1.11277120222222	0.0497009159	-0.0100409185	203.4
1.11209561333333	0.0496806819	-0.0100409083	203.6
1.11134282222222	0.0496591199	-0.010040915	203.8
1.11061581111111	0.0496371944	-0.0100409176	204
1.10991386444444	0.0496152555	-0.0100409212	204.2
1.10915993555556	0.0495926885	-0.0100409221	204.4
1.10842948888889	0.0495717636	-0.0100409256	204.6
1.10769776666667	0.0495482275	-0.0100409243	204.8
1.10696208888889	0.0495278051	-0.0100409305	205
1.10621315111111	0.0495042241	-0.010040938	205.2
1.10545050888889	0.0494828864	-0.0100409389	205.4
1.10472657111111	0.0494610372	-0.0100409394	205.6
1.10394633111111	0.0494370346	-0.0100409491	205.8
1.10317917333333	0.0494154591	-0.0100409438	206
1.10245081333333	0.0493911558	-0.010040942	206.2
1.10164374	0.0493692124	-0.0100409576	206.4
1.10088995111111	0.0493475472	-0.0100409496	206.6
1.10014873111111	0.0493239573	-0.0100409638	206.8
1.09931346666667	0.0493002687	-0.0100409633	207
1.09855651333333	0.0492763782	-0.0100409682	207.2
1.09779812666667	0.0492545559	-0.0100409731	207.4
1.09695508888889	0.0492293688	-0.0100409647	207.6
1.09618438222222	0.0492081343	-0.0100409731	207.8
1.09540811111111	0.0491833869	-0.0100409766	208
1.09457713777778	0.0491597027	-0.0100409788	208.2
1.09378477555556	0.0491352649	-0.0100409735	208.4
1.09298624	0.0491105982	-0.0100409922	208.6
1.09216330444444	0.0490879504	-0.0100409873	208.8
1.09134710888889	0.0490620006	-0.0100409851	209
1.09052306444444	0.0490379217	-0.0100409988	209.2
1.08971715777778	0.0490138562	-0.0100410028	209.4
1.08887957555556	0.0489867354	-0.0100409895	209.6
1.08802612	0.0489638409	-0.010041001	209.8
1.08722942888889	0.0489362535	-0.0100410077	210
1.08637236888889	0.0489122598	-0.0100410015	210.2
1.08549435111111	0.0488869471	-0.0100410205	210.4
1.08469911333333	0.0488621548	-0.0100410157	210.6
1.08382889777778	0.0488376227	-0.0100410232	210.8
1.08293400888889	0.0488097572	-0.0100410232	211
1.08212579111111	0.0487841125	-0.0100410347	211.2
1.08125043555556	0.0487576647	-0.0100410352	211.4
1.08035451555556	0.0487334646	-0.0100410361	211.6
1.07951350666667	0.0487055587	-0.0100410378	211.8
1.07864863333333	0.0486798108	-0.0100410343	212
1.07775410888889	0.0486531611	-0.0100410387	212.2
1.07687361333333	0.0486251161	-0.0100410392	212.4
1.07598636888889	0.0486006154	-0.0100410392	212.6
1.07509680666667	0.0485727858	-0.010041052	212.8
1.07420394666667	0.0485461226	-0.0100410578	213
1.07328460666667	0.0485191274	-0.0100410649	213.2
1.07240547333333	0.0484902121	-0.0100410627	213.4
1.07150728888889	0.0484643744	-0.0100410662	213.6
1.07055640666667	0.0484341221	-0.0100410529	213.8
1.0696492	0.0484068129	-0.0100410742	214
1.06877410666667	0.0483788576	-0.0100410769	214.2
1.06781188444445	0.0483510504	-0.0100410809	214.4
1.06686438222222	0.0483238399	-0.010041072	214.6
1.06597483777778	0.0482947989	-0.01004108	214.8
1.06503774444445	0.0482663232	-0.0100410911	215
1.06406753333333	0.0482369278	-0.0100410902	215.2
1.06313258222222	0.0482074471	-0.0100410919	215.4
1.06219806	0.0481795457	-0.0100411004	215.6
1.06124188	0.0481504194	-0.0100410995	215.8
1.06028758888889	0.0481218271	-0.0100411053	216
1.05931110222222	0.0480919426	-0.010041111	216.2
1.05834961555556	0.0480614032	-0.0100411021	216.4
1.05741720444445	0.0480304061	-0.0100411221	216.6
1.05642981777778	0.0480007818	-0.0100411225	216.8
1.05540644222222	0.0479706686	-0.010041107	217
1.05445437777778	0.0479405463	-0.0100411217	217.2
1.05350483555556	0.0479112496	-0.0100411301	217.4
1.05247945111111	0.0478793866	-0.0100411252	217.6
1.05147932444445	0.0478482549	-0.0100411239	217.8
1.05049822888889	0.0478172219	-0.0100411363	218
1.04949238666667	0.0477853724	-0.0100411372	218.2
1.04850168222222	0.0477567083	-0.0100411461	218.4
1.04749462222222	0.0477229385	-0.0100411376	218.6
1.04645314888889	0.0476928477	-0.0100411487	218.8
1.04542324888889	0.0476599618	-0.0100411487	219
1.04445136444445	0.0476277175	-0.0100411478	219.2
1.04344237555556	0.0475940958	-0.010041158	219.4
1.04236613555556	0.0475629596	-0.0100411669	219.6
1.04133054666667	0.0475322721	-0.01004117	219.8
1.04031426666667	0.0474978922	-0.0100411722	220
1.03927145333333	0.0474648806	-0.0100411807	220.2
1.03823189777778	0.0474312679	-0.010041182	220.4
1.03718417555556	0.0473991312	-0.0100411802	220.6
1.03610417555556	0.0473643072	-0.0100411753	220.8
1.03501016444445	0.0473300933	-0.0100411758	221
1.03397912666667	0.0472985578	-0.0100411904	221.2
1.03295460888889	0.0472629845	-0.0100411891	221.4
1.03186836	0.0472288244	-0.0100411838	221.6
1.03076972	0.0471930178	-0.01004119	221.8
1.02968937555556	0.0471583597	-0.0100412108	222
1.02859319555556	0.047123935	-0.0100411975	222.2
1.02748495555556	0.0470898108	-0.0100412028	222.4
1.02642600666667	0.0470561532	-0.0100411957	222.6
1.02536444	0.0470187719	-0.0100412126	222.8
1.02424884553778	0.0469839882	-0.0100412166	223
1.02310126885556	0.0469480873	-0.0100412356	223.2
1.02198808539778	0.0469118994	-0.0100412237	223.4
1.02087322575778	0.0468752673	-0.0100412246	223.6
1.01973370374	0.0468391735	-0.0100412228	223.8
1.01860770996222	0.0468052333	-0.0100412388	224
1.01752393860222	0.0467662727	-0.0100412383	224.2
1.01642606236222	0.0467282139	-0.0100412286	224.4
1.01527725667778	0.0466913305	-0.0100412463	224.6
1.01412980278	0.0466537338	-0.0100412463	224.8
1.01299846561556	0.0466188469	-0.0100412587	225
1.01184345073333	0.0465789397	-0.0100412583	225.2
1.01064734802	0.0465401989	-0.0100412543	225.4
1.00945590211333	0.0465030957	-0.0100412538	225.6
1.00829026322222	0.0464636461	-0.0100412623	225.8
1.00712390917333	0.0464249143	-0.0100412636	226
1.00592993027556	0.046384352	-0.0100412733	226.2
1.00471921164222	0.0463488101	-0.0100412742	226.4
1.00353748587333	0.0463079921	-0.0100412782	226.6
1.00236857134667	0.0462688969	-0.0100412933	226.8
1.00117898772	0.0462284513	-0.0100412991	227
0.999960278986667	0.0461886966	-0.0100412871	227.2
0.998748991817778	0.0461487759	-0.0100412929	227.4
0.997564266293334	0.0461084648	-0.0100413026	227.6
0.99636949514	0.0460697644	-0.0100413044	227.8
0.995144949328889	0.0460281972	-0.0100413088	228
0.993887936973334	0.0459864191	-0.0100413084	228.2
0.992642870715556	0.0459457491	-0.0100413195	228.4
0.991416621542222	0.045902984	-0.0100413097	228.6
0.990179496648889	0.0458630139	-0.0100413341	228.8
0.988915642604445	0.0458194636	-0.0100413204	229
0.987624861693334	0.0457810683	-0.0100413279	229.2
0.986347563115556	0.0457365445	-0.010041327	229.4
0.985100346964445	0.0456928013	-0.0100413403	229.6
0.983860168466667	0.0456507002	-0.0100413399	229.8
0.982615455817778	0.0456073204	-0.0100413315	230
0.981339628675556	0.0455700377	-0.0100413461	230.2
0.980043009522222	0.0455233873	-0.0100413585	230.4
0.978739427997778	0.0454821206	-0.0100413594	230.6
0.977451021535556	0.0454371616	-0.0100413621	230.8
0.976160958702222	0.0453932031	-0.010041374	231
0.974871881228889	0.0453520082	-0.010041374	231.2
0.973571911351111	0.0453065826	-0.0100413727	231.4
0.97224940914	0.0452663702	-0.0100413798	231.6
0.970911788426667	0.0452205184	-0.0100413909	231.8
0.969575768064445	0.0451753306	-0.0100413842	232
0.968252670682223	0.0451323097	-0.0100413904	232.2
0.96695422752	0.0450857311	-0.0100413811	232.4
0.965632759477778	0.0450418443	-0.0100413913	232.6
0.964273360433334	0.0449963289	-0.0100413927	232.8
0.962901857731111	0.0449545329	-0.0100414144	233
0.961535438564445	0.0449080484	-0.0100414091	233.2
0.960143806548889	0.0448625196	-0.0100414193	233.4
0.958745731662223	0.0448166857	-0.0100414202	233.6
0.957379833884445	0.0447710448	-0.0100414188	233.8
0.956001264511112	0.04472535	-0.0100414233	234
0.954612751515556	0.0446794488	-0.0100414304	234.2
0.953249749306667	0.0446353691	-0.0100414268	234.4
0.951857232793334	0.0445885706	-0.0100414352	234.6
0.950465060768889	0.0445417632	-0.0100414357	234.8
0.949072423217778	0.0444956017	-0.0100414503	235
0.947646751991112	0.0444481123	-0.0100414521	235.2
0.946241321804445	0.0444037141	-0.0100414508	235.4
0.944796228864445	0.0443565208	-0.010041465	235.6
0.943371209375556	0.0443095339	-0.0100414618	235.8
0.941906983346667	0.0442603666	-0.0100414636	236
0.940465270120001	0.0442129714	-0.0100414694	236.2
0.938981845826668	0.0441662985	-0.010041472	236.4
0.937518010837779	0.0441181496	-0.0100414752	236.6
0.936033767220001	0.0440724682	-0.0100414893	236.8
0.934546404582223	0.0440238572	-0.0100414831	237
0.933077383640001	0.0439736356	-0.0100414938	237.2
0.931572824497779	0.0439259891	-0.0100414933	237.4
0.930076523775557	0.0438766109	-0.010041496	237.6
0.928588332502223	0.043827623	-0.0100414973	237.8
0.927070496577779	0.0437777513	-0.0100414982	238
0.925551683051112	0.0437325186	-0.0100415071	238.2
0.924042766591112	0.0436827052	-0.010041516	238.4
0.92250890728889	0.0436330354	-0.0100415244	238.6
0.920936958706667	0.0435835495	-0.0100415142	238.8
0.919346137726668	0.0435334444	-0.0100415288	239
0.917760809946668	0.043484295	-0.0100415266	239.2
0.916187548580001	0.0434324089	-0.0100415226	239.4
0.914625692584445	0.0433854982	-0.0100415435	239.6
0.913052487082223	0.0433340024	-0.0100415523	239.8
0.911459822622223	0.0432821611	-0.010041543	240
0.909839329060001	0.0432323567	-0.0100415554	240.2
0.908192123657779	0.0431789765	-0.0100415426	240.4
0.906540356106667	0.0431299797	-0.010041547	240.6
0.90489563660889	0.0430792017	-0.0100415479	240.8
0.90325454820889	0.0430269207	-0.0100415621	241
0.90160410274889	0.0429753396	-0.0100415829	241.2
0.899920809824445	0.0429203354	-0.0100415745	241.4
0.898245887044445	0.0428695394	-0.0100415674	241.6
0.896588263184445	0.0428159843	-0.010041586	241.8
0.89491378730889	0.0427660049	-0.0100415914	242
0.893192945115556	0.0427118217	-0.0100415869	242.2
0.891475166077778	0.0426588498	-0.0100415909	242.4
0.889760422264445	0.0426045993	-0.0100415976	242.6
0.888019525240001	0.0425499898	-0.010041602	242.8
0.886277352675556	0.0424966366	-0.0100416011	243
0.884526903071112	0.0424411837	-0.0100416047	243.2
0.882747758486667	0.0423893559	-0.0100416211	243.4
0.880986722837778	0.0423346028	-0.0100416144	243.6
0.879192765240001	0.042278966	-0.0100416118	243.8
0.877395884142223	0.0422247469	-0.0100416206	244
0.875593211911112	0.0421664091	-0.010041637	244.2
0.873766155464445	0.0421107454	-0.0100416384	244.4
0.871943325986667	0.0420510572	-0.0100416401	244.6
0.870093868462223	0.0420006337	-0.0100416357	244.8
0.868263730237778	0.0419410577	-0.0100416495	245
0.866382691477778	0.0418831731	-0.0100416548	245.2
0.864512154966667	0.0418271414	-0.0100416614	245.4
0.862602067428889	0.0417678571	-0.0100416619	245.6
0.86069859966	0.0417128438	-0.0100416707	245.8
0.858781780624445	0.0416523885	-0.0100416663	246
0.856831853431111	0.0415945757	-0.0100416876	246.2
0.854901981066667	0.0415354125	-0.0100416725	246.4
0.852951187995556	0.0414731626	-0.0100416827	246.6
0.85097933456	0.0414146499	-0.0100417005	246.8
0.849026893528889	0.0413523685	-0.0100416836	247
0.847051790726667	0.0412939949	-0.0100417031	247.2
0.845039790388889	0.0412330371	-0.0100417155	247.4
0.843016030882223	0.0411684363	-0.0100417178	247.6
0.841004775384445	0.0411065408	-0.0100417284	247.8
0.838976342004445	0.0410418726	-0.0100417302	248
0.836917584306667	0.0409801656	-0.0100417426	248.2
0.834836807262223	0.0409159192	-0.0100417333	248.4
0.832753609484445	0.0408552305	-0.0100417537	248.6
0.830655459033334	0.0407883461	-0.0100417493	248.8
0.828551396413334	0.0407227133	-0.0100417497	249
0.826443712004445	0.0406578568	-0.0100417448	249.2
0.824314734468889	0.0405892674	-0.0100417621	249.4
0.822175841246667	0.0405224054	-0.0100417732	249.6
0.820033922108889	0.0404534482	-0.0100417639	249.8
0.817867655997778	0.0403882865	-0.0100417807	250
0.815692908017778	0.0403194953	-0.010041775	250.2
0.813496317588889	0.0402469489	-0.0100417785	250.4
0.811270641140001	0.0401782205	-0.0100417856	250.6
0.809028680615556	0.0401058805	-0.0100417905	250.8
0.806783424173334	0.0400367214	-0.0100418029	251
0.804534620426667	0.0399642961	-0.010041818	251.2
0.802278051717778	0.0398881336	-0.0100418016	251.4
0.800008699684445	0.0398163589	-0.010041814	251.6
0.797697496928889	0.0397412238	-0.0100418215	251.8
0.795391535986667	0.0396635404	-0.0100418211	252
0.793088377506667	0.0395858794	-0.0100418278	252.2
0.790749578411111	0.0395120678	-0.0100418264	252.4
0.788399485671112	0.0394334512	-0.0100418406	252.6
0.7860483036	0.0393516806	-0.0100418322	252.8
0.783663631642222	0.0392781516	-0.0100418526	253
0.781291407828889	0.0391966816	-0.0100418748	253.2
0.77888373892	0.0391177106	-0.0100418761	253.4
0.776481153548889	0.0390353792	-0.0100418686	253.6
0.774053178426667	0.0389582162	-0.0100418765	253.8
0.771605949177778	0.0388759835	-0.0100418836	254
0.769156448164445	0.0387913684	-0.0100419001	254.2
0.766707477851111	0.0387080275	-0.0100419018	254.4
0.764242949682223	0.0386225421	-0.0100418956	254.6
0.761745015417778	0.0385316056	-0.0100418921	254.8
0.759229009462222	0.0384504362	-0.0100419125	255
0.7567013002	0.038359733	-0.0100419103	255.2
0.754188934653333	0.0382832296	-0.0100419169	255.4
0.751599608462222	0.0381960572	-0.0100419249	255.6
0.748992592311111	0.0381097149	-0.0100419324	255.8
0.746368966217778	0.038024225	-0.0100419346	256
0.743739148635556	0.0379427011	-0.0100419369	256.2
0.741103484057778	0.0378574087	-0.0100419435	256.4
0.738459914857778	0.0377674054	-0.0100419582	256.6
0.735800247793333	0.0376824179	-0.0100419635	256.8
0.733132042995556	0.0375961743	-0.0100419528	257
0.730461063666667	0.0375090154	-0.010041967	257.2
0.727775094424444	0.0374210894	-0.0100419746	257.4
0.725068595515555	0.0373366134	-0.0100419728	257.6
0.722358428268889	0.0372498673	-0.0100419852	257.8
0.719641706424444	0.0371633186	-0.0100419967	258
0.716906503226667	0.0370773531	-0.0100419998	258.2
0.714175284926667	0.0369880497	-0.0100420131	258.4
0.711430138106667	0.0369034616	-0.0100420047	258.6
0.708659852922222	0.0368138442	-0.0100420296	258.8
0.705893506082222	0.0366990396	-0.0100420198	259
0.703109050306667	0.0366043569	-0.0100420296	259.2
0.70031993928	0.0365200873	-0.0100420238	259.4
0.697525111602222	0.0364382988	-0.0100420464	259.6
0.69472134584	0.036280074	-0.0100420548	259.8
0.691898735611111	0.0362031982	-0.0100420673	260
0.689070967362222	0.0361168693	-0.010042069	260.2
0.686236476928889	0.0360321107	-0.0100420597	260.4
0.683389761802222	0.0359418113	-0.0100420739	260.6
0.68054739468	0.0358537596	-0.0100420983	260.8
0.677686872071111	0.0357649677	-0.0100420877	261
0.674814776504444	0.0356787599	-0.0100420912	261.2
0.671944617522222	0.0355899186	-0.0100421121	261.4
0.6690588262	0.0354982329	-0.0100421174	261.6
0.666169161708889	0.0354084046	-0.0100421129	261.8
0.663271341213333	0.0353168983	-0.0100421254	262
0.660360150831111	0.0352244992	-0.0100421307	262.2
0.657446781791111	0.0351315842	-0.0100421294	262.4
0.654519726306666	0.0350387903	-0.0100421329	262.6
0.651582736513333	0.0349482531	-0.0100421475	262.8
0.64864445256	0.0348552528	-0.0100421524	263
0.645698366402222	0.0347621808	-0.0100421582	263.2
0.642738482075555	0.034666354	-0.0100421715	263.4
0.639779454313333	0.0345713304	-0.0100421781	263.6
0.636831980888889	0.0344708736	-0.0100421795	263.8
0.633883585724444	0.0343811574	-0.0100421879	264
0.630927844571111	0.034286219	-0.0100421812	264.2
0.627931220984444	0.034184654	-0.0100422008	264.4
0.624992387708889	0.0340887779	-0.0100422012	264.6
0.622045901197777	0.0339900888	-0.0100422003	264.8
0.61909173352	0.0338915298	-0.0100422198	265
0.616130657448889	0.0337910326	-0.0100422243	265.2
0.613161779171111	0.0336962332	-0.0100422185	265.4
0.610187919773333	0.033599397	-0.0100422362	265.6
0.607203157775555	0.0334976122	-0.0100422447	265.8
0.604211897042222	0.0334006145	-0.010042254	266
0.601209770948889	0.0332998751	-0.010042254	266.2
0.598205792064444	0.0332049501	-0.0100422518	266.4
0.595194588228888	0.0331065391	-0.0100422531	266.6
0.592175284251111	0.0330075539	-0.0100422841	266.8
0.589148084966666	0.0329076669	-0.0100422841	267
0.586113949353333	0.0328069005	-0.0100422855	267.2
0.583073408111111	0.0327104636	-0.0100423006	267.4
0.580027792644444	0.0326105227	-0.0100422886	267.6
0.576975715686666	0.0325154452	-0.010042305	267.8
0.573917661382222	0.0324179674	-0.0100423143	268
0.570851441766666	0.0323175376	-0.0100423201	268.2
0.567786888731111	0.032222985	-0.0100423267	268.4
0.564717159053333	0.0321229454	-0.010042336	268.6
0.561642094455555	0.0320235743	-0.0100423445	268.8
0.55856392946	0.0319216146	-0.0100423476	269
0.555475932571111	0.0318281836	-0.010042356	269.2
0.552382954559999	0.0317297592	-0.0100423511	269.4
0.549283766442222	0.0316273238	-0.0100423684	269.6
0.546177027502222	0.0315267953	-0.0100423711	269.8
0.543065130542222	0.0314212239	-0.0100423689	270
0.539946315877777	0.031321781	-0.0100423862	270.2
0.536821486626666	0.0312176049	-0.0100424061	270.4
0.533689953811111	0.0311176685	-0.0100424101	270.6
0.530552508824444	0.0310158703	-0.0100424168	270.8
0.527409542706666	0.0309077281	-0.0100424066	271
0.524259081633333	0.0308057235	-0.0100424163	271.2
0.521100120066666	0.0307013904	-0.0100424207	271.4
0.517940767457777	0.0305994082	-0.0100424247	271.6
0.514776582697777	0.0304961518	-0.010042423	271.8
0.511603012946666	0.0303890102	-0.0100424394	272
0.508424685528888	0.0302858166	-0.0100424567	272.2
0.505239431093333	0.030178989	-0.0100424545	272.4
0.502048813806666	0.0300739336	-0.0100424593	272.6
0.498854844737777	0.0299668592	-0.0100424713	272.8
0.495651081017777	0.0298660973	-0.0100424735	273
0.492442447902222	0.0297638235	-0.0100424824	273.2
0.489228666077777	0.0296568344	-0.0100424979	273.4
0.48600636514	0.029549917	-0.0100425166	273.6
0.482776532002222	0.0294459877	-0.0100425068	273.8
0.479543812606666	0.0293423096	-0.0100425294	274
0.476304389646666	0.0292337727	-0.0100425325	274.2
0.473057341384444	0.0291325307	-0.0100425352	274.4
0.469806177877777	0.0290263626	-0.0100425387	274.6
0.466549586344444	0.0289182115	-0.010042548	274.8
0.463287641273333	0.0288114467	-0.0100425485	275
0.460021944066666	0.0287015279	-0.0100425547	275.2
0.456744860111111	0.0285946644	-0.0100425556	275.4
0.453463744706666	0.0284848982	-0.0100425671	275.6
0.450177406108888	0.02838074	-0.0100425782	275.8
0.44688685916	0.0282758775	-0.0100425871	276
0.443592839395555	0.028163563	-0.0100425964	276.2
0.440290477417777	0.0280564258	-0.0100426013	276.4
0.436979810468889	0.027947678	-0.0100426075	276.6
0.433668957308888	0.0278419271	-0.0100426137	276.8
0.430351782315555	0.0277358084	-0.010042623	277
0.427028378591111	0.0276231349	-0.0100426336	277.2
0.423691092904444	0.0275130007	-0.0100426252	277.4
0.420349766457777	0.0274014803	-0.010042635	277.6
0.417000637806666	0.0272950116	-0.0100426527	277.8
0.413645755264444	0.0271813421	-0.0100426638	278
0.410286478162222	0.0270766949	-0.0100426665	278.2
0.406920981642222	0.0269673325	-0.0100426811	278.4
0.403549042251111	0.0268544571	-0.0100426917	278.6
0.400172661751111	0.0267466425	-0.0100426882	278.8
0.396791197715555	0.02663396	-0.0100426953	279
0.393404221857777	0.0265234759	-0.0100426913	279.2
0.390014983546666	0.0264105153	-0.0100426913	279.4
0.386620633768888	0.0263027994	-0.0100427042	279.6
0.38322021354	0.0261922928	-0.0100427104	279.8
0.379815575653333	0.0260774658	-0.0100427281	280
0.376407213564444	0.0259652186	-0.0100427365	280.2
0.372995890733333	0.0258541109	-0.0100427286	280.4
0.369582426486666	0.0257442818	-0.010042745	280.6
0.366162873168888	0.0256290959	-0.0100427401	280.8
0.362739847033333	0.0255202628	-0.0100427636	281
0.359310163884444	0.0254101601	-0.0100427645	281.2
0.355877277922222	0.0252943461	-0.0100427782	281.4
0.352436571135555	0.0251812912	-0.0100427836	281.6
0.34899036184	0.025066527	-0.0100427924	281.8
0.345546023955555	0.0249583939	-0.0100427933	282
0.342098567051111	0.0248457697	-0.0100428013	282.2
0.338647274217777	0.0247295968	-0.0100428079	282.4
0.335192219942222	0.0246162683	-0.0100428248	282.6
0.331733888368888	0.0244998575	-0.0100428142	282.8
0.328271823282222	0.0243862554	-0.0100428341	283
0.324808277824444	0.0242720789	-0.0100428368	283.2
0.321339620897777	0.024162021	-0.0100428346	283.4
0.317866746313333	0.0240501372	-0.0100428514	283.6
0.314390352357777	0.0239320754	-0.0100428567	283.8
0.310911118695555	0.0238181233	-0.0100428541	284
0.307423961793333	0.0237004653	-0.0100428638	284.2
0.303941236693333	0.0235892499	-0.0100428789	284.4
0.300455066704444	0.0234733865	-0.0100428882	284.6
0.296964809404444	0.02336122	-0.010042894	284.8
0.293472894835555	0.0232477704	-0.0100429077	285
0.289977013988888	0.0231293362	-0.0100428975	285.2
0.286478926553333	0.0230129524	-0.0100429055	285.4
0.282976695942222	0.0228932038	-0.0100429162	285.6
0.279473133928888	0.0227765463	-0.0100429188	285.8
0.27596817534	0.0226587447	-0.0100429259	286
0.272461084646666	0.0225383276	-0.0100429357	286.2
0.268951638393333	0.0224294497	-0.0100429539	286.4
0.265437685855555	0.0223091761	-0.0100429477	286.6
0.261920930855555	0.022192707	-0.0100429583	286.8
0.258399529913333	0.0220729404	-0.0100429796	287
0.254879888655555	0.0219567944	-0.0100429791	287.2
0.251360079811111	0.0218423084	-0.010042996	287.4
0.247838501968888	0.0217188808	-0.0100429827	287.6
0.244314093733333	0.0215998589	-0.0100429831	287.8
0.240787441664444	0.0214794911	-0.0100430022	288
0.237260389244444	0.0213608147	-0.0100430106	288.2
0.233729994353333	0.0212358393	-0.0100430124	288.4
0.230196219748888	0.0211209988	-0.0100430297	288.6
0.226662361348888	0.0210031614	-0.0100430288	288.8
0.223125933248888	0.0208793211	-0.0100430293	289
0.219586656133333	0.0207579034	-0.0100430404	289.2
0.216044530006666	0.0206351039	-0.0100430612	289.4
0.212501370413333	0.0205140452	-0.0100430656	289.6
0.208957968744444	0.0203892807	-0.0100430656	289.8
0.205411159431111	0.0202702364	-0.010043082	290
0.201866044631111	0.0201500749	-0.0100430772	290.2
0.198320762239999	0.020022605	-0.0100430781	290.4
0.194774511557777	0.0198978853	-0.0100431016	290.6
0.191227106371111	0.0197711064	-0.0100431126	290.8
0.187676191124444	0.0196471	-0.0100431193	291
0.184125098979999	0.0195195269	-0.0100431095	291.2
0.180574965817777	0.0193972793	-0.0100431197	291.4
0.177021546044444	0.0192744529	-0.0100431255	291.6
0.173468210066666	0.0191460049	-0.0100431304	291.8
0.169909278475555	0.0190202219	-0.0100431552	292
0.166346203708888	0.0188898044	-0.0100431388	292.2
0.162790558726666	0.0187664217	-0.0100431561	292.4
0.159236431355555	0.0186377629	-0.0100431681	292.6
0.155680953959999	0.0185019795	-0.0100431703	292.8
0.152123381702222	0.018374227	-0.0100431836	293
0.148569226399999	0.0182433788	-0.010043177	293.2
0.145011728626666	0.0181112115	-0.0100431929	293.4
0.141454519479999	0.0179775727	-0.0100432093	293.6
0.137897152053333	0.0178493087	-0.0100432089	293.8
0.134338350808888	0.0177195238	-0.0100432173	294
0.130780555099999	0.0175817708	-0.0100432302	294.2
0.127221521091111	0.0174480916	-0.0100432404	294.4
0.123666071628888	0.0173118866	-0.0100432417	294.6
0.120108359713333	0.0171757353	-0.0100432479	294.8
0.116555796506666	0.0170378927	-0.0100432515	295
0.113007441648888	0.0169001577	-0.0100432564	295.2
0.109447793146666	0.0167673848	-0.0100432688	295.4
0.105891915402222	0.016625778	-0.0100432799	295.6
0.102334223406976	0.0164863695	-0.0100432794	295.8
0.0987729767414627	0.0163436187	-0.0100432763	296
0.0952118612333326	0.0162030168	-0.0100432878	296.2
0.091650071529729	0.0160589649	-0.0100432985	296.4
0.0880869533742849	0.0159223201	-0.0100433127	296.6
0.0845287783545446	0.0157807089	-0.0100433153	296.8
0.0809764761709668	0.0156342477	-0.0100433153	297
0.0774129426724128	0.0154909001	-0.0100433269	297.2
0.0738558858074064	0.0153452779	-0.0100433304	297.4
0.0702996201239989	0.0152073904	-0.010043334	297.6
0.0667441334217379	0.0150669052	-0.0100433588	297.8
0.0631817675809511	0.0149188065	-0.0100433588	298
0.0596320045263143	0.0147796538	-0.0100433628	298.2
0.0560952504411748	0.0146405773	-0.0100433646	298.4
0.0525400627666648	0.0145062655	-0.0100433695	298.6
0.0489982195384594	0.0143710295	-0.0100433819	298.8
0.0454644684363611	0.0142479698	-0.0100433943	299
0.0419195313777747	0.0141367141	-0.0100433974	299.2
0.0384006256428532	0.0140194105	-0.0100434018	299.4
0.0349032085599944	0.0139004156	-0.0100434209	299.6
0.0313229186666574	0.0138046203	-0.0100434187	299.8
0.0276535551999722	0.0137524021	-0.0100434205	300
