Calibrated Field (T)	Sample Voltage (V)	Sample Current (A)	Acquisition Time (s)
Teslas	Volts	Amps	Seconds
0.0282941645	0.0078906758	-0.0050157184	0
0.0271195045333333	0.0079339038	-0.0050155317	0.3333333333
0.03063588712	0.0081020239	-0.0050152966	0.6666666667
0.0348599466428571	0.0082548673	-0.0050150886	1
0.0395889255333333	0.0084245756	-0.0050149263	1.3333333
0.0444096473545455	0.0085961638	-0.0050147644	1.6666667
0.0493075825769231	0.0087710182	-0.0050146389	2
0.0543808335866667	0.0089505925	-0.0050145227	2.3333333
0.0594775929470588	0.0091195022	-0.005014422	2.6666667
0.0646153548263158	0.009292257	-0.0050143426	3
0.0698552256761905	0.009466896	-0.0050142504	3.3333333
0.0751079957	0.0096292016	-0.0050141958	3.6666667
0.080389774808	0.0097895779	-0.0050141382	4
0.0857496226703704	0.0099542209	-0.0050140814	4.3333333
0.0911205325068965	0.0101075354	-0.0050140242	4.6666667
0.0965089725032258	0.0102616844	-0.005013994	5
0.101914002572727	0.0104136798	-0.0050139461	5.3333333
0.107334322922857	0.0105591742	-0.0050139088	5.6666667
0.112814639435135	0.0107037983	-0.0050138751	6
0.118307262384615	0.0108487005	-0.0050138423	6.3333333
0.123811167456098	0.0109807621	-0.0050138188	6.6666667
0.129360548986047	0.0111196748	-0.0050137789	7
0.134914568704444	0.0112588836	-0.0050137603	7.3333333
0.140129653097778	0.0113894333	-0.0050137416	7.6666667
0.145537893246667	0.0115154471	-0.0050137168	8
0.151010590026667	0.0116478183	-0.0050137097	8.3333333
0.156495902542222	0.0117740924	-0.0050136782	8.6666667
0.161969465202222	0.0118926181	-0.0050136702	9
0.167499188831111	0.0120216873	-0.0050136591	9.3333333
0.173041276811111	0.012143062	-0.005013645	9.6666667
0.178558989886667	0.0122626286	-0.0050136206	10
0.184127342806667	0.0123818318	-0.0050136037	10.3333333
0.189706467982222	0.0124999358	-0.0050135988	10.6666667
0.195267921817778	0.0126165234	-0.0050135851	11
0.200868954613333	0.0127334654	-0.0050135696	11.3333333
0.206483496953333	0.0128449562	-0.0050135527	11.6666667
0.2120707502	0.0129590313	-0.0050135474	12
0.217698075864444	0.0130738332	-0.0050135452	12.3333333
0.223332263371111	0.0131837314	-0.0050135146	12.6666667
0.228939478342222	0.0132960836	-0.0050135057	13
0.234587249877778	0.0134050261	-0.0050134906	13.3333333
0.240234472093333	0.0135138205	-0.0050134835	13.6666667
0.245850513424444	0.0136225207	-0.0050134675	14
0.251505845088889	0.0137288341	-0.0050134627	14.3333333
0.257165962353333	0.0138351115	-0.0050134569	14.6666667
0.262787571366667	0.0139427933	-0.0050134423	15
0.268447716564444	0.0140512512	-0.0050134205	15.3333333
0.274104984815555	0.014149583	-0.0050134236	15.6666667
0.27972642624	0.0142547927	-0.0050134077	16
0.285379039237778	0.0143614335	-0.0050134028	16.3333333
0.291030488422222	0.0144626636	-0.005013385	16.6666667
0.296642414508889	0.0145612107	-0.0050133855	17
0.302285595964444	0.0146651059	-0.0050133731	17.3333333
0.307921934197778	0.0147657976	-0.0050133562	17.6666667
0.313553105102222	0.014867234	-0.0050133469	18
0.319180970775555	0.0149657991	-0.0050133411	18.3333333
0.324804348784444	0.0150636329	-0.0050133323	18.6666667
0.330414301044444	0.0151639881	-0.0050133296	19
0.33601551074	0.0152604714	-0.0050132999	19.3333333
0.341613750382222	0.0153571207	-0.0050132963	19.6666667
0.347201543637778	0.0154527606	-0.0050132795	20
0.352773136611111	0.0155529004	-0.0050132782	20.3333333
0.358335996331111	0.0156452786	-0.0050132702	20.6666667
0.363893167333333	0.015740057	-0.0050132631	21
0.369437666737778	0.0158360513	-0.0050132564	21.3333333
0.374967371746667	0.0159276039	-0.0050132462	21.6666667
0.380488194533333	0.0160217497	-0.0050132316	22
0.38599648538	0.0161142579	-0.0050132307	22.3333333
0.391485652444444	0.0162060348	-0.0050132201	22.6666667
0.396973283277778	0.0162996154	-0.0050132218	23
0.402443373117778	0.0163944521	-0.0050132045	23.3333333
0.407903444853333	0.0164802215	-0.0050132068	23.6666667
0.413347521137778	0.016570998	-0.0050131877	24
0.418774130913333	0.016662896	-0.0050131824	24.3333333
0.424186877346666	0.0167460139	-0.0050131713	24.6666667
0.429588469793333	0.0168366198	-0.0050131686	25
0.434968517728889	0.0169265214	-0.0050131611	25.3333333
0.440335084053333	0.017012551	-0.0050131478	25.6666667
0.445684081451111	0.0170986525	-0.005013138	26
0.451022036588889	0.017188406	-0.0050131384	26.3333333
0.456343176953333	0.0172750951	-0.005013126	26.6666667
0.461646971844444	0.0173626323	-0.0050131083	27
0.466934585077778	0.0174465173	-0.0050131096	27.3333333
0.472209135671111	0.017530721	-0.0050131043	27.6666667
0.477462961077778	0.017615122	-0.0050130897	28
0.482697532357778	0.0176978585	-0.0050130905	28.3333333
0.487923416935555	0.0177778538	-0.0050130857	28.6666667
0.493134274357778	0.0178596885	-0.0050130586	29
0.498323736237778	0.0179428647	-0.0050130595	29.3333333
0.503496029544444	0.0180219088	-0.0050130551	29.6666667
0.508666367644444	0.0181047709	-0.0050130595	30
0.513817079197778	0.0181876869	-0.005013024	30.3333333
0.518948024546667	0.018267718	-0.0050130249	30.6666667
0.524068327986667	0.0183515896	-0.0050130027	31
0.529173995313333	0.0184321098	-0.0050130174	31.3333333
0.534262764071111	0.0185106873	-0.0050129987	31.6666667
0.539335034611111	0.0185914228	-0.0050129943	32
0.544389335875555	0.0186720596	-0.0050129752	32.3333333
0.549429019644444	0.0187449123	-0.0050129792	32.6666667
0.554449700671111	0.0188234404	-0.0050129748	33
0.559453166573333	0.0188997926	-0.0050129588	33.3333333
0.564438607335555	0.0189714877	-0.005012961	33.6666667
0.569410976146666	0.0190438603	-0.0050129371	34
0.574361586306666	0.01912019	-0.0050129468	34.3333333
0.579295502728889	0.0191910506	-0.0050129264	34.6666667
0.584214103368889	0.0192619471	-0.0050129109	35
0.589083321086667	0.0193381647	-0.0050129278	35.3333333
0.593966876982222	0.0194109814	-0.0050129029	35.6666667
0.598830573568889	0.019486535	-0.0050128941	36
0.603642513051111	0.0195585217	-0.0050128954	36.3333333
0.608472319395555	0.0196330523	-0.0050128808	36.6666667
0.613285683386667	0.0197082155	-0.0050128772	37
0.618043482277778	0.0197836031	-0.0050128643	37.3333333
0.62282190394	0.0198564153	-0.0050128768	37.6666667
0.62758043836	0.0199312062	-0.0050128466	38
0.63228576324	0.0200068719	-0.0050128497	38.3333333
0.637002977635555	0.0200777594	-0.0050128439	38.6666667
0.641706682486667	0.0201525189	-0.0050128266	39
0.646357494355555	0.0202220963	-0.0050128404	39.3333333
0.65101689982	0.0202889415	-0.00501282	39.6666667
0.655661520202222	0.020358658	-0.0050128125	40
0.660254970042222	0.0204243501	-0.0050128147	40.3333333
0.664859480762222	0.0204885527	-0.0050127921	40.6666667
0.669443312851111	0.0205556267	-0.0050127943	41
0.673971663633333	0.0206196049	-0.0050127765	41.3333333
0.678510637704445	0.0206797696	-0.0050127699	41.6666667
0.683030124886667	0.02074351	-0.005012765	42
0.687497082191111	0.0208049848	-0.0050127428	42.3333333
0.69196684196	0.0208660243	-0.0050127468	42.6666667
0.696420848353333	0.0209267678	-0.0050127468	43
0.700819457235556	0.0209906249	-0.0050127477	43.3333333
0.705222637575556	0.0210500403	-0.0050127393	43.6666667
0.709602783724445	0.0211129462	-0.0050127189	44
0.713930735177778	0.0211723706	-0.0050127246	44.3333333
0.718261274951111	0.0212340428	-0.0050127065	44.6666667
0.722558566906667	0.0212969084	-0.00501271	45
0.726796969913333	0.0213575531	-0.0050127016	45.3333333
0.731041955446667	0.0214180453	-0.0050127042	45.6666667
0.735260331555556	0.0214816556	-0.0050126763	46
0.73941592692	0.0215430855	-0.0050126763	46.3333333
0.743573095762222	0.0216033713	-0.0050126843	46.6666667
0.747708319742222	0.0216669682	-0.0050126577	47
0.751784068208889	0.021729753	-0.0050126532	47.3333333
0.755853103802222	0.0217912861	-0.0050126519	47.6666667
0.759901274551111	0.021853703	-0.0050126488	48
0.763888135617778	0.0219135761	-0.0050126164	48.3333333
0.767870322811111	0.021973651	-0.0050126364	48.6666667
0.771826710591111	0.0220371851	-0.0050126084	49
0.775727170162222	0.0220975023	-0.0050126173	49.3333333
0.77962221102	0.0221528529	-0.0050126151	49.6666667
0.783487802746666	0.0222145744	-0.0050126013	50
0.787325863306666	0.0222709121	-0.0050125849	50.3333333
0.791121635551111	0.0223229067	-0.0050125982	50.6666667
0.794898507466666	0.0223819408	-0.0050125934	51
0.798640809473333	0.0224341688	-0.0050125752	51.3333333
0.802349156064444	0.0224871594	-0.0050125761	51.6666667
0.806019171302222	0.0225385305	-0.0050125508	52
0.809672744186666	0.0225884703	-0.0050125552	52.3333333
0.813284028753333	0.0226357765	-0.0050125592	52.6666667
0.816864625893333	0.0226851555	-0.0050125468	53
0.820412552466666	0.0227305594	-0.0050125246	53.3333333
0.8239214494	0.0227751109	-0.0050125317	53.6666667
0.827405366246666	0.022822269	-0.0050125273	54
0.830861575026666	0.0228646984	-0.0050125135	54.3333333
0.834283502524444	0.022906522	-0.0050125109	54.6666667
0.837666931077777	0.0229509927	-0.0050125051	55
0.841031179991111	0.0229925472	-0.0050124989	55.3333333
0.844359322762222	0.0230321231	-0.0050124909	55.6666667
0.847647048624444	0.0230751715	-0.0050124798	56
0.850916628313333	0.0231137514	-0.0050124789	56.3333333
0.854149114944444	0.0231539509	-0.0050124811	56.6666667
0.857345206808889	0.0231952092	-0.0050124701	57
0.860524251137778	0.0232319048	-0.0050124599	57.3333333
0.86366950764	0.0232695335	-0.005012459	57.6666667
0.866774496202222	0.023309724	-0.0050124568	58
0.869861478246666	0.0233474694	-0.0050124346	58.3333333
0.872905436444444	0.0233825318	-0.0050124293	58.6666667
0.87593082018	0.0234220808	-0.0050124208	59
0.878920833304444	0.0234596422	-0.0050124066	59.3333333
0.881887896033333	0.0234951891	-0.0050124182	59.6666667
0.884820137471111	0.0235319968	-0.0050124284	60
0.887721402853333	0.0235683872	-0.0050123911	60.3333333
0.890599066104444	0.0236032343	-0.0050123938	60.6666667
0.893440874595555	0.0236394767	-0.0050124013	61
0.896263149646666	0.0236758851	-0.0050123942	61.3333333
0.899064373642222	0.0237096733	-0.0050123845	61.6666667
0.901831474633333	0.0237460503	-0.0050123827	62
0.904572366551111	0.0237794167	-0.0050123689	62.3333333
0.907303268295556	0.0238134024	-0.0050123649	62.6666667
0.910010148933333	0.0238493666	-0.0050123601	63
0.912691481544444	0.0238830157	-0.0050123539	63.3333333
0.915331224124444	0.0239155567	-0.0050123539	63.6666667
0.91794931978	0.0239515792	-0.0050123534	64
0.920542789146667	0.0239840753	-0.0050123308	64.3333333
0.923123996575556	0.0240169842	-0.005012333	64.6666667
0.925685959188889	0.0240531638	-0.0050123348	65
0.928227727315555	0.024083439	-0.005012325	65.3333333
0.930751414437778	0.0241157826	-0.0050123153	65.6666667
0.933249814226667	0.0241523749	-0.0050123073	66
0.935733326517778	0.0241840993	-0.0050123055	66.3333333
0.93819054594	0.0242148726	-0.0050123064	66.6666667
0.940636034124445	0.0242505003	-0.0050122931	67
0.943046915157778	0.0242825926	-0.0050122944	67.3333333
0.945441158317778	0.0243116386	-0.0050122785	67.6666667
0.947808131004445	0.0243473246	-0.0050122829	68
0.950158018913334	0.0243791702	-0.0050122603	68.3333333
0.952485376202222	0.0244104908	-0.0050122793	68.6666667
0.954796393313334	0.0244439964	-0.0050122771	69
0.957105211842223	0.0244764027	-0.0050122607	69.3333333
0.959374078753334	0.0245061934	-0.0050122638	69.6666667
0.961645506653334	0.0245395285	-0.0050122594	70
0.96387823128	0.0245695705	-0.0050122501	70.3333333
0.966094102691112	0.0245998457	-0.0050122394	70.6666667
0.968323343968889	0.0246328937	-0.0050122408	71
0.970506899015556	0.0246620697	-0.005012235	71.3333333
0.972661965433334	0.0246914253	-0.0050122416	71.6666667
0.974839786746667	0.0247257339	-0.0050122288	72
0.976976548155556	0.0247542415	-0.0050122128	72.3333333
0.97908492056	0.0247848084	-0.0050122053	72.6666667
0.981217370088889	0.0248158912	-0.0050122146	73
0.98330231924	0.0248448474	-0.0050122022	73.3333333
0.985386914091111	0.0248740235	-0.0050121951	73.6666667
0.98744886588	0.0249050973	-0.0050121951	74
0.989511682942222	0.0249332863	-0.0050121716	74.3333333
0.991523907733333	0.0249628617	-0.0050121849	74.6666667
0.993546232431111	0.0249934914	-0.0050121764	75
0.995566342866667	0.0250217701	-0.0050121787	75.3333333
0.997554247815556	0.0250481959	-0.0050121654	75.6666667
0.999537161062222	0.0250791711	-0.0050121578	76
1.00152718890222	0.0251073287	-0.0050121596	76.3333333
1.00345336523778	0.025133602	-0.0050121392	76.6666667
1.00541144917778	0.0251642317	-0.0050121472	77
1.00734185210889	0.0251897512	-0.0050121401	77.3333333
1.00922497551333	0.0252162577	-0.0050121339	77.6666667
1.01112497035111	0.0252444064	-0.0050121325	78
1.01299493055778	0.0252713257	-0.0050121352	78.3333333
1.01486698573778	0.0252961049	-0.0050121086	78.6666667
1.01674576156444	0.0253264205	-0.0050121148	79
1.01859359013778	0.0253500961	-0.0050121028	79.3333333
1.02040191382444	0.0253740588	-0.0050121112	79.6666667
1.02223335545333	0.0254017901	-0.0050120984	80
1.02404472456889	0.0254243261	-0.0050120948	80.3333333
1.02581146817556	0.025448724	-0.0050120917	80.6666667
1.02758248512222	0.025476406	-0.0050120696	81
1.02936027003111	0.0254977754	-0.0050120762	81.3333333
1.03110541366667	0.0255215273	-0.0050120784	81.6666667
1.03283330297111	0.0255477108	-0.0050120771	82
1.03455610902667	0.0255686181	-0.0050120713	82.3333333
1.03625533119111	0.0255917149	-0.0050120669	82.6666667
1.03798005632	0.0256158211	-0.0050120784	83
1.03970437111111	0.02563654	-0.0050120523	83.3333333
1.04139636888889	0.0256583133	-0.005012046	83.6666667
1.04306697111111	0.0256814863	-0.0050120523	84
1.04470695333333	0.0257024654	-0.0050120438	84.3333333
1.04633986888889	0.0257230946	-0.0050120421	84.6666667
1.04796180666667	0.0257453524	-0.005012035	85
1.04959320222222	0.025764335	-0.0050120239	85.3333333
1.05120477777778	0.0257858032	-0.0050120106	85.6666667
1.05280444444444	0.025807047	-0.0050120021	86
1.05441577777778	0.0258255765	-0.0050120106	86.3333333
1.05601629111111	0.0258455326	-0.0050120013	86.6666667
1.05758476666667	0.0258645511	-0.0050119973	87
1.05916143555556	0.0258837446	-0.0050120106	87.3333333
1.06072488444444	0.0259033508	-0.0050119933	87.6666667
1.06226117555556	0.0259225129	-0.0050119973	88
1.06380743555556	0.0259400015	-0.0050119981	88.3333333
1.06532297111111	0.0259577144	-0.0050119791	88.6666667
1.06683641111111	0.0259778276	-0.0050119644	89
1.06833201333333	0.025994549	-0.0050119764	89.3333333
1.06982476666667	0.0260103776	-0.0050119587	89.6666667
1.07128878888889	0.0260304414	-0.0050119755	90
1.07272964444444	0.0260460457	-0.0050119613	90.3333333
1.07415153555556	0.0260635477	-0.0050119516	90.6666667
1.07557503777778	0.0260809555	-0.0050119569	91
1.07697218222222	0.0260955189	-0.0050119658	91.3333333
1.07839033111111	0.0261118634	-0.0050119454	91.6666667
1.0797913	0.026130016	-0.0050119458	92
1.08120197111111	0.0261450594	-0.0050119369	92.3333333
1.08259988	0.0261609059	-0.0050119236	92.6666667
1.08395232444444	0.026177551	-0.0050119245	93
1.08530704888889	0.0261920964	-0.0050119188	93.3333333
1.08664182888889	0.0262072251	-0.0050119205	93.6666667
1.08797184444444	0.0262236817	-0.005011917	94
1.08932342222222	0.026236603	-0.0050119276	94.3333333
1.09065792444444	0.0262525796	-0.0050119148	94.6666667
1.09193406	0.0262686146	-0.0050119117	95
1.09321128444444	0.0262804456	-0.0050119081	95.3333333
1.09451002444444	0.0262955025	-0.0050118944	95.6666667
1.09580544222222	0.0263116272	-0.0050118828	96
1.09705608666667	0.0263237184	-0.0050118842	96.3333333
1.09828962444444	0.0263383984	-0.0050118815	96.6666667
1.09954022222222	0.0263532265	-0.0050118819	97
1.10080562222222	0.0263656363	-0.0050118873	97.3333333
1.10204216	0.0263808098	-0.005011866	97.6666667
1.10323104666667	0.026394422	-0.0050118726	98
1.10442121777778	0.0264066927	-0.0050118713	98.3333333
1.10563286888889	0.0264269989	-0.0050118646	98.6666667
1.10682208222222	0.0264415667	-0.0050118571	99
1.10800022222222	0.0264498309	-0.005011846	99.3333333
1.10919408888889	0.0264612896	-0.0050118447	99.6666667
1.11037121555556	0.026476324	-0.0050118376	100
1.11151770222222	0.0264864502	-0.005011842	100.3333333
1.11266739111111	0.0264993086	-0.0050118376	100.6666667
1.11380773333333	0.0265123376	-0.0050118389	101
1.11491246222222	0.026525048	-0.0050118314	101.3333333
1.11602344666667	0.0265351741	-0.0050118141	101.6666667
1.11712704888889	0.0265498721	-0.0050118172	102
1.11820487111111	0.0265593881	-0.0050118145	102.3333333
1.11929733777778	0.0265726548	-0.0050118092	102.6666667
1.12037794222222	0.0265858453	-0.0050118057	103
1.12143532666667	0.0265970347	-0.0050118096	103.3333333
1.12251852888889	0.0266097362	-0.0050117853	103.6666667
1.12356389555556	0.0266203244	-0.0050117937	104
1.12461261333333	0.0266315857	-0.0050117986	104.3333333
1.12568436444444	0.0266442243	-0.005011791	104.6666667
1.12671790444444	0.0266564995	-0.005011791	105
1.12779510222222	0.0266670519	-0.005011779	105.3333333
1.12884300888889	0.0266790444	-0.0050117746	105.6666667
1.12987521777778	0.0266914049	-0.0050117897	106
1.13091268666667	0.0267013875	-0.0050117688	106.3333333
1.13192285777778	0.0267125276	-0.0050117742	106.6666667
1.13293455777778	0.0267255117	-0.0050117715	107
1.13391011333333	0.0267340451	-0.005011764	107.3333333
1.13492369111111	0.0267457729	-0.0050117613	107.6666667
1.13590475777778	0.026757918	-0.005011756	108
1.13692909111111	0.026766447	-0.0050117604	108.3333333
1.13791159333333	0.0267787715	-0.0050117675	108.6666667
1.13888618	0.0267903648	-0.0050117382	109
1.13983161555556	0.026799468	-0.0050117529	109.3333333
1.1408022	0.026810967	-0.0050117484	109.6666667
1.14177054888889	0.0268212637	-0.0050117374	110
1.14276894222222	0.0268310713	-0.0050117263	110.3333333
1.14372775777778	0.0268417762	-0.0050117374	110.6666667
1.14466407777778	0.0268533291	-0.0050117276	111
1.14561469777778	0.0268620599	-0.0050117298	111.3333333
1.14659225555556	0.0268741691	-0.0050117227	111.6666667
1.14753515777778	0.0268841203	-0.0050117205	112
1.14848213111111	0.0268927569	-0.0050117209	112.3333333
1.14941321111111	0.0269052519	-0.0050117121	112.6666667
1.15037951111111	0.0269154813	-0.0050117068	113
1.15130322444445	0.026924239	-0.0050117041	113.3333333
1.15224034444444	0.0269356573	-0.005011693	113.6666667
1.15315376	0.0269462949	-0.005011701	114
1.15410748222222	0.0269540611	-0.005011689	114.3333333
1.15501473555556	0.0269672202	-0.0050116974	114.6666667
1.15594042222222	0.0269771355	-0.0050116939	115
1.15687922888889	0.0269838339	-0.0050116855	115.3333333
1.15777693777778	0.0269948843	-0.0050116766	115.6666667
1.15868108888889	0.0270067243	-0.005011673	116
1.15958618	0.0270140194	-0.005011677	116.3333333
1.16050644888889	0.0270244955	-0.0050116691	116.6666667
1.16138277111111	0.0270346351	-0.0050116624	117
1.16228554444444	0.0270439133	-0.0050116651	117.3333333
1.16318236	0.0270553271	-0.0050116602	117.6666667
1.16404712	0.0270647444	-0.0050116695	118
1.16496852444444	0.0270721562	-0.0050116637	118.3333333
1.16582314666667	0.0270841667	-0.00501165	118.6666667
1.16671342666667	0.0270936737	-0.0050116535	119
1.16761858444444	0.0271024808	-0.0050116478	119.3333333
1.16845528222222	0.0271137376	-0.0050116469	119.6666667
1.16936116666667	0.0271226703	-0.0050116469	120
1.17022031333333	0.0271297276	-0.0050116416	120.3333333
1.17107648888889	0.0271415497	-0.0050116447	120.6666667
1.17196852888889	0.027151281	-0.0050116336	121
1.17283027111111	0.0271577103	-0.0050116314	121.3333333
1.17368893111111	0.0271704431	-0.0050116336	121.6666667
1.17454407111111	0.0271796854	-0.0050116291	122
1.17541501333333	0.0271873753	-0.0050116132	122.3333333
1.17623237333333	0.027197497	-0.0050116247	122.6666667
1.17711248666667	0.0272074527	-0.0050116265	123
1.17793863555556	0.0272154298	-0.0050116123	123.3333333
1.17878090888889	0.0272254796	-0.0050116243	123.6666667
1.17963586444444	0.0272349463	-0.0050116047	124
1.18049082888889	0.0272420754	-0.0050116012	124.3333333
1.18129791777778	0.0272528431	-0.0050116136	124.6666667
1.18215378444445	0.0272616054	-0.0050115923	125
1.18297300666667	0.027269551	-0.0050115985	125.3333333
1.18377447333333	0.0272789593	-0.0050115883	125.6666667
1.18460374	0.0272895386	-0.0050115826	126
1.18544424666667	0.0272959993	-0.0050115959	126.3333333
1.18622983777778	0.0273058159	-0.0050115883	126.6666667
1.18702764666667	0.0273151927	-0.0050115901	127
1.18781996	0.027322618	-0.0050115768	127.3333333
1.18863192888889	0.0273333498	-0.0050115772	127.6666667
1.18938861111111	0.0273423857	-0.0050115724	128
1.19018333777778	0.0273490976	-0.0050115821	128.3333333
1.19096891111111	0.0273599237	-0.0050115724	128.6666667
1.19175423333333	0.0273677886	-0.0050115533	129
1.19250161555556	0.0273748684	-0.005011552	129.3333333
1.19329206888889	0.0273852009	-0.0050115599	129.6666667
1.19406904	0.0273942413	-0.0050115524	130
1.19483436444445	0.0274008769	-0.0050115493	130.3333333
1.19559411111111	0.0274119811	-0.005011552	130.6666667
1.19635717333333	0.0274205908	-0.0050115395	131
1.19715545777778	0.0274267778	-0.0050115551	131.3333333
1.19789654666667	0.0274382051	-0.005011544	131.6666667
1.1986496	0.0274455675	-0.0050115342	132
1.19939391111111	0.0274523153	-0.0050115364	132.3333333
1.20015432	0.0274638008	-0.0050115356	132.6666667
1.20092469777778	0.0274710511	-0.0050115333	133
1.20164969777778	0.0274781847	-0.0050115231	133.3333333
1.20238546	0.0274890332	-0.0050115395	133.6666667
1.20312638888889	0.0274958124	-0.0050115307	134
1.20385381777778	0.0275029281	-0.0050115329	134.3333333
1.20461355333333	0.0275131395	-0.0050115196	134.6666667
1.20528993333333	0.0275201519	-0.0050115236	135
1.20595597777778	0.027527797	-0.0050115165	135.3333333
1.20663866222222	0.0275378783	-0.0050115138	135.6666667
1.20729797777778	0.0275454516	-0.0050115032	136
1.20793361555556	0.0275536665	-0.0050114961	136.3333333
1.20856338	0.027563851	-0.0050115027	136.6666667
1.20912936666667	0.0275707558	-0.0050114797	137
1.20971286444444	0.0275786925	-0.0050114961	137.3333333
1.21029731333333	0.0275884777	-0.0050114925	137.6666667
1.21085173555556	0.0275956292	-0.0050114894	138
1.21137270444444	0.0276017534	-0.0050114837	138.3333333
1.21189129111111	0.0276124538	-0.0050114854	138.6666667
1.21235317555556	0.027618901	-0.0050114894	139
1.21284362666667	0.0276258596	-0.0050114921	139.3333333
1.21334292222222	0.0276371837	-0.0050114686	139.6666667
1.21378500444444	0.0276443307	-0.0050114761	140
1.21418207777778	0.0276515451	-0.0050114708	140.3333333
1.21459730666667	0.0276619315	-0.0050114845	140.6666667
1.21496852666667	0.0276680332	-0.0050114752	141
1.21534641111111	0.0276744041	-0.005011465	141.3333333
1.21574527333333	0.0276810263	-0.0050114619	141.6666667
1.21610415555556	0.0276817127	-0.0050114668	142
1.21640235333333	0.0276826953	-0.0050114597	142.3333333
1.21668955333333	0.0276810532	-0.0050114544	142.6666667
1.21703090444444	0.0276822107	-0.0050114504	143
1.21734186666667	0.0276815512	-0.0050114562	143.3333333
1.21759992666667	0.027680443	-0.0050114442	143.6666667
1.21785287555556	0.0276812865	-0.005011442	144
1.21808638444444	0.0276818922	-0.0050114446	144.3333333
1.21828310444444	0.0276805821	-0.0050114344	144.6666667
1.21848476222222	0.0276810622	-0.0050114322	145
1.21867096222222	0.0276815467	-0.005011442	145.3333333
1.21886180888889	0.0276801738	-0.0050114331	145.6666667
1.21898503333333	0.0276800975	-0.0050114402	146
1.21910677777778	0.0276790791	-0.0050114411	146.3333333
1.21922828	0.0276801873	-0.0050114242	146.6666667
1.21937335555556	0.0276792137	-0.0050114149	147
1.21946549111111	0.0276788458	-0.0050114304	147.3333333
1.21950294666667	0.0276790522	-0.0050114145	147.6666667
1.21953586	0.0276798642	-0.0050114065	148
1.21959283111111	0.027678783	-0.0050114167	148.3333333
1.21965468	0.027678451	-0.0050114109	148.6666667
1.21967337555556	0.0276784061	-0.0050114016	149
1.21963806222222	0.0276790656	-0.0050114052	149.3333333
1.21959001111111	0.0276787336	-0.0050114056	149.6666667
1.2195868	0.0276785811	-0.0050114078	150
1.21961016	0.0276789804	-0.0050113989	150.3333333
1.2196277	0.027677787	-0.0050113936	150.6666667
1.21959304666667	0.0276781324	-0.0050113989	151
1.21955877555556	0.0276777286	-0.005011391	151.3333333
1.21952951111111	0.0276778049	-0.005011406	151.6666667
1.21953735111111	0.0276771589	-0.0050113981	152
1.21954563777778	0.0276771903	-0.0050113998	152.3333333
1.21954694222222	0.0276772217	-0.0050113887	152.6666667
1.21946781111111	0.0276776613	-0.0050113918	153
1.2193995	0.027677114	-0.005011395	153.3333333
1.21931564	0.0276780831	-0.0050113883	153.6666667
1.21925978666667	0.0276767102	-0.0050113728	154
1.21913968	0.0276764231	-0.0050113781	154.3333333
1.21899120444444	0.0276765935	-0.0050113683	154.6666667
1.21882144666667	0.0276775402	-0.0050113785	155
1.21870314666667	0.0276770243	-0.005011387	155.3333333
1.21857121777778	0.0276766294	-0.0050113688	155.6666667
1.21839820888889	0.0276763647	-0.005011359	156
1.21815972	0.0276767057	-0.0050113533	156.3333333
1.21790280666667	0.0276754943	-0.0050113657	156.6666667
1.21769576888889	0.0276762077	-0.0050113617	157
1.21746608666667	0.0276756783	-0.0050113639	157.3333333
1.21721056	0.0276758039	-0.0050113626	157.6666667
1.21690992444445	0.0276743413	-0.0050113502	158
1.21662256444445	0.0276752162	-0.0050113533	158.3333333
1.21631465777778	0.0276758981	-0.0050113568	158.6666667
1.21598854666667	0.0276744804	-0.0050113395	159
1.21567435333333	0.0276746374	-0.0050113444	159.3333333
1.21534936222222	0.0276747855	-0.0050113408	159.6666667
1.21496757555556	0.0276529315	-0.0050113369	160
1.21455972	0.027650253	-0.0050113431	160.3333333
1.21414399777778	0.0276422176	-0.0050113395	160.6666667
1.21377375555556	0.027635407	-0.0050113417	161
1.21332528666667	0.0276281253	-0.0050113289	161.3333333
1.21285533777778	0.0276195739	-0.0050113267	161.6666667
1.21238849111111	0.0276127095	-0.0050113253	162
1.21192767777778	0.0276061098	-0.0050113258	162.3333333
1.21143621333333	0.0275952703	-0.0050113306	162.6666667
1.21093725333333	0.02758837	-0.0050113235	163
1.21041457111111	0.0275808774	-0.0050113235	163.3333333
1.20985150888889	0.0275728286	-0.005011324	163.6666667
1.20926730222222	0.0275656725	-0.0050113235	164
1.20873119333333	0.0275567039	-0.0050113071	164.3333333
1.20816691111111	0.0275487268	-0.0050113355	164.6666667
1.20754877777778	0.0275413195	-0.0050113178	165
1.20692657555556	0.027532979	-0.0050113142	165.3333333
1.20627527777778	0.0275252307	-0.0050113129	165.6666667
1.20560010666667	0.0275180612	-0.0050113067	166
1.20496848222222	0.0275089894	-0.0050113151	166.3333333
1.20430874888889	0.0274988857	-0.0050113045	166.6666667
1.20358227777778	0.0274934076	-0.0050113058	167
1.20285832222222	0.0274845287	-0.0050113089	167.3333333
1.20209145111111	0.0274758966	-0.0050113142	167.6666667
1.20136344444444	0.0274681528	-0.0050112952	168
1.20067829333333	0.0274609294	-0.0050113062	168.3333333
1.19996661777778	0.0274506552	-0.0050112952	168.6666667
1.19920800666667	0.0274443606	-0.0050112952	169
1.19849102222222	0.0274366886	-0.0050112876	169.3333333
1.19775153555556	0.0274261811	-0.0050112867	169.6666667
1.19704013777778	0.0274199941	-0.0050112703	170
1.19628208666667	0.0274118286	-0.0050112872	170.3333333
1.19551512444444	0.0274014198	-0.0050112876	170.6666667
1.19479674444444	0.0273953091	-0.0050112748	171
1.19405529333333	0.0273861072	-0.0050112734	171.3333333
1.19334602	0.0273760618	-0.0050112787	171.6666667
1.19258112444444	0.027370005	-0.0050112836	172
1.19181765555556	0.0273609287	-0.0050112863	172.3333333
1.19109909111111	0.0273497796	-0.005011285	172.6666667
1.19032950222222	0.027344122	-0.0050112907	173
1.18955787555556	0.0273347721	-0.0050112748	173.3333333
1.18877154666667	0.0273246639	-0.0050112792	173.6666667
1.18801046	0.0273188089	-0.005011285	174
1.18725245555556	0.0273084001	-0.005011273	174.3333333
1.18646099555556	0.0272987989	-0.0050112748	174.6666667
1.18570616444444	0.0272921229	-0.0050112703	175
1.18492954666667	0.0272821897	-0.0050112734	175.3333333
1.18418718222222	0.0272739209	-0.0050112646	175.6666667
1.18337201111111	0.0272658541	-0.0050112721	176
1.18261088666667	0.0272564324	-0.0050112548	176.3333333
1.18183535111111	0.0272463062	-0.0050112734	176.6666667
1.18102305555556	0.027240034	-0.0050112566	177
1.18022202444444	0.0272303655	-0.0050112557	177.3333333
1.17944308888889	0.0272202842	-0.0050112677	177.6666667
1.17865868888889	0.0272124776	-0.0050112544	178
1.17783107777778	0.0272028136	-0.0050112521	178.3333333
1.1770357	0.0271936924	-0.0050112504	178.6666667
1.17622613333333	0.0271864915	-0.0050112424	179
1.17539904444444	0.0271769979	-0.0050112433	179.3333333
1.17457535333333	0.027166302	-0.0050112495	179.6666667
1.17377973333333	0.0271598324	-0.0050112583	180
1.17292638	0.0271498678	-0.0050112535	180.3333333
1.17208749333333	0.0271384899	-0.0050112379	180.6666667
1.1712706	0.0271312665	-0.0050112459	181
1.17041018666667	0.027121921	-0.0050112517	181.3333333
1.16957887111111	0.0271113058	-0.0050112379	181.6666667
1.16874713555556	0.0271036204	-0.0050112371	182
1.16790016666667	0.0270921886	-0.0050112406	182.3333333
1.16704678444444	0.0270834443	-0.0050112348	182.6666667
1.16623295333333	0.0270756557	-0.0050112464	183
1.16533884666667	0.0270650315	-0.005011234	183.3333333
1.16449879555556	0.0270543491	-0.0050112255	183.6666667
1.16363288222222	0.0270459413	-0.0050112366	184
1.16275126222222	0.0270346845	-0.0050112362	184.3333333
1.16191467555556	0.0270250205	-0.0050112397	184.6666667
1.16102178888889	0.0270179945	-0.0050112224	185
1.16017063111111	0.0270069711	-0.0050112366	185.3333333
1.15929562	0.0269970378	-0.0050112317	185.6666667
1.15839545333333	0.0269887646	-0.0050112371	186
1.15753685777778	0.0269777187	-0.0050112308	186.3333333
1.15661404666667	0.0269664575	-0.0050112264	186.6666667
1.15572756666667	0.0269589201	-0.0050112251	187
1.15484151333333	0.0269482466	-0.005011222	187.3333333
1.15390497777778	0.0269366533	-0.0050112087	187.6666667
1.15303088	0.0269293806	-0.0050112242	188
1.15209428888889	0.0269188596	-0.0050112233	188.3333333
1.15118252888889	0.0269088367	-0.0050112122	188.6666667
1.15029167111111	0.0268996034	-0.0050112096	189
1.14933815333333	0.0268892484	-0.0050112282	189.3333333
1.14841281111111	0.0268765245	-0.0050112162	189.6666667
1.14747464666667	0.0268671252	-0.0050112202	190
1.14654302888889	0.0268569228	-0.0050112198	190.3333333
1.14556683111111	0.0268464287	-0.0050112016	190.6666667
1.14464637555556	0.0268368724	-0.0050112091	191
1.14367847333333	0.0268242966	-0.0050112042	191.3333333
1.14271754444444	0.0268143589	-0.0050112038	191.6666667
1.14177541333333	0.0268063234	-0.0050112078	192
1.14082180444444	0.0267936714	-0.0050112047	192.3333333
1.139833	0.026782621	-0.0050111998	192.6666667
1.13884271555556	0.0267733338	-0.0050112034	193
1.13788530666667	0.0267611618	-0.0050112002	193.3333333
1.13690252666667	0.0267504883	-0.0050111936	193.6666667
1.13590720666667	0.0267412953	-0.0050111847	194
1.13489562	0.0267289394	-0.0050111958	194.3333333
1.13391235777778	0.0267185216	-0.0050111923	194.6666667
1.13290307111111	0.0267085076	-0.0050112016	195
1.13187915555556	0.0266974438	-0.0050112065	195.3333333
1.13084485111111	0.026684361	-0.0050111843	195.6666667
1.12982547111111	0.0266751815	-0.0050111905	196
1.12881684666667	0.0266618878	-0.0050111963	196.3333333
1.12777144444444	0.0266502183	-0.0050111829	196.6666667
1.12671868666667	0.0266405453	-0.0050111887	197
1.12563061555556	0.0266275926	-0.0050111896	197.3333333
1.12458076444444	0.0266160801	-0.0050111794	197.6666667
1.12350309111111	0.0266061469	-0.0050111958	198
1.12246660888889	0.0265912875	-0.0050111829	198.3333333
1.12138893777778	0.0265805018	-0.0050111892	198.6666667
1.12030976666667	0.026569909	-0.0050111807	199
1.11920084888889	0.0265572749	-0.0050111657	199.3333333
1.11807126222222	0.0265443402	-0.0050111816	199.6666667
1.11696264222222	0.0265338192	-0.0050111812	200
1.11582149111111	0.0265187892	-0.0050111767	200.3333333
1.11471441555556	0.0265070479	-0.0050111723	200.6666667
1.11359066444444	0.0264968006	-0.0050111776	201
1.11245297555556	0.0264827039	-0.0050111816	201.3333333
1.11134048222222	0.0264704466	-0.005011159	201.6666667
1.11018723555556	0.0264581804	-0.0050111852	202
1.10903493777778	0.0264427511	-0.0050111683	202.3333333
1.10788251111111	0.0264307451	-0.0050111696	202.6666667
1.10669176222222	0.0264190577	-0.0050111599	203
1.10551114444444	0.0264044943	-0.0050111594	203.3333333
1.10431889777778	0.0263909539	-0.0050111674	203.6666667
1.10309766666667	0.0263794549	-0.0050111679	204
1.10189922666667	0.0263650261	-0.0050111581	204.3333333
1.10068345111111	0.0263508396	-0.0050111572	204.6666667
1.09944692222222	0.0263403142	-0.0050111696	205
1.09822911555556	0.026322691	-0.0050111568	205.3333333
1.09700201111111	0.0263087961	-0.0050111523	205.6666667
1.09574439555556	0.0262956102	-0.0050111537	206
1.09448848222222	0.0262806565	-0.0050111572	206.3333333
1.09322796	0.0262675602	-0.0050111457	206.6666667
1.09192573777778	0.0262524764	-0.0050111532	207
1.09059932666667	0.0262371145	-0.0050111515	207.3333333
1.08928872444444	0.0262225332	-0.0050111501	207.6666667
1.08797565555556	0.0262074808	-0.0050111515	208
1.08663738222222	0.0261908088	-0.0050111497	208.3333333
1.08530182888889	0.0261769722	-0.0050111537	208.6666667
1.08397076	0.0261620724	-0.005011155	209
1.08259912666667	0.0261437852	-0.0050111452	209.3333333
1.08120550222222	0.0261294193	-0.0050111519	209.6666667
1.07983858	0.0261159013	-0.0050111537	210
1.07845702222222	0.0260956086	-0.0050111452	210.3333333
1.07705854888889	0.0260819605	-0.0050111532	210.6666667
1.07564884444444	0.0260660018	-0.0050111444	211
1.07421336888889	0.0260472346	-0.0050111382	211.3333333
1.07275958	0.0260308587	-0.0050111355	211.6666667
1.07133614444444	0.0260142136	-0.0050111399	212
1.06989648	0.0259953027	-0.0050111342	212.3333333
1.06842371555556	0.0259786262	-0.0050111466	212.6666667
1.06695319555556	0.0259609986	-0.0050111293	213
1.06543597333333	0.0259409482	-0.0050111319	213.3333333
1.06391686222222	0.0259241864	-0.0050111306	213.6666667
1.06242953555556	0.0259065542	-0.0050111288	214
1.06091128	0.0258874819	-0.0050111399	214.3333333
1.05940350888889	0.0258700113	-0.005011143	214.6666667
1.05786703333333	0.0258505441	-0.005011135	215
1.05631874222222	0.0258301438	-0.0050111257	215.3333333
1.05472962666667	0.0258110131	-0.005011143	215.6666667
1.05315059333333	0.025791205	-0.0050111306	216
1.05155191555556	0.0257715494	-0.0050111413	216.3333333
1.04992316222222	0.0257511401	-0.0050111337	216.6666667
1.04830965111111	0.0257307218	-0.0050111306	217
1.04666766	0.0257075442	-0.0050111222	217.3333333
1.04502509111111	0.0256885123	-0.0050111306	217.6666667
1.04338312	0.0256663038	-0.0050111217	218
1.04173567333333	0.025643409	-0.0050111186	218.3333333
1.04007298444444	0.0256236143	-0.005011128	218.6666667
1.03842003555556	0.0256019442	-0.0050111071	219
1.03674781380667	0.0255774566	-0.00501112	219.3333333
1.03505597428	0.0255562128	-0.0050111018	219.6666667
1.03333436972	0.0255336454	-0.0050111133	220
1.03159333389778	0.0255075831	-0.0050111209	220.3333333
1.02985066691333	0.0254856079	-0.0050111248	220.6666667
1.02811060690444	0.0254617215	-0.0050111306	221
1.02635339852222	0.0254360405	-0.0050111222	221.3333333
1.02460036117333	0.0254129482	-0.0050111262	221.6666667
1.02284570327111	0.0253876037	-0.0050111173	222
1.02108577473556	0.0253618643	-0.0050111102	222.3333333
1.01931895769333	0.0253373812	-0.0050111169	222.6666667
1.01752752281778	0.025312095	-0.0050111111	223
1.01569515055111	0.0252850186	-0.0050111062	223.3333333
1.01385267515333	0.0252587992	-0.0050111111	223.6666667
1.01201674649778	0.0252322657	-0.0050111164	224
1.01017010032222	0.0252060732	-0.0050111053	224.3333333
1.00830586606889	0.0251789655	-0.0050111217	224.6666667
1.00641697806667	0.0251511623	-0.0050111049	225
1.00452953448	0.0251243417	-0.0050111115	225.3333333
1.00263257388667	0.0250966058	-0.0050111071	225.6666667
1.00070724532	0.02506887	-0.005011112	226
0.998772838851111	0.0250409816	-0.0050111018	226.3333333
0.996839586475556	0.0250146006	-0.0050111053	226.6666667
0.994878951186667	0.0249843657	-0.0050111084	227
0.992901184608889	0.02495475	-0.0050111164	227.3333333
0.990928865626667	0.0249288491	-0.0050111053	227.6666667
0.988934285697778	0.0248989059	-0.0050110965	228
0.986936465593333	0.0248687697	-0.0050111044	228.3333333
0.984926577862222	0.0248416665	-0.0050111036	228.6666667
0.982874701204445	0.0248123199	-0.0050111005	229
0.980827283591111	0.0247790701	-0.0050111044	229.3333333
0.978762892524445	0.0247537749	-0.0050110965	229.6666667
0.976692579826667	0.0247206327	-0.0050110973	230
0.97458862052	0.0246905414	-0.0050111027	230.3333333
0.972494491408889	0.0246619396	-0.0050110987	230.6666667
0.970376584597778	0.0246312561	-0.005011092	231
0.968235568006667	0.0245994599	-0.0050111062	231.3333333
0.966102661846667	0.024568902	-0.0050110956	231.6666667
0.963921666773333	0.0245394523	-0.0050111031	232
0.961752636095556	0.0245073689	-0.0050110947	232.3333333
0.959560831577778	0.0244772372	-0.0050110991	232.6666667
0.957337463326667	0.0244449834	-0.0050111044	233
0.955101917024444	0.0244141563	-0.0050110991	233.3333333
0.952860701211111	0.0243844374	-0.0050110894	233.6666667
0.950580818302222	0.0243519233	-0.0050110934	234
0.94826932692	0.0243193061	-0.0050110991	234.3333333
0.945956960351111	0.0242888065	-0.005011088	234.6666667
0.943641409586667	0.0242554714	-0.0050110814	235
0.941297005564445	0.0242251378	-0.005011084	235.3333333
0.938930395986667	0.0241947908	-0.0050110801	235.6666667
0.936536916286667	0.024160361	-0.0050110916	236
0.93414915324	0.0241284257	-0.0050110854	236.3333333
0.931718962215556	0.0240967775	-0.0050110916	236.6666667
0.929263576964445	0.0240632451	-0.0050110911	237
0.92679933742	0.0240302599	-0.0050110982	237.3333333
0.924303609744445	0.0239995495	-0.0050110845	237.6666667
0.921785425128889	0.0239633071	-0.0050110792	238
0.919270368844445	0.0239302053	-0.0050110863	238.3333333
0.916712605268889	0.0238997281	-0.0050110885	238.6666667
0.91414353874	0.0238649888	-0.0050110778	239
0.911569667988889	0.0238308057	-0.0050111	239.3333333
0.908947550195556	0.0237981616	-0.0050110867	239.6666667
0.906306392417778	0.0237635972	-0.0050110836	240
0.903654508935556	0.0237286963	-0.0050110916	240.3333333
0.900964443071112	0.0236953477	-0.0050111013	240.6666667
0.89826247838	0.0236618332	-0.0050110889	241
0.895531697671112	0.0236247249	-0.0050110778	241.3333333
0.892767194311112	0.0235916635	-0.0050110978	241.6666667
0.889985429271111	0.023554636	-0.0050110916	242
0.887188720871112	0.0235208432	-0.0050110858	242.3333333
0.884346055813334	0.0234848117	-0.0050110867	242.6666667
0.881459342751111	0.0234493052	-0.0050110827	243
0.878571763811111	0.0234123629	-0.0050110871	243.3333333
0.875633247093334	0.0233777357	-0.0050110894	243.6666667
0.872677748013334	0.0233394115	-0.0050110827	244
0.869717537817778	0.0233028192	-0.005011084	244.3333333
0.866686176735556	0.0232671691	-0.0050110827	244.6666667
0.863639211244445	0.02322666	-0.0050110938	245
0.860581659708889	0.0231890313	-0.0050110907	245.3333333
0.857465396122223	0.023152403	-0.005011088	245.6666667
0.854309683924445	0.0231109518	-0.005011084	246
0.8511468585	0.0230724661	-0.0050110934	246.3333333
0.847921969242223	0.0230339895	-0.0050110889	246.6666667
0.844684278037778	0.0229923812	-0.0050110796	247
0.841422072271112	0.0229500191	-0.0050110969	247.3333333
0.83810605178	0.0229105375	-0.0050110898	247.6666667
0.834768421604445	0.0228658245	-0.0050110814	248
0.83140706826	0.0228217845	-0.0050110765	248.3333333
0.827981975191112	0.0227792923	-0.0050110823	248.6666667
0.824529108882223	0.022734853	-0.0050110836	249
0.821072713893334	0.0226865284	-0.0050110801	249.3333333
0.817554366795556	0.0226436504	-0.0050110801	249.6666667
0.814004410533334	0.0225911532	-0.0050110809	250
0.810449761773334	0.0225434971	-0.0050110849	250.3333333
0.806831000868889	0.0224948	-0.0050110898	250.6666667
0.803177306948889	0.0224401628	-0.0050110814	251
0.799488288966667	0.0223878451	-0.0050110765	251.3333333
0.795757289915556	0.0223349172	-0.0050110845	251.6666667
0.792001012840001	0.022276758	-0.0050110712	252
0.788224438862223	0.0222195366	-0.005011084	252.3333333
0.784394078091112	0.0221634681	-0.0050110889	252.6666667
0.780538914131112	0.0221029759	-0.0050110832	253
0.776654692082223	0.0220433765	-0.005011084	253.3333333
0.772732948693334	0.0219842842	-0.0050110814	253.6666667
0.768770909435556	0.0219192785	-0.0050110809	254
0.764786711173334	0.0218606527	-0.0050110734	254.3333333
0.760769618893334	0.0217998644	-0.0050110783	254.6666667
0.756711551075556	0.0217348094	-0.0050110761	255
0.752631687366667	0.0216729623	-0.0050110787	255.3333333
0.748512654357778	0.0216122098	-0.0050110676	255.6666667
0.744360038353334	0.0215462396	-0.0050110858	256
0.740187153377778	0.0214841681	-0.0050110854	256.3333333
0.735975397040001	0.0214240393	-0.0050110854	256.6666667
0.731732115328889	0.0213588677	-0.0050110867	257
0.727468117740001	0.0212960918	-0.0050110894	257.3333333
0.723165621211112	0.0212357567	-0.0050110805	257.6666667
0.718839848417778	0.0211714868	-0.0050110809	258
0.714486609631112	0.0211089308	-0.005011084	258.3333333
0.710095626053334	0.0210489815	-0.0050110814	258.6666667
0.705687231828889	0.0209854653	-0.005011084	259
0.701249025366667	0.0209241521	-0.0050110858	259.3333333
0.696781015973334	0.0208633279	-0.0050110867	259.6666667
0.692294972131112	0.0207994977	-0.0050110854	260
0.687782328171112	0.0207356451	-0.0050110871	260.3333333
0.683237125373334	0.020674305	-0.0050110876	260.6666667
0.678671513944445	0.020609075	-0.0050110934	261
0.674087970482223	0.0205450429	-0.0050110805	261.3333333
0.669475452724445	0.020481262	-0.005011096	261.6666667
0.664838038675556	0.0204134613	-0.0050110845	262
0.660179908751112	0.0203474102	-0.005011088	262.3333333
0.655497813584445	0.0202762356	-0.0050110849	262.6666667
0.650791492480001	0.0202038046	-0.0050110867	263
0.646067146235556	0.0201353309	-0.0050110996	263.3333333
0.641316516433334	0.0200618546	-0.005011084	263.6666667
0.636548643573334	0.0199852153	-0.0050110925	264
0.631763173857778	0.0199106533	-0.0050110987	264.3333333
0.62694929778889	0.019838191	-0.0050110942	264.6666667
0.622117722446667	0.0197575138	-0.0050110858	265
0.617268866808889	0.0196825255	-0.0050110947	265.3333333
0.612395273155556	0.0196061599	-0.005011096	265.6666667
0.607500619135556	0.0195299917	-0.0050110938	266
0.602589466900001	0.0194553803	-0.0050110907	266.3333333
0.597656043933334	0.0193814554	-0.0050110978	266.6666667
0.592704688933334	0.0193066915	-0.0050110987	267
0.587734070495556	0.0192320801	-0.0050110885	267.3333333
0.582739998893334	0.0191572534	-0.0050110871	267.6666667
0.577732203606667	0.019081323	-0.0050110942	268
0.572707183884445	0.0190086049	-0.0050110929	268.3333333
0.567654958862223	0.0189349492	-0.0050110845	268.6666667
0.562586207691112	0.0188575158	-0.0050111009	269
0.557505855631112	0.0187810739	-0.005011096	269.3333333
0.552431304017778	0.0187037706	-0.005011096	269.6666667
0.547306680502223	0.0186242958	-0.0050110982	270
0.542170577131112	0.0185430937	-0.0050111182	270.3333333
0.537048951597778	0.0184611109	-0.0050110925	270.6666667
0.531870950951112	0.0183754491	-0.0050110938	271
0.526676722093334	0.0182961314	-0.005011096	271.3333333
0.521497622806667	0.0182120309	-0.0050111049	271.6666667
0.516265965715556	0.0181257186	-0.0050111009	272
0.511019625955556	0.018046024	-0.0050111009	272.3333333
0.505787419542223	0.0179624978	-0.0050111075	272.6666667
0.500506314351112	0.0178762214	-0.0050111009	273
0.495208012657778	0.0177943912	-0.005011116	273.3333333
0.489928676464445	0.0177132967	-0.0050111089	273.6666667
0.484592834811112	0.0176265672	-0.0050110938	274
0.47924269222	0.0175432026	-0.0050111102	274.3333333
0.47391483898	0.0174578235	-0.0050111138	274.6666667
0.468528860251112	0.0173700665	-0.0050111173	275
0.463130535791112	0.0172827716	-0.0050111058	275.3333333
0.457755813464445	0.0171938392	-0.0050111107	275.6666667
0.452327173997778	0.0171013982	-0.0050111133	276
0.446880779395556	0.0170143187	-0.0050111058	276.3333333
0.44145507274	0.016926158	-0.0050111155	276.6666667
0.435983185973334	0.0168340715	-0.0050111164	277
0.43049575066	0.0167470279	-0.0050111107	277.3333333
0.425024850806667	0.0166585082	-0.0050111271	277.6666667
0.419506327715556	0.0165635368	-0.005011108	278
0.413978549982223	0.016473716	-0.0050111217	278.3333333
0.408470147411111	0.0163799291	-0.0050111195	278.6666667
0.402910099464445	0.016287228	-0.0050111169	279
0.397335173328889	0.0161939526	-0.0050111319	279.3333333
0.391787834222223	0.0160989722	-0.0050111191	279.6666667
0.386187639373334	0.0160018429	-0.0050111182	280
0.380575806391112	0.0159124932	-0.0050111133	280.3333333
0.374991299744445	0.0158146414	-0.0050111222	280.6666667
0.369356069462223	0.0157162603	-0.0050111319	281
0.363710700037778	0.0156217421	-0.0050111204	281.3333333
0.35808752686	0.0155261247	-0.0050111191	281.6666667
0.352418397024445	0.0154264111	-0.0050111186	282
0.346738513555556	0.0153289183	-0.0050111373	282.3333333
0.341086887471112	0.015233072	-0.0050111271	282.6666667
0.335384221193334	0.0151289705	-0.0050111324	283
0.329672979937778	0.0150324065	-0.0050111408	283.3333333
0.323993655097778	0.0149308309	-0.0050111209	283.6666667
0.318267600828889	0.0148307045	-0.0050111271	284
0.312529442902223	0.0147307172	-0.0050111404	284.3333333
0.306783994848889	0.0146286571	-0.0050111319	284.6666667
0.301032848766667	0.0145239365	-0.0050111377	285
0.295268221071112	0.0144241241	-0.0050111328	285.3333333
0.289498305008889	0.0143196503	-0.0050111302	285.6666667
0.283725167511112	0.0142121883	-0.0050111355	286
0.277942840544445	0.0141080644	-0.0050111413	286.3333333
0.272151016862223	0.0140016165	-0.0050111302	286.6666667
0.266349333353334	0.0138944507	-0.0050111408	287
0.260547687086667	0.01378807	-0.0050111213	287.3333333
0.254738583104445	0.0136773015	-0.0050111368	287.6666667
0.248921676920001	0.0135699024	-0.0050111355	288
0.243100534453334	0.0134601254	-0.0050111426	288.3333333
0.237275369848889	0.0133463689	-0.005011143	288.6666667
0.231444637560001	0.0132323387	-0.0050111359	289
0.225608318968889	0.0131236026	-0.0050111461	289.3333333
0.219764365762223	0.013007015	-0.0050111337	289.6666667
0.213920663940001	0.0128888258	-0.005011155	290
0.208072958602223	0.0127744546	-0.0050111377	290.3333333
0.202217367262223	0.0126560185	-0.0050111608	290.6666667
0.196360910046667	0.012533594	-0.0050111492	291
0.190502600040001	0.0124129865	-0.0050111413	291.3333333
0.184641040666667	0.0122895793	-0.0050111399	291.6666667
0.178774909835556	0.0121647006	-0.005011143	292
0.172916050511112	0.0120401315	-0.0050111492	292.3333333
0.167067442051112	0.0119105912	-0.0050111479	292.6666667
0.161208862040001	0.0117819393	-0.0050111528	293
0.155329981660466	0.0116475177	-0.0050111519	293.3333333
0.149477510760976	0.0115127282	-0.0050111608	293.6666667
0.143605976866667	0.0113717473	-0.0050111577	294
0.13771216411892	0.0112342434	-0.0050111457	294.3333333
0.131849676500001	0.0110901039	-0.0050111661	294.6666667
0.12596917169697	0.010941451	-0.0050111621	295
0.120062567332259	0.0107934575	-0.0050111586	295.3333333
0.114195732206897	0.010634988	-0.0050111532	295.6666667
0.108304199214816	0.0104789636	-0.0050111523	296
0.102391995656001	0.0103194532	-0.0050111577	296.3333333
0.0965224225304359	0.010146869	-0.0050111581	296.6666667
0.0906284142523821	0.0099725216	-0.0050111586	297
0.0847091123789487	0.0098052045	-0.0050111568	297.3333333
0.078858164158825	0.0096156567	-0.0050111679	297.6666667
0.072980263753335	0.009425023	-0.0050111617	298
0.067058234076925	0.0092409039	-0.0050111683	298.3333333
0.0612466012818204	0.0090365324	-0.0050111497	298.6666667
0.055405054422225	0.0088353733	-0.0050111421	299
0.0495033441571464	0.0086347392	-0.0050111688	299.3333333
0.043819116680005	0.0084335442	-0.0050111617	299.6666667
0.0381943514000083	0.0082420492	-0.005011167	300
0.0316643815000249	0.0080384718	-0.0050111714	300.3333333
