Calibrated Field (T)	Sample Voltage (V)	Sample Current (A)	Acquisition Time (s)	
Teslas	Volts	Amps	Seconds	
	86K			
0.0304137478	0.0081220518	0.0100324437	0
0.0249775761	0.0084177336	0.010032532	0.3333333333
0.0260669053	0.0100223402	0.0100326003	0.6666666667
0.0333524228	0.0127477147	0.0100327262	1
0.041903238	0.0152838778	0.0100328345	1.3333333
0.048903435	0.0177647979	0.0100329538	1.6666667
0.0555081217	0.0202202658	0.0100330341	2
0.0647850168	0.0227266292	0.010033133	2.3333333
0.0717956881	0.0250903965	0.0100332075	2.6666667
0.0786609759	0.0275915868	0.0100332886	3
0.0860772128	0.0300803181	0.0100333445	3.3333333
0.0955556338	0.0324441661	0.0100334035	3.6666667
0.102674819	0.03490264	0.0100334767	4
0.1100202496	0.0373888991	0.0100335139	4.3333333
0.1200073035	0.0398196865	0.0100335658	4.6666667
0.1271524651	0.0422752352	0.0100336146	5
0.1345896507	0.0447718089	0.0100336625	5.3333333
0.1445473765	0.0471920305	0.0100337047	5.6666667
0.1520042538	0.0497231372	0.0100337464	6
0.1597229891	0.0522437319	0.0100337987	6.3333333
0.1697607387	0.0546513104	0.0100338133	6.6666667
0.1772557425	0.0571482968	0.0100338723	7
0.1849857901	0.0596906065	0.0100338927	7.3333333
0.195402291	0.0621434273	0.0100339402	7.6666667
0.2028595873	0.0646110628	0.0100339686	8
0.2105406151	0.0671034281	0.0100339969	8.3333333
0.2208205309	0.0695254129	0.0100340324	8.6666667
0.228697638	0.072082241	0.0100340528	9
0.2364725156	0.0745445509	0.0100340794	9.3333333
0.2467008978	0.0769299434	0.0100341038	9.6666667
0.2543865343	0.0793691161	0.0100341304	10
0.2621325028	0.0818515886	0.0100341433	10.3333333
0.2726818181	0.0842521008	0.0100341823	10.6666667
0.28022249	0.0866438192	0.0100342014	11
0.2879680396	0.0890365023	0.0100342307	11.3333333
0.2981813387	0.0913781464	0.0100342631	11.6666667
0.3059457421	0.0938054298	0.0100342835	12
0.3137792759	0.0961408286	0.0100342999	12.3333333
0.3239255394	0.0984250762	0.0100343212	12.6666667
0.3314879979	0.1007427666	0.0100343469	13
0.3390370492	0.1030864251	0.0100343699	13.3333333
0.3494464277	0.1053534219	0.010034389	13.6666667
0.356857637	0.1076296431	0.0100344134	14
0.3644707911	0.1098835796	0.0100344241	14.3333333
0.3744540742	0.1120693294	0.0100344445	14.6666667
0.3819700267	0.1143806174	0.0100344764	15
0.3895613943	0.1165681036	0.0100344866	15.3333333
0.3995145114	0.118711599	0.0100345114	15.6666667
0.4068268431	0.1211897907	0.010034515	16
0.4141576096	0.1230642914	0.0100345309	16.3333333
0.4241735726	0.1251844246	0.0100345584	16.6666667
0.4313426157	0.1273015849	0.0100345704	17
0.4386620699	0.1294451455	0.0100345882	17.3333333
0.4483466255	0.1314811531	0.0100346183	17.6666667
0.4556183168	0.1336031055	0.0100346307	18
0.4628958738	0.1356206995	0.0100346436	18.3333333
0.4723449666	0.1376096749	0.0100346689	18.6666667
0.4794189029	0.1396575737	0.0100346782	19
0.4866155981	0.1417072472	0.010034703	19.3333333
0.4961639875	0.1436425792	0.0100347217	19.6666667
0.5029534412	0.145633995	0.0100347296	20
0.5099833853	0.1475699925	0.0100347514	20.3333333
0.5192866756	0.1494651253	0.0100347634	20.6666667
0.5263048884	0.1514442061	0.0100347838	21
0.5331693383	0.1533173314	0.0100347917	21.3333333
0.5421617508	0.1551288266	0.0100348121	21.6666667
0.5488808171	0.1570309698	0.0100348286	22
0.5556627293	0.1589406116	0.0100348459	22.3333333
0.5648265016	0.1607396832	0.0100348631	22.6666667
0.5714223899	0.1626065079	0.0100348658	23
0.578145227	0.1644168495	0.0100348924	23.3333333
0.5869382084	0.1661803808	0.0100349079	23.6666667
0.5936153775	0.1680527073	0.0100349159	24
0.6002405938	0.1697952959	0.010034939	24.3333333
0.6089439151	0.1714957774	0.010034947	24.6666667
0.6153081115	0.1732350826	0.0100349709	25
0.6218763476	0.1749942656	0.0100349847	25.3333333
0.6305365147	0.1766376871	0.0100349909	25.6666667
0.6368500153	0.1783525445	0.010035025	26
0.6432234291	0.1800045295	0.0100350312	26.3333333
0.6515672718	0.1816282951	0.0100350472	26.6666667
0.6578732309	0.1833775836	0.0100350676	27
0.6642156407	0.1850133735	0.0100350601	27.3333333
0.6723751353	0.1866173057	0.0100350783	27.6666667
0.678472865	0.1882824243	0.0100350889	28
0.6846367923	0.1899569049	0.0100351173	28.3333333
0.6929182081	0.1915085248	0.0100351333	28.6666667
0.6988525384	0.1931386354	0.0100351399	29
0.7048032086	0.1946899448	0.010035147	29.3333333
0.7128081023	0.1962516811	0.0100351634	29.6666667
0.7187604484	0.197805564	0.0100351776	30
0.7245716007	0.1993077114	0.0100351927	30.3333333
0.7322832135	0.2007472527	0.010035222	30.6666667
0.7379644842	0.202246516	0.0100352153	31
0.7437559448	0.2037013649	0.010035226	31.3333333
0.751276506	0.2050639242	0.010035237	31.6666667
0.7566540215	0.2064844308	0.0100352597	32
0.7622757981	0.2078217879	0.0100352654	32.3333333
0.7695286356	0.2091885179	0.010035269	32.6666667
0.7750754161	0.2105465071	0.0100352956	33
0.7803264018	0.2118421564	0.0100353257	33.3333333
0.7872704565	0.2131029752	0.0100353155	33.6666667
0.7924154421	0.2144227617	0.0100353355	34
0.797570064	0.2157232917	0.0100353546	34.3333333
0.8044395415	0.2169411159	0.0100353679	34.6666667
0.8093633095	0.2182244303	0.0100353719	35
0.8142313541	0.2194398142	0.0100353976	35.3333333
0.8190059678	0.2206753865	0.01003541	35.6666667
0.8256114924	0.2219222731	0.0100354247	36
0.8302386277	0.2231011404	0.0100354459	36.3333333
0.8348523558	0.2242465971	0.010035453	36.6666667
0.8407338955	0.2254366014	0.0100354601	37
0.8453522324	0.2266098781	0.0100354832	37.3333333
0.8499249011	0.2276842097	0.0100354969	37.6666667
0.8556786542	0.2288438648	0.0100355098	38
0.8597221604	0.2299025781	0.0100355173	38.3333333
0.8641632717	0.2309848519	0.01003554	38.6666667
0.8697213644	0.2320738699	0.0100355502	39
0.8735989574	0.2330833325	0.0100355621	39.3333333
0.877667183	0.2340643982	0.0100355852	39.6666667
0.8827111961	0.2351366	0.0100355857	40
0.8871451849	0.2361089249	0.010035599	40.3333333
0.8904533939	0.2370381665	0.0100356313	40.6666667
0.895574917	0.2380332088	0.0100356287	41
0.8995647947	0.2389406203	0.0100356442	41.3333333
0.9033435101	0.2398465676	0.010035661	41.6666667
0.9080406138	0.2407784713	0.0100356797	42
0.9119877563	0.2416362771	0.0100356987	42.3333333
0.9151166449	0.2424852533	0.0100357187	42.6666667
0.9204338283	0.2433976786	0.0100357316	43
0.9242305595	0.2442248691	0.0100357276	43.3333333
0.9273510687	0.2450174066	0.0100357511	43.6666667
0.9317783539	0.2458725058	0.0100357764	44
0.9354263498	0.2466501793	0.0100357848	44.3333333
0.9387915391	0.2474447135	0.0100358074	44.6666667
0.9427290452	0.2482534904	0.0100358238	45
0.9460188193	0.2489888793	0.0100358189	45.3333333
0.9493098504	0.249720408	0.0100358553	45.6666667
0.9531157991	0.2505182255	0.0100358518	46
0.9565526327	0.2512248183	0.0100358753	46.3333333
0.9598021855	0.2519149054	0.010035885	46.6666667
0.9637204188	0.2526552637	0.0100359094	47
0.96711745	0.2533285345	0.0100359254	47.3333333
0.9699568284	0.254019021	0.0100359396	47.6666667
0.9740087141	0.254724327	0.0100359524	48
0.9762933726	0.2553700884	0.0100359626	48.3333333
0.9793698896	0.2560026719	0.0100359782	48.6666667
0.9836304237	0.2567048277	0.0100359955	49
0.9861476121	0.2573192195	0.0100360159	49.3333333
0.9886057253	0.2579322358	0.0100360336	49.6666667
0.9930405521	0.2585910421	0.0100360527	50
0.9948836133	0.2591953175	0.0100360616	50.3333333
0.9976383592	0.2593187106	0.0100360731	50.6666667
0.9977120984	0.2590055025	0.0100360939	51
0.994548854	0.2584412045	0.0100361112	51.3333333
0.9925901564	0.2578770395	0.0100361396	51.6666667
0.9886740179	0.2572566134	0.0100361609	52
0.9869675418	0.2566832195	0.0100361662	52.3333333
0.9837904713	0.2560957159	0.010036223	52.6666667
0.9801110525	0.255452173	0.0100362363	53
0.9781066867	0.2548585463	0.0100362567	53.3333333
0.9755496959	0.254250455	0.0100362753	53.6666667
0.9717098105	0.2535542449	0.0100363104	54
0.9684640285	0.2529431808	0.0100363361	54.3333333
0.9661651249	0.2523092218	0.0100363667	54.6666667
0.9622850181	0.2516105713	0.0100364048	55
0.9596886438	0.2509432017	0.0100364363	55.3333333
0.9570348703	0.2502582171	0.0100364594	55.6666667
0.9532892538	0.2495146642	0.0100364825	56
0.9502504443	0.2488502673	0.0100365055	56.3333333
0.947378805	0.2481395482	0.0100365472	56.6666667
0.9427453851	0.2473532669	0.010036572	57
0.9393948599	0.2466410391	0.010036608	57.3333333
0.9364607936	0.2458962438	0.0100366474	57.6666667
0.9329355567	0.245093723	0.0100366745	58
0.9297207787	0.244338412	0.0100367051	58.3333333
0.9261071385	0.2435481818	0.0100367277	58.6666667
0.9220762015	0.2427023115	0.0100367663	59
0.9189418663	0.2419249042	0.0100367707	59.3333333
0.9151706924	0.2411029494	0.0100368191	59.6666667
0.9111954788	0.240200951	0.0100368559	60
0.9070732057	0.2393855186	0.0100368741	60.3333333
0.9042417877	0.2385106747	0.010036906	60.6666667
0.8995396563	0.2375865357	0.0100369397	61
0.8956038262	0.2367094289	0.0100369694	61.3333333
0.8921033087	0.2357746855	0.0100369996	61.6666667
0.8874099757	0.2348103028	0.0100370355	62
0.8833505486	0.233888338	0.0100370684	62.3333333
0.8800142684	0.2329224024	0.0100370994	62.6666667
0.8748785002	0.2318744266	0.0100371424	63
0.8706527409	0.2309182081	0.0100371735	63.3333333
0.8667420491	0.2299013357	0.0100371921	63.6666667
0.8613821305	0.2288276697	0.0100372223	64
0.8576260396	0.2277668267	0.0100372529	64.3333333
0.8531438689	0.2267205813	0.0100372839	64.6666667
0.8477701242	0.2255907872	0.0100373074	65
0.8432242697	0.2245283468	0.0100373531	65.3333333
0.8392172141	0.2233999282	0.0100373731	65.6666667
0.8329766147	0.2221801073	0.0100373988	66
0.8286603573	0.2210791981	0.0100374356	66.3333333
0.8240809849	0.2199074743	0.0100374919	66.6666667
0.8180926071	0.2186833052	0.0100375216	67
0.8130527837	0.2174761298	0.0100375487	67.3333333
0.8083762097	0.2162662034	0.0100375828	67.6666667
0.8019500054	0.2150161665	0.0100376214	68
0.7969055732	0.2138075712	0.0100376613	68.3333333
0.7919981452	0.2125460869	0.0100376782	68.6666667
0.7868188038	0.2111878759	0.0100377288	69
0.7797792234	0.2099545221	0.0100377594	69.3333333
0.7746371706	0.2086392613	0.0100378068	69.6666667
0.769369845	0.2072842006	0.0100378232	70
0.7621266438	0.2059420515	0.0100378631	70.3333333
0.7566837685	0.204568311	0.0100379031	70.6666667
0.7511139445	0.2031264181	0.0100379359	71
0.7436637708	0.2017544524	0.0100379696	71.3333333
0.738122437	0.2002803468	0.0100380033	71.6666667
0.7323938223	0.1987402631	0.0100380583	72
0.7245070789	0.1972884313	0.0100380809	72.3333333
0.7187839109	0.1957466614	0.0100381124	72.6666667
0.7127896675	0.1941832834	0.0100381488	73
0.7049619993	0.1926156458	0.0100381807	73.3333333
0.6989007202	0.1910242259	0.0100382251	73.6666667
0.6928608088	0.1893866168	0.0100382601	74
0.6847825949	0.1878103715	0.0100382982	74.3333333
0.6787100036	0.1861150814	0.0100383337	74.6666667
0.6723240206	0.1844346108	0.0100383719	75
0.6641460912	0.1828281051	0.0100384029	75.3333333
0.6579394286	0.1811536689	0.0100384495	75.6666667
0.651671596	0.1794558053	0.0100384863	76
0.6431258084	0.1777822121	0.0100385213	76.3333333
0.636578521	0.176077693	0.0100385546	76.6666667
0.6302067831	0.1743703786	0.0100385941	77
0.6216991221	0.1726985602	0.0100386265	77.3333333
0.6152000165	0.1708969594	0.0100386783	77.6666667
0.6083912901	0.1691244211	0.010038701	78
0.5997273522	0.1673966964	0.01003874	78.3333333
0.5931968237	0.1655722895	0.0100387781	78.6666667
0.5864752435	0.1637400735	0.0100388096	79
0.5774107677	0.1618817678	0.0100388571	79.3333333
0.5705781598	0.1600184928	0.0100389125	79.6666667
0.5638322793	0.1581521118	0.0100389436	80
0.5548063489	0.1563191858	0.0100389702	80.3333333
0.5480487371	0.1543652184	0.0100390172	80.6666667
0.5408993858	0.1524381392	0.0100390571	81
0.5317758348	0.1505671881	0.0100390926	81.3333333
0.524788626	0.1486066983	0.0100391334	81.6666667
0.517757844	0.1466524647	0.0100391644	82
0.508295344	0.1446690799	0.0100392084	82.3333333
0.5011472496	0.1426445641	0.0100392381	82.6666667
0.4939727599	0.1406201371	0.0100392922	83
0.4844595642	0.1386463807	0.0100393175	83.3333333
0.4774459601	0.136540934	0.0100393569	83.6666667
0.4699924346	0.134442409	0.0100394066	84
0.4603468435	0.1324268116	0.0100394306	84.3333333
0.4530081165	0.130301709	0.0100394767	84.6666667
0.4456995555	0.1281538445	0.0100395184	85
0.4356073395	0.1260574936	0.0100395587	85.3333333
0.4284412292	0.1238998678	0.0100395973	85.6666667
0.4209261147	0.1217057698	0.010039663	86
0.4109554008	0.1195883431	0.0100396763	86.3333333
0.4035542468	0.1173114063	0.0100397393	86.6666667
0.3957332822	0.115075911	0.0100397592	87
0.3857395247	0.1129028	0.0100398062	87.3333333
0.3782089082	0.110618054	0.0100398568	87.6666667
0.3706032955	0.1083242122	0.0100398878	88
0.3601578855	0.1060399986	0.0100399269	88.3333333
0.3525547866	0.1037341768	0.0100399686	88.6666667
0.3449466601	0.1014051495	0.0100400165	89
0.334686017	0.0989744277	0.0100400342	89.3333333
0.3271160171	0.0967118412	0.0100400719	89.6666667
0.3190214632	0.0943358391	0.0100401287	90
0.308777998	0.0920361129	0.010040177	90.3333333
0.3011053497	0.0896231864	0.0100402085	90.6666667
0.2933170649	0.0872061593	0.0100402484	91
0.2826449905	0.084776166	0.0100402764	91.3333333
0.2749555833	0.0823236413	0.0100403305	91.6666667
0.2671002629	0.079879632	0.0100403793	92
0.2567332007	0.0774677958	0.0100404178	92.3333333
0.2489650266	0.0749137673	0.0100404533	92.6666667
0.2407577691	0.0723825529	0.0100404919	93
0.2302151573	0.069944273	0.0100405394	93.3333333
0.2224884615	0.067391909	0.0100405655	93.6666667
0.2145191805	0.0648708566	0.010040625	94
0.2038073037	0.0623073256	0.0100406396	94.3333333
0.1959754458	0.0597470024	0.0100406986	94.6666667
0.1880870265	0.0571914844	0.0100407385	95
0.1775691341	0.0546799794	0.0100407771	95.3333333
0.1695977583	0.0519800886	0.0100408246	95.6666667
0.1616674417	0.0494315516	0.0100408578	96
0.1510879603	0.0468515325	0.010040896	96.3333333
0.1432142051	0.0442156872	0.0100409266	96.6666667
0.1352646158	0.0415989771	0.0100409674	97
0.1245120987	0.0389530146	0.010041021	97.3333333
0.1167384779	0.0362537429	0.0100410481	97.6666667
0.1086933628	0.033655984	0.0100411004	98
0.0981750515	0.0310196811	0.0100411124	98.3333333
0.0901944582	0.0281853193	0.0100411705	98.6666667
0.0821258807	0.0255301818	0.0100412016	99
0.0716394112	0.0228380482	0.0100412432	99.3333333
0.0637723596	0.0199849012	0.0100412876	99.6666667
0.0558202564	0.0171759289	0.0100413266	100
0.0455730205	0.0143852751	0.0100413634	100.3333333
0.0375429884	0.0112096436	0.0100414069	100.6666667
0.0300923957	0.0088242243	0.010041434	101
